188 3 0
201 6 0
250 6 0
185 7 0
188 8 0
187 10 0
184 11 0
191 11 0
183 12 0
191 12 0
183 13 0
191 13 0
183 14 0
191 14 0
183 16 0
191 16 0
183 17 0
191 17 0
183 18 0
191 18 0
97 19 0
183 19 0
191 19 0
183 20 0
183 21 0
184 21 0
191 21 0
183 22 0
191 22 0
183 23 0
191 23 0
95 24 0
183 24 0
191 24 0
95 25 0
96 25 0
97 25 0
183 25 0
191 25 0
183 26 0
191 26 0
183 27 0
191 27 0
183 28 0
184 28 0
191 28 0
95 29 0
183 29 0
184 29 0
191 29 0
95 30 0
183 30 0
184 30 0
191 30 0
95 31 0
183 31 0
184 31 0
191 31 0
266 31 0
183 32 0
184 32 0
191 32 0
236 32 0
246 32 0
95 33 0
183 33 0
184 33 0
191 33 0
196 33 0
227 33 0
235 33 0
236 33 0
246 33 0
292 33 0
184 34 0
191 34 0
178 35 0
183 35 0
184 35 0
190 35 0
191 35 0
221 35 0
222 35 0
75 36 0
82 36 0
83 36 0
88 36 0
94 36 0
95 36 0
183 36 0
184 36 0
188 36 0
189 36 0
191 36 0
220 36 0
221 36 0
232 36 0
234 36 0
237 36 0
239 36 0
240 36 0
243 36 0
244 36 0
245 36 0
246 36 0
247 36 0
248 36 0
250 36 0
251 36 0
252 36 0
253 36 0
254 36 0
257 36 0
260 36 0
261 36 0
262 36 0
263 36 0
271 36 0
272 36 0
275 36 0
277 36 0
278 36 0
55 37 0
61 37 0
68 37 0
150 37 0
168 37 0
178 37 0
219 37 0
220 37 0
264 37 0
50 38 0
168 38 0
218 38 0
219 38 0
220 38 0
46 39 0
122 39 0
159 39 0
162 39 0
194 39 0
218 39 0
219 39 0
46 40 0
132 40 0
160 40 0
218 40 0
114 41 0
158 41 0
218 41 0
123 42 0
157 42 0
161 42 0
218 42 0
224 42 0
99 43 0
160 43 0
182 43 0
217 43 0
224 43 0
234 43 0
235 43 0
29 44 0
96 44 0
97 44 0
152 44 0
160 44 0
178 44 0
179 44 0
224 44 0
250 44 0
256 44 0
25 45 0
95 45 0
158 45 0
159 45 0
176 45 0
224 45 0
268 45 0
274 45 0
279 45 0
281 45 0
283 45 0
284 45 0
285 45 0
23 46 0
92 46 0
224 46 0
284 46 0
309 46 0
313 46 0
180 47 0
224 47 0
87 48 0
224 48 0
10 49 0
86 49 0
223 49 0
224 49 0
326 49 0
151 50 0
223 50 0
224 50 0
4 51 0
81 51 0
150 51 0
154 51 0
224 51 0
325 51 0
2 52 0
124 52 0
219 52 0
224 52 0
325 52 0
124 53 0
144 53 0
145 53 0
148 53 0
152 53 0
223 53 0
224 53 0
325 53 0
124 54 0
125 54 0
144 54 0
223 54 0
224 54 0
48 55 0
125 55 0
223 55 0
224 55 0
324 55 0
66 56 0
125 56 0
218 56 0
223 56 0
224 56 0
324 56 0
31 57 0
125 57 0
126 57 0
218 57 0
223 57 0
224 57 0
324 57 0
125 58 0
126 58 0
218 58 0
223 58 0
224 58 0
324 58 0
125 59 0
126 59 0
218 59 0
223 59 0
224 59 0
324 59 0
125 60 0
223 60 0
224 60 0
125 61 0
218 61 0
223 61 0
224 61 0
323 61 0
125 62 0
126 62 0
218 62 0
223 62 0
224 62 0
323 62 0
126 63 0
218 63 0
223 63 0
224 63 0
225 63 0
323 63 0
127 64 0
224 64 0
323 64 0
127 65 0
224 65 0
323 65 0
127 66 0
224 66 0
323 66 0
127 67 0
224 67 0
127 68 0
224 68 0
322 68 0
224 69 0
322 69 0
224 70 0
322 70 0
218 71 0
224 71 0
321 71 0
322 71 0
128 72 0
224 72 0
322 72 0
128 73 0
224 73 0
321 73 0
128 74 0
219 74 0
224 74 0
321 74 0
128 75 0
224 75 0
321 75 0
128 76 0
224 76 0
225 76 0
321 76 0
128 77 0
224 77 0
320 77 0
129 78 0
224 78 0
320 78 0
129 79 0
224 79 0
320 79 0
129 80 0
130 80 0
224 80 0
320 80 0
129 81 0
130 81 0
224 81 0
320 81 0
1 82 0
129 82 0
130 82 0
224 82 0
320 82 0
2 83 0
130 83 0
219 83 0
224 83 0
320 83 0
2 84 0
130 84 0
224 84 0
2 85 0
131 85 0
224 85 0
319 85 0
3 86 0
131 86 0
224 86 0
319 86 0
3 87 0
131 87 0
224 87 0
3 88 0
4 88 0
131 88 0
224 88 0
318 88 0
131 89 0
224 89 0
318 89 0
131 90 0
224 90 0
318 90 0
224 91 0
318 91 0
132 92 0
224 92 0
317 92 0
318 92 0
132 93 0
224 93 0
225 93 0
317 93 0
318 93 0
132 94 0
224 94 0
317 94 0
132 95 0
224 95 0
317 95 0
132 96 0
224 96 0
317 96 0
8 97 0
224 97 0
317 97 0
9 98 0
133 98 0
224 98 0
225 98 0
316 98 0
317 98 0
133 99 0
224 99 0
225 99 0
316 99 0
224 100 0
225 100 0
316 100 0
317 100 0
224 101 0
316 101 0
134 102 0
224 102 0
225 102 0
315 102 0
316 102 0
224 103 0
225 103 0
315 103 0
316 103 0
219 104 0
224 104 0
225 104 0
315 104 0
134 105 0
224 105 0
315 105 0
316 105 0
134 106 0
224 106 0
315 106 0
224 107 0
225 107 0
315 107 0
224 108 0
225 108 0
314 108 0
315 108 0
133 109 0
224 109 0
225 109 0
314 109 0
315 109 0
14 110 0
224 110 0
314 110 0
315 110 0
224 111 0
314 111 0
131 112 0
224 112 0
225 112 0
313 112 0
314 112 0
224 113 0
313 113 0
314 113 0
224 114 0
225 114 0
313 114 0
314 114 0
224 115 0
225 115 0
313 115 0
17 116 0
224 116 0
225 116 0
313 116 0
17 117 0
126 117 0
224 117 0
225 117 0
313 117 0
125 118 0
224 118 0
225 118 0
312 118 0
18 119 0
225 119 0
312 119 0
313 119 0
18 120 0
225 120 0
312 120 0
19 121 0
225 121 0
312 121 0
225 122 0
312 122 0
225 123 0
311 123 0
312 123 0
225 124 0
311 124 0
312 124 0
311 125 0
311 126 0
22 128 0
310 128 0
311 128 0
22 129 0
310 129 0
310 130 0
113 131 0
309 131 0
278 132 0
309 132 0
310 132 0
317 132 0
309 133 0
309 134 0
310 134 0
101 135 0
309 135 0
101 136 0
103 136 0
100 137 0
101 137 0
103 137 0
99 138 0
100 138 0
103 138 0
104 138 0
99 139 0
100 139 0
103 139 0
104 139 0
312 139 0
313 139 0
99 140 0
100 140 0
100 141 0
105 141 0
101 142 0
102 142 0
105 142 0
106 142 0
101 143 0
102 143 0
105 143 0
209 148 0
271 159 0
292 168 0
290 171 0
252 177 0
254 180 0
284 180 0
253 181 0
254 181 0
271 181 0
284 181 0
253 182 0
283 182 0
281 183 0
279 184 0
280 184 0
279 185 0
278 186 0
278 187 0
277 188 0
276 189 0
123 190 0
235 190 0
254 190 0
123 191 0
234 191 0
269 192 0
128 193 0
269 193 0
227 194 0
269 194 0
284 194 0
286 194 0
212 195 0
285 195 0
210 197 0
213 197 0
214 197 0
265 197 0
272 197 0
213 198 0
264 198 0
271 198 0
212 199 0
213 199 0
270 199 0
271 199 0
211 200 0
270 200 0
210 201 0
269 201 0
268 202 0
264 204 0
236 205 0
196 209 0
197 209 0
243 209 0
198 210 0
262 210 0
259 211 0
262 211 0
187 212 0
258 212 0
197 213 0
256 214 0
259 214 0
256 215 0
259 215 0
258 216 0
254 217 0
203 221 0
267 221 0
252 223 0
260 227 0
165 228 0
164 229 0
164 230 0
198 230 0
156 233 0
157 233 0
157 234 0
256 234 0
209 235 0
231 235 0
175 236 0
185 236 0
193 237 0
208 237 0
235 237 0
246 238 0
250 238 0
240 239 0
171 240 0
189 241 0
177 243 0
183 243 0
183 244 0
138 245 0
141 245 0
163 246 0
175 246 0
174 247 0
278 247 0
173 248 0
180 248 0
178 249 0
132 250 0
138 250 0
178 250 0
171 251 0
178 251 0
176 252 0
177 252 0
184 252 0
205 252 0
176 253 0
175 255 0
218 255 0
144 256 0
167 256 0
125 257 0
146 257 0
173 257 0
180 257 0
185 257 0
187 257 0
307 182 1
303 183 1
304 183 1
333 183 1
334 183 1
301 184 1
302 184 1
304 184 1
300 185 1
301 185 1
300 186 1
305 186 1
298 187 1
299 187 1
300 187 1
298 188 1
302 188 1
302 189 1
299 190 1
300 190 1
301 190 1
303 190 1
299 191 1
300 191 1
301 191 1
304 191 1
305 191 1
299 192 1
304 192 1
299 193 1
304 193 1
305 193 1
298 194 1
299 194 1
299 195 1
299 196 1
312 196 1
300 197 1
301 200 1
302 200 1
335 200 1
302 201 1
303 201 1
335 201 1
339 201 1
340 201 1
302 202 1
335 202 1
340 202 1
341 202 1
310 203 1
311 203 1
337 203 1
338 203 1
342 203 1
311 204 1
312 204 1
306 205 1
311 205 1
312 205 1
302 206 1
307 206 1
311 206 1
312 206 1
313 206 1
303 207 1
312 207 1
313 207 1
312 208 1
313 208 1
313 209 1
314 209 1
312 210 1
315 210 1
321 210 1
308 211 1
315 211 1
321 211 1
308 212 1
311 212 1
308 213 1
316 213 1
308 214 1
309 214 1
312 214 1
309 215 1
309 216 1
309 217 1
310 217 1
322 217 1
310 218 1
311 218 1
319 218 1
322 218 1
310 219 1
311 219 1
323 219 1
322 220 1
323 220 1
312 221 1
324 221 1
312 222 1
343 223 1
330 224 1
316 225 1
324 226 1
336 226 1
337 226 1
336 227 1
337 227 1
321 228 1
337 228 1
319 229 1
320 230 1
320 231 1
