387 12 0
585 61 0
460 89 0
460 90 0
460 91 0
460 92 0
460 93 0
460 94 0
460 96 0
459 98 0
459 101 0
461 103 0
462 104 0
437 115 0
435 120 0
441 125 0
442 126 0
506 126 0
464 135 0
241 137 0
347 137 0
50 142 0
443 149 0
443 153 0
371 169 0
352 170 0
379 170 0
50 171 0
324 171 0
352 171 0
377 171 0
309 172 0
352 172 0
371 172 0
393 172 0
401 172 0
309 173 0
310 173 0
324 173 0
325 173 0
382 173 0
391 173 0
392 173 0
393 173 0
394 173 0
395 173 0
309 174 0
324 174 0
325 174 0
393 174 0
394 174 0
309 175 0
393 175 0
534 175 0
309 176 0
381 176 0
393 176 0
394 176 0
401 176 0
458 176 0
557 176 0
309 177 0
381 177 0
458 177 0
265 178 0
277 178 0
309 178 0
373 178 0
220 179 0
265 179 0
309 179 0
238 180 0
245 180 0
271 180 0
309 180 0
233 181 0
248 181 0
249 181 0
254 181 0
255 181 0
266 181 0
309 181 0
324 181 0
233 182 0
237 182 0
242 182 0
248 182 0
309 182 0
233 183 0
242 183 0
177 184 0
193 184 0
194 184 0
233 184 0
268 184 0
193 185 0
233 185 0
239 185 0
268 185 0
310 185 0
233 186 0
238 186 0
242 186 0
245 186 0
254 186 0
255 186 0
188 187 0
189 187 0
218 187 0
233 187 0
238 187 0
254 187 0
233 188 0
238 188 0
269 188 0
171 189 0
269 189 0
86 211 0
248 268 0
248 269 0
248 270 0
248 272 0
248 273 0
248 274 0
248 275 0
259 275 0
248 276 0
255 276 0
175 279 0
187 282 0
137 283 0
187 283 0
247 283 0
175 284 0
187 284 0
175 285 0
187 285 0
248 286 0
138 288 0
138 289 0
138 290 0
215 290 0
138 291 0
215 291 0
192 292 0
205 292 0
249 292 0
212 293 0
280 293 0
192 294 0
227 294 0
280 294 0
209 295 0
138 297 0
209 298 0
211 298 0
209 299 0
211 299 0
213 299 0
224 299 0
275 299 0
295 299 0
138 300 0
224 300 0
227 300 0
275 300 0
138 301 0
139 301 0
224 301 0
275 301 0
139 302 0
222 302 0
293 302 0
241 303 0
292 303 0
221 304 0
317 304 0
222 305 0
227 305 0
249 305 0
290 305 0
227 306 0
239 306 0
289 306 0
227 307 0
231 307 0
237 307 0
289 307 0
232 308 0
237 308 0
249 308 0
282 308 0
232 309 0
249 310 0
286 310 0
286 311 0
286 312 0
291 312 0
296 312 0
321 312 0
285 313 0
270 314 0
271 314 0
297 314 0
271 315 0
297 315 0
286 316 0
231 317 0
297 317 0
231 318 0
286 318 0
306 318 0
231 319 0
286 319 0
317 319 0
231 320 0
285 320 0
286 320 0
293 320 0
305 320 0
306 320 0
161 321 0
231 321 0
286 321 0
293 321 0
297 321 0
240 322 0
249 322 0
271 322 0
286 322 0
293 322 0
240 323 0
271 323 0
286 323 0
320 323 0
479 323 0
286 324 0
293 324 0
313 324 0
320 324 0
321 324 0
328 324 0
479 324 0
241 325 0
286 325 0
297 325 0
321 325 0
479 325 0
239 326 0
286 326 0
297 326 0
309 326 0
321 326 0
479 326 0
286 327 0
293 327 0
297 327 0
305 327 0
309 327 0
314 327 0
321 327 0
479 327 0
286 328 0
305 328 0
321 328 0
479 328 0
271 329 0
286 329 0
297 329 0
479 329 0
271 330 0
286 330 0
297 330 0
479 330 0
286 331 0
479 331 0
286 332 0
297 332 0
250 333 0
286 333 0
297 333 0
250 334 0
286 334 0
250 335 0
286 335 0
318 335 0
319 335 0
479 335 0
250 336 0
287 336 0
319 336 0
328 336 0
479 336 0
250 337 0
287 337 0
319 337 0
479 337 0
275 338 0
287 338 0
250 339 0
276 339 0
288 339 0
310 339 0
479 339 0
250 340 0
276 340 0
310 340 0
479 340 0
310 341 0
320 341 0
479 341 0
287 342 0
320 342 0
479 342 0
249 343 0
321 343 0
479 343 0
241 344 0
291 344 0
479 344 0
241 345 0
316 345 0
479 345 0
241 346 0
292 346 0
317 346 0
327 346 0
292 347 0
449 347 0
479 347 0
241 348 0
281 348 0
449 348 0
462 348 0
479 348 0
241 349 0
281 349 0
461 349 0
479 349 0
248 350 0
282 350 0
294 350 0
460 350 0
479 350 0
326 351 0
327 351 0
455 351 0
461 351 0
466 351 0
467 351 0
293 352 0
437 352 0
438 352 0
455 352 0
288 353 0
289 353 0
437 353 0
454 353 0
462 353 0
291 354 0
437 354 0
454 354 0
472 354 0
297 355 0
322 355 0
438 355 0
462 355 0
297 356 0
298 356 0
321 356 0
438 356 0
462 356 0
299 357 0
426 357 0
438 357 0
301 358 0
426 358 0
471 358 0
426 359 0
471 359 0
426 360 0
427 360 0
478 360 0
427 361 0
427 362 0
428 363 0
428 364 0
428 365 0
429 365 0
429 366 0
474 366 0
429 367 0
429 368 0
492 368 0
429 369 0
429 370 0
428 371 0
429 371 0
491 371 0
492 371 0
428 372 0
428 373 0
491 373 0
505 373 0
427 374 0
428 374 0
491 374 0
514 374 0
428 375 0
491 375 0
511 375 0
427 376 0
510 376 0
491 377 0
509 377 0
425 378 0
508 378 0
509 378 0
475 379 0
508 379 0
426 380 0
507 380 0
427 381 0
427 382 0
507 382 0
427 383 0
478 383 0
543 383 0
426 384 0
478 384 0
500 384 0
512 384 0
543 384 0
426 385 0
500 385 0
507 385 0
543 385 0
427 386 0
500 386 0
543 386 0
428 387 0
500 387 0
543 387 0
428 388 0
429 388 0
500 388 0
543 388 0
562 388 0
428 389 0
429 389 0
500 389 0
507 389 0
512 389 0
543 389 0
562 389 0
429 390 0
478 390 0
543 390 0
562 390 0
429 391 0
453 391 0
508 391 0
562 391 0
429 392 0
450 392 0
508 392 0
543 392 0
572 392 0
573 392 0
454 393 0
431 394 0
446 394 0
509 394 0
524 394 0
562 394 0
573 394 0
431 395 0
455 395 0
510 395 0
524 395 0
562 395 0
240 396 0
431 396 0
439 396 0
455 396 0
478 396 0
510 396 0
524 396 0
572 396 0
431 397 0
439 397 0
524 397 0
543 397 0
572 397 0
432 398 0
513 398 0
543 398 0
572 398 0
543 399 0
542 400 0
543 400 0
542 401 0
543 401 0
542 402 0
543 402 0
554 402 0
533 404 0
538 404 0
555 404 0
572 404 0
587 404 0
615 404 0
539 405 0
572 405 0
587 405 0
534 406 0
556 406 0
572 406 0
586 406 0
477 407 0
535 407 0
567 407 0
477 408 0
598 408 0
477 409 0
499 409 0
547 409 0
598 409 0
498 410 0
598 410 0
498 411 0
559 411 0
498 412 0
559 412 0
560 412 0
560 413 0
483 414 0
561 414 0
499 416 0
600 416 0
501 417 0
587 422 0
561 423 0
588 423 0
602 423 0
518 424 0
602 424 0
621 425 0
228 426 0
623 431 0
623 432 0
457 2 1
463 5 1
456 7 1
463 7 1
462 8 1
463 8 1
456 10 1
463 11 1
457 20 1
456 24 1
462 27 1
462 28 1
462 29 1
463 29 1
456 30 1
462 31 1
456 35 1
462 35 1
462 36 1
456 38 1
462 44 1
462 45 1
454 60 1
455 60 1
454 65 1
455 65 1
461 65 1
453 66 1
461 67 1
454 71 1
461 73 1
461 74 1
454 75 1
461 78 1
460 83 1
460 84 1
455 88 1
460 88 1
454 89 1
454 90 1
460 91 1
459 97 1
5 187 2
6 187 2
5 204 2
4 248 2
