584 23 0
298 33 0
441 84 0
440 85 0
440 90 0
440 91 0
440 92 0
440 93 0
424 96 0
440 96 0
440 98 0
440 99 0
440 100 0
91 101 0
440 101 0
440 102 0
440 104 0
424 107 0
420 110 0
418 111 0
416 113 0
416 114 0
412 120 0
412 121 0
412 122 0
410 124 0
409 125 0
315 126 0
451 126 0
409 127 0
419 127 0
417 128 0
419 128 0
446 131 0
241 137 0
420 144 0
420 145 0
420 148 0
421 152 0
421 153 0
435 162 0
536 167 0
536 168 0
353 169 0
536 169 0
334 170 0
425 170 0
359 171 0
360 171 0
535 171 0
536 171 0
291 172 0
352 172 0
359 172 0
378 172 0
425 172 0
538 172 0
291 173 0
307 173 0
363 173 0
378 173 0
424 173 0
535 173 0
291 174 0
351 174 0
360 174 0
370 174 0
377 174 0
378 174 0
382 174 0
424 174 0
535 174 0
536 174 0
256 175 0
291 175 0
306 175 0
351 175 0
358 175 0
363 175 0
367 175 0
368 175 0
369 175 0
370 175 0
377 175 0
379 175 0
382 175 0
424 175 0
535 175 0
291 176 0
306 176 0
358 176 0
359 176 0
363 176 0
370 176 0
377 176 0
382 176 0
291 177 0
354 177 0
358 177 0
363 177 0
423 177 0
247 178 0
259 178 0
291 178 0
354 178 0
363 178 0
247 179 0
291 179 0
306 179 0
422 179 0
227 180 0
232 180 0
237 180 0
291 180 0
306 180 0
307 180 0
422 180 0
216 181 0
222 181 0
223 181 0
231 181 0
232 181 0
291 181 0
306 181 0
515 181 0
215 182 0
216 182 0
219 182 0
223 182 0
230 182 0
231 182 0
248 182 0
291 182 0
306 182 0
307 182 0
346 182 0
223 183 0
230 183 0
270 183 0
291 183 0
306 183 0
175 184 0
223 184 0
230 184 0
232 184 0
291 184 0
152 185 0
175 185 0
228 185 0
232 185 0
291 185 0
306 185 0
426 185 0
175 186 0
219 186 0
221 186 0
227 186 0
292 186 0
426 186 0
152 187 0
170 187 0
180 187 0
181 187 0
219 187 0
227 187 0
256 187 0
426 187 0
152 188 0
170 188 0
215 188 0
220 188 0
221 188 0
152 189 0
163 189 0
215 189 0
251 189 0
103 209 0
67 211 0
67 212 0
67 213 0
115 243 0
115 247 0
115 251 0
115 252 0
290 260 0
226 271 0
226 272 0
226 273 0
226 274 0
226 275 0
226 276 0
226 277 0
163 278 0
226 278 0
224 281 0
224 282 0
166 283 0
166 284 0
226 285 0
166 286 0
226 286 0
226 287 0
226 288 0
171 290 0
192 290 0
117 291 0
168 291 0
171 291 0
226 291 0
258 291 0
117 292 0
167 292 0
168 292 0
171 292 0
226 292 0
257 292 0
117 293 0
171 293 0
205 293 0
248 293 0
257 293 0
117 294 0
205 294 0
226 294 0
181 295 0
273 296 0
190 297 0
272 297 0
190 298 0
271 298 0
272 298 0
190 299 0
202 299 0
252 299 0
270 299 0
215 300 0
252 300 0
270 300 0
215 301 0
219 301 0
269 301 0
219 302 0
268 302 0
207 303 0
219 303 0
207 304 0
266 304 0
293 304 0
207 305 0
248 305 0
266 305 0
207 306 0
217 306 0
248 306 0
265 306 0
215 307 0
217 307 0
264 307 0
217 308 0
259 308 0
259 309 0
263 309 0
297 310 0
263 311 0
273 311 0
227 312 0
248 312 0
269 312 0
273 312 0
274 312 0
227 313 0
248 313 0
269 313 0
270 313 0
273 313 0
274 313 0
248 314 0
262 314 0
269 314 0
270 314 0
262 315 0
273 315 0
281 315 0
282 315 0
259 316 0
262 316 0
274 316 0
263 317 0
273 317 0
210 318 0
227 318 0
263 318 0
269 318 0
270 318 0
273 318 0
282 318 0
294 318 0
301 318 0
302 318 0
210 319 0
263 319 0
269 319 0
302 319 0
210 320 0
248 320 0
263 320 0
273 320 0
295 320 0
449 320 0
209 321 0
210 321 0
248 321 0
263 321 0
274 321 0
282 321 0
296 321 0
449 321 0
210 322 0
263 322 0
274 322 0
296 322 0
297 322 0
303 322 0
449 322 0
263 323 0
270 323 0
274 323 0
282 323 0
296 323 0
297 323 0
303 323 0
449 323 0
263 324 0
269 324 0
273 324 0
282 324 0
297 324 0
449 324 0
450 324 0
263 325 0
274 325 0
282 325 0
296 325 0
297 325 0
303 325 0
449 325 0
263 326 0
274 326 0
290 326 0
297 326 0
303 326 0
449 326 0
263 327 0
270 327 0
290 327 0
291 327 0
297 327 0
304 327 0
449 327 0
248 328 0
263 328 0
270 328 0
274 328 0
303 328 0
304 328 0
449 328 0
263 329 0
274 329 0
303 329 0
304 329 0
449 329 0
227 330 0
263 330 0
274 330 0
303 330 0
304 330 0
449 330 0
227 331 0
228 331 0
260 331 0
263 331 0
269 331 0
274 331 0
303 331 0
449 331 0
227 332 0
228 332 0
260 332 0
263 332 0
270 332 0
274 332 0
294 332 0
449 332 0
263 333 0
274 333 0
294 333 0
449 333 0
227 334 0
228 334 0
290 334 0
295 334 0
303 334 0
449 334 0
227 335 0
228 335 0
264 335 0
275 335 0
286 335 0
287 335 0
295 335 0
303 335 0
449 335 0
228 336 0
264 336 0
286 336 0
287 336 0
291 336 0
295 336 0
303 336 0
449 336 0
228 337 0
253 337 0
265 337 0
304 337 0
449 337 0
228 338 0
253 338 0
265 338 0
292 338 0
296 338 0
449 338 0
228 339 0
266 339 0
287 339 0
291 339 0
292 339 0
293 339 0
296 339 0
449 339 0
228 340 0
266 340 0
287 340 0
296 340 0
449 340 0
226 341 0
267 341 0
287 341 0
297 341 0
449 341 0
227 342 0
297 342 0
421 342 0
449 342 0
268 343 0
297 343 0
303 343 0
421 343 0
449 343 0
219 344 0
292 344 0
421 344 0
449 344 0
219 345 0
269 345 0
298 345 0
303 345 0
420 345 0
432 345 0
433 345 0
448 345 0
449 345 0
258 346 0
298 346 0
303 346 0
418 346 0
431 346 0
432 346 0
437 346 0
438 346 0
449 346 0
218 347 0
219 347 0
258 347 0
270 347 0
412 347 0
413 347 0
432 347 0
437 347 0
449 347 0
258 348 0
259 348 0
271 348 0
303 348 0
410 348 0
411 348 0
412 348 0
426 348 0
433 348 0
441 348 0
443 348 0
449 348 0
271 349 0
409 349 0
410 349 0
426 349 0
433 349 0
443 349 0
449 349 0
262 350 0
272 350 0
409 350 0
433 350 0
443 350 0
449 350 0
269 351 0
300 351 0
409 351 0
426 351 0
433 351 0
271 352 0
410 352 0
433 352 0
449 352 0
273 353 0
400 353 0
427 353 0
433 353 0
441 353 0
449 353 0
274 354 0
398 354 0
399 354 0
433 354 0
434 354 0
449 354 0
296 355 0
398 355 0
399 355 0
442 355 0
398 356 0
399 356 0
295 357 0
399 357 0
400 357 0
449 357 0
294 358 0
448 358 0
449 358 0
293 359 0
400 359 0
444 359 0
400 360 0
401 360 0
401 361 0
444 361 0
401 362 0
444 362 0
401 363 0
402 363 0
462 363 0
402 364 0
462 364 0
402 365 0
462 365 0
402 366 0
462 366 0
401 367 0
402 367 0
401 368 0
461 368 0
401 369 0
461 369 0
400 370 0
447 370 0
461 370 0
481 370 0
400 371 0
447 371 0
458 371 0
461 371 0
479 371 0
400 372 0
430 372 0
461 372 0
478 372 0
479 372 0
400 373 0
460 373 0
477 373 0
478 373 0
397 374 0
398 374 0
460 374 0
477 374 0
6 375 0
397 375 0
477 375 0
440 376 0
445 376 0
476 376 0
399 377 0
440 377 0
476 377 0
511 377 0
400 378 0
436 378 0
476 378 0
497 378 0
511 378 0
400 379 0
469 379 0
473 379 0
474 379 0
476 379 0
510 379 0
511 379 0
399 380 0
448 380 0
469 380 0
470 380 0
481 380 0
510 380 0
511 380 0
399 381 0
448 381 0
470 381 0
510 381 0
511 381 0
399 382 0
470 382 0
510 382 0
511 382 0
528 382 0
529 382 0
400 383 0
401 383 0
460 383 0
470 383 0
510 383 0
528 383 0
401 384 0
448 384 0
489 384 0
511 384 0
528 384 0
529 384 0
538 384 0
401 385 0
434 385 0
448 385 0
459 385 0
469 385 0
489 385 0
510 385 0
511 385 0
528 385 0
538 385 0
402 386 0
448 386 0
489 386 0
510 386 0
511 386 0
528 386 0
401 387 0
402 387 0
422 387 0
425 387 0
448 387 0
510 387 0
528 387 0
529 387 0
401 388 0
402 388 0
448 388 0
473 388 0
478 388 0
510 388 0
528 388 0
529 388 0
426 389 0
473 389 0
479 389 0
510 389 0
528 389 0
538 389 0
403 390 0
426 390 0
448 390 0
449 390 0
479 390 0
493 390 0
510 390 0
528 390 0
538 390 0
560 390 0
403 391 0
404 391 0
412 391 0
426 391 0
427 391 0
448 391 0
449 391 0
480 391 0
493 391 0
510 391 0
528 391 0
538 391 0
560 391 0
404 392 0
448 392 0
510 392 0
528 392 0
538 392 0
404 393 0
448 393 0
510 393 0
528 393 0
404 394 0
510 394 0
528 394 0
410 395 0
448 395 0
510 395 0
538 395 0
552 395 0
448 396 0
497 396 0
510 396 0
538 396 0
552 396 0
578 396 0
448 397 0
501 397 0
510 397 0
538 397 0
552 397 0
578 397 0
448 398 0
461 398 0
500 398 0
501 398 0
510 398 0
533 398 0
538 398 0
552 398 0
577 398 0
448 399 0
460 399 0
510 399 0
538 399 0
551 399 0
577 399 0
448 400 0
459 400 0
501 400 0
506 400 0
523 400 0
533 400 0
538 400 0
577 400 0
448 401 0
538 401 0
562 401 0
576 401 0
448 402 0
524 402 0
538 402 0
596 402 0
515 403 0
563 403 0
596 403 0
448 404 0
469 404 0
538 404 0
563 404 0
575 404 0
595 404 0
468 405 0
526 405 0
569 405 0
595 405 0
448 406 0
468 406 0
538 406 0
574 406 0
595 406 0
468 407 0
473 407 0
448 408 0
473 408 0
528 408 0
549 408 0
564 408 0
448 409 0
473 409 0
529 409 0
549 409 0
565 409 0
448 410 0
469 410 0
538 410 0
565 410 0
593 410 0
448 411 0
565 411 0
593 411 0
448 412 0
565 412 0
448 413 0
504 413 0
552 413 0
583 413 0
448 414 0
552 414 0
583 414 0
448 415 0
497 415 0
552 415 0
566 415 0
584 415 0
448 416 0
553 416 0
566 416 0
584 417 0
487 418 0
487 419 0
488 419 0
585 420 0
508 421 0
585 421 0
228 426 0
547 426 0
548 426 0
532 427 0
545 428 0
526 430 0
545 433 0
545 434 0
548 437 0
443 2 1
442 6 1
437 7 1
442 7 1
437 8 1
442 10 1
442 11 1
443 11 1
442 12 1
442 18 1
436 19 1
435 20 1
436 21 1
442 21 1
442 23 1
442 24 1
442 25 1
442 29 1
442 30 1
442 31 1
436 35 1
437 35 1
441 35 1
441 37 1
435 41 1
435 42 1
441 43 1
441 44 1
441 48 1
441 49 1
435 50 1
441 55 1
435 56 1
435 58 1
436 58 1
441 58 1
441 59 1
434 71 1
441 71 1
440 72 1
441 72 1
435 74 1
434 82 1
440 82 1
435 84 1
434 86 1
435 86 1
440 93 1
