143 32 0
37 39 0
413 94 0
422 94 0
415 98 0
414 99 0
414 100 0
421 100 0
90 101 0
421 103 0
14 104 0
421 104 0
421 105 0
421 113 0
392 119 0
391 122 0
389 125 0
396 128 0
396 129 0
424 130 0
424 131 0
422 140 0
398 146 0
33 148 0
481 148 0
399 153 0
399 154 0
399 155 0
400 157 0
414 160 0
516 160 0
516 162 0
516 165 0
516 166 0
316 170 0
316 171 0
516 171 0
274 172 0
289 172 0
316 172 0
516 172 0
274 173 0
289 173 0
345 173 0
365 173 0
274 174 0
289 174 0
360 174 0
274 175 0
317 175 0
350 175 0
360 175 0
274 176 0
350 176 0
361 176 0
336 177 0
230 178 0
274 178 0
289 178 0
336 178 0
345 178 0
401 178 0
185 179 0
230 179 0
231 179 0
274 179 0
289 179 0
401 179 0
230 180 0
274 180 0
289 180 0
230 181 0
274 181 0
289 181 0
197 182 0
213 182 0
214 182 0
219 182 0
274 182 0
289 182 0
197 183 0
201 183 0
274 183 0
289 183 0
182 184 0
197 184 0
232 184 0
274 184 0
157 185 0
197 185 0
215 185 0
232 185 0
274 185 0
197 186 0
202 186 0
232 186 0
274 186 0
134 187 0
197 187 0
198 187 0
210 187 0
158 188 0
159 188 0
182 188 0
197 188 0
198 188 0
203 188 0
134 189 0
142 189 0
182 189 0
197 189 0
198 189 0
134 190 0
184 192 0
401 193 0
402 194 0
85 208 0
87 209 0
549 250 0
133 279 0
417 280 0
203 281 0
211 281 0
37 282 0
146 282 0
204 282 0
146 283 0
133 284 0
146 284 0
146 285 0
205 285 0
146 286 0
205 286 0
146 287 0
205 287 0
146 288 0
161 289 0
162 289 0
146 290 0
163 290 0
154 291 0
162 291 0
205 291 0
235 291 0
162 292 0
170 292 0
184 292 0
187 292 0
205 292 0
235 292 0
159 293 0
170 293 0
184 293 0
205 293 0
248 293 0
176 294 0
184 294 0
169 295 0
176 295 0
169 296 0
175 296 0
250 296 0
459 296 0
173 297 0
175 297 0
231 297 0
249 297 0
250 297 0
169 298 0
172 298 0
173 298 0
175 298 0
248 298 0
249 298 0
173 299 0
175 299 0
183 299 0
183 300 0
247 300 0
175 301 0
243 301 0
270 301 0
178 302 0
226 304 0
244 304 0
186 305 0
226 305 0
243 305 0
194 306 0
189 307 0
194 307 0
194 308 0
194 309 0
241 309 0
257 309 0
241 310 0
241 311 0
251 311 0
226 312 0
241 312 0
251 312 0
252 312 0
227 313 0
241 313 0
252 313 0
277 313 0
241 314 0
252 314 0
260 314 0
241 315 0
252 315 0
241 316 0
247 316 0
252 316 0
241 317 0
247 317 0
252 317 0
272 317 0
422 317 0
189 318 0
241 318 0
248 318 0
252 318 0
422 318 0
227 319 0
241 319 0
252 319 0
273 319 0
422 319 0
189 320 0
227 320 0
241 320 0
252 320 0
274 320 0
189 321 0
227 321 0
241 321 0
248 321 0
252 321 0
260 321 0
274 321 0
422 321 0
241 322 0
248 322 0
252 322 0
260 322 0
263 322 0
274 322 0
281 322 0
422 322 0
199 323 0
241 323 0
248 323 0
252 323 0
263 323 0
268 323 0
274 323 0
281 323 0
422 323 0
194 324 0
196 324 0
241 324 0
248 324 0
252 324 0
260 324 0
263 324 0
274 324 0
281 324 0
422 324 0
206 325 0
241 325 0
248 325 0
252 325 0
263 325 0
274 325 0
422 325 0
241 326 0
248 326 0
252 326 0
274 326 0
422 326 0
206 327 0
227 327 0
241 327 0
252 327 0
274 327 0
227 328 0
241 328 0
252 328 0
281 328 0
422 328 0
241 329 0
252 329 0
281 329 0
422 329 0
248 330 0
252 330 0
422 330 0
206 331 0
238 331 0
248 331 0
252 331 0
206 332 0
252 332 0
272 332 0
281 332 0
422 332 0
206 333 0
207 333 0
242 333 0
422 333 0
207 334 0
242 334 0
269 334 0
273 334 0
422 334 0
428 334 0
207 335 0
231 335 0
243 335 0
264 335 0
269 335 0
273 335 0
281 335 0
422 335 0
206 336 0
207 336 0
231 336 0
232 336 0
243 336 0
264 336 0
269 336 0
273 336 0
281 336 0
422 336 0
207 337 0
232 337 0
244 337 0
274 337 0
422 337 0
207 338 0
264 338 0
274 338 0
422 338 0
245 339 0
264 339 0
274 339 0
422 339 0
205 340 0
206 340 0
243 340 0
274 340 0
395 340 0
397 340 0
422 340 0
205 341 0
206 341 0
243 341 0
246 341 0
274 341 0
275 341 0
395 341 0
422 341 0
275 342 0
394 342 0
422 342 0
198 343 0
405 343 0
411 343 0
422 343 0
198 344 0
411 344 0
422 344 0
236 345 0
248 345 0
386 345 0
401 345 0
406 345 0
411 345 0
417 345 0
422 345 0
198 346 0
237 346 0
249 346 0
384 346 0
385 346 0
400 346 0
406 346 0
407 346 0
422 346 0
198 347 0
237 347 0
249 347 0
383 347 0
384 347 0
400 347 0
407 347 0
422 347 0
238 348 0
239 348 0
250 348 0
384 348 0
400 348 0
407 348 0
422 348 0
384 349 0
407 349 0
415 349 0
422 349 0
244 350 0
251 350 0
277 350 0
385 350 0
407 350 0
276 351 0
277 351 0
252 352 0
422 352 0
253 353 0
374 353 0
422 353 0
374 354 0
374 355 0
375 355 0
417 355 0
418 355 0
260 356 0
375 356 0
417 356 0
263 357 0
375 357 0
271 358 0
375 358 0
376 358 0
270 359 0
419 360 0
435 360 0
377 361 0
435 361 0
376 362 0
377 362 0
435 362 0
377 363 0
376 364 0
434 364 0
376 365 0
434 365 0
375 366 0
376 366 0
434 366 0
452 366 0
375 367 0
434 367 0
437 367 0
451 367 0
452 367 0
375 368 0
451 368 0
465 368 0
450 369 0
374 370 0
375 370 0
450 370 0
372 371 0
433 371 0
449 371 0
372 372 0
373 372 0
414 372 0
430 372 0
449 372 0
464 372 0
374 373 0
449 373 0
465 373 0
482 374 0
486 374 0
375 375 0
409 375 0
446 375 0
481 375 0
6 376 0
375 376 0
409 376 0
442 376 0
481 376 0
487 376 0
374 377 0
442 377 0
481 377 0
488 377 0
498 377 0
374 378 0
442 378 0
481 378 0
482 378 0
498 378 0
499 378 0
374 379 0
422 379 0
481 379 0
498 379 0
375 380 0
422 380 0
442 380 0
461 380 0
481 380 0
482 380 0
498 380 0
508 380 0
376 381 0
422 381 0
449 381 0
454 381 0
461 381 0
481 381 0
482 381 0
498 381 0
508 381 0
376 382 0
408 382 0
422 382 0
449 382 0
461 382 0
481 382 0
377 383 0
397 383 0
455 383 0
481 383 0
498 383 0
377 384 0
399 384 0
481 384 0
498 384 0
508 384 0
377 385 0
481 385 0
377 386 0
481 386 0
378 387 0
401 387 0
481 387 0
508 387 0
378 388 0
379 388 0
401 388 0
469 388 0
481 388 0
498 388 0
508 388 0
520 388 0
379 389 0
421 389 0
454 389 0
469 389 0
481 389 0
490 389 0
495 389 0
498 389 0
508 389 0
521 389 0
529 389 0
379 390 0
384 390 0
422 390 0
455 390 0
481 390 0
486 390 0
487 390 0
496 390 0
521 390 0
384 391 0
457 391 0
481 391 0
491 391 0
521 391 0
546 391 0
421 392 0
472 392 0
481 392 0
492 392 0
508 392 0
521 392 0
421 393 0
472 393 0
481 393 0
492 393 0
508 393 0
545 393 0
421 394 0
472 394 0
481 394 0
493 394 0
508 394 0
526 394 0
421 395 0
433 395 0
472 395 0
481 395 0
508 395 0
531 395 0
544 395 0
421 396 0
433 396 0
434 396 0
473 396 0
477 396 0
481 396 0
494 396 0
508 396 0
531 396 0
544 396 0
563 396 0
481 397 0
531 397 0
544 397 0
563 397 0
495 398 0
537 398 0
543 398 0
421 399 0
496 399 0
516 399 0
532 399 0
553 399 0
421 400 0
441 400 0
496 400 0
507 400 0
532 400 0
441 401 0
497 401 0
507 401 0
532 401 0
561 401 0
433 402 0
497 402 0
507 402 0
561 402 0
421 403 0
446 403 0
507 403 0
533 403 0
561 403 0
421 404 0
446 404 0
519 404 0
533 404 0
555 404 0
421 405 0
446 405 0
452 405 0
519 405 0
533 405 0
550 405 0
457 406 0
507 406 0
508 406 0
520 406 0
534 406 0
550 406 0
520 407 0
534 407 0
550 407 0
559 407 0
521 408 0
534 408 0
452 409 0
457 409 0
464 409 0
472 409 0
521 409 0
551 409 0
457 410 0
465 410 0
534 410 0
551 410 0
535 411 0
552 411 0
535 412 0
552 412 0
421 413 0
459 413 0
535 413 0
543 413 0
421 414 0
459 414 0
468 414 0
552 414 0
421 415 0
459 415 0
536 415 0
552 415 0
553 416 0
492 417 0
487 418 0
421 419 0
422 419 0
487 419 0
497 419 0
554 419 0
487 420 0
554 420 0
502 421 0
561 423 0
496 424 0
514 424 0
514 425 0
227 426 0
504 427 0
516 430 0
517 431 0
218 468 0
426 475 0
424 1 1
424 2 1
424 3 1
424 7 1
424 8 1
424 9 1
424 14 1
424 17 1
417 19 1
418 21 1
423 21 1
418 23 1
424 24 1
424 31 1
424 32 1
423 33 1
423 34 1
418 37 1
418 40 1
423 58 1
417 61 1
417 62 1
423 66 1
417 73 1
418 73 1
416 74 1
417 74 1
422 76 1
423 76 1
422 77 1
416 80 1
417 85 1
422 86 1
415 87 1
416 87 1
417 87 1
423 87 1
417 88 1
