214 3 0
407 10 0
407 12 0
387 13 0
407 13 0
407 14 0
407 15 0
407 16 0
407 17 0
407 18 0
407 19 0
407 20 0
407 21 0
407 22 0
407 23 0
407 24 0
407 25 0
297 33 0
406 41 0
400 74 0
507 78 0
406 85 0
406 86 0
406 90 0
394 95 0
406 95 0
383 98 0
394 98 0
394 99 0
394 100 0
394 101 0
394 102 0
398 107 0
375 115 0
392 117 0
372 121 0
485 123 0
323 126 0
377 127 0
378 127 0
407 127 0
378 128 0
376 129 0
407 129 0
434 130 0
403 131 0
404 131 0
434 131 0
434 135 0
434 136 0
450 138 0
450 139 0
411 140 0
411 141 0
411 142 0
411 143 0
499 151 0
499 152 0
399 154 0
411 154 0
411 155 0
499 155 0
377 156 0
499 156 0
499 157 0
499 158 0
499 159 0
499 160 0
377 161 0
499 161 0
377 162 0
499 162 0
499 163 0
377 164 0
378 164 0
499 164 0
378 165 0
378 167 0
499 168 0
302 169 0
499 169 0
301 170 0
499 170 0
327 171 0
393 171 0
301 172 0
346 172 0
499 172 0
259 173 0
330 173 0
334 173 0
391 173 0
499 173 0
259 174 0
327 174 0
337 174 0
259 175 0
274 175 0
302 175 0
337 175 0
499 175 0
259 176 0
337 176 0
259 177 0
321 177 0
337 177 0
344 177 0
345 177 0
259 178 0
321 178 0
330 178 0
259 179 0
259 180 0
479 180 0
259 181 0
395 181 0
523 181 0
182 182 0
187 182 0
203 182 0
204 182 0
259 182 0
395 182 0
502 182 0
182 183 0
198 183 0
204 183 0
259 183 0
274 183 0
294 183 0
574 183 0
182 184 0
186 184 0
198 184 0
204 184 0
205 184 0
237 184 0
259 184 0
274 184 0
182 185 0
186 185 0
259 185 0
274 185 0
149 186 0
182 186 0
183 186 0
259 186 0
176 187 0
182 187 0
183 187 0
184 187 0
204 187 0
127 188 0
137 188 0
150 188 0
151 188 0
182 188 0
183 188 0
186 188 0
204 188 0
386 188 0
182 189 0
130 190 0
132 190 0
219 190 0
392 190 0
130 191 0
177 192 0
151 193 0
306 198 0
210 204 0
69 209 0
69 210 0
69 211 0
361 219 0
357 225 0
330 233 0
496 243 0
13 254 0
186 269 0
185 281 0
416 281 0
129 287 0
187 287 0
129 288 0
187 288 0
310 288 0
129 289 0
129 290 0
133 290 0
140 290 0
141 290 0
147 290 0
129 291 0
137 291 0
148 291 0
187 291 0
217 291 0
129 292 0
148 292 0
187 292 0
17 293 0
129 293 0
154 293 0
167 293 0
248 293 0
147 295 0
187 295 0
154 296 0
157 296 0
231 296 0
154 297 0
213 297 0
230 297 0
231 297 0
147 298 0
213 298 0
230 298 0
153 299 0
229 299 0
153 300 0
154 300 0
228 300 0
152 301 0
154 301 0
162 301 0
180 301 0
224 301 0
227 301 0
228 301 0
227 302 0
208 303 0
209 303 0
226 303 0
169 304 0
209 304 0
225 304 0
225 305 0
168 306 0
177 306 0
179 307 0
223 307 0
223 308 0
228 308 0
223 309 0
229 309 0
257 309 0
223 310 0
229 310 0
233 310 0
257 310 0
188 311 0
223 311 0
233 311 0
188 312 0
209 312 0
223 312 0
233 312 0
188 313 0
223 313 0
233 313 0
223 314 0
259 314 0
188 315 0
220 315 0
223 315 0
223 316 0
399 316 0
172 317 0
223 317 0
233 317 0
261 317 0
399 317 0
400 317 0
172 318 0
223 318 0
229 318 0
233 318 0
234 318 0
255 318 0
172 319 0
223 319 0
234 319 0
255 319 0
172 320 0
173 320 0
223 320 0
234 320 0
255 320 0
256 320 0
399 320 0
172 321 0
179 321 0
223 321 0
256 321 0
399 321 0
178 322 0
179 322 0
220 322 0
223 322 0
230 322 0
245 322 0
256 322 0
399 322 0
223 323 0
234 323 0
256 323 0
399 323 0
400 323 0
189 324 0
223 324 0
234 324 0
256 324 0
223 325 0
234 325 0
399 325 0
400 325 0
223 326 0
234 326 0
255 326 0
189 327 0
234 327 0
255 327 0
189 328 0
223 328 0
234 328 0
189 329 0
234 329 0
189 330 0
234 330 0
253 330 0
399 330 0
400 330 0
189 331 0
224 331 0
254 331 0
400 331 0
189 332 0
224 332 0
254 332 0
400 332 0
189 333 0
235 333 0
246 333 0
189 334 0
246 334 0
255 334 0
189 335 0
246 335 0
255 335 0
189 336 0
214 336 0
246 336 0
255 336 0
400 336 0
223 337 0
399 337 0
400 337 0
246 338 0
256 338 0
228 339 0
256 339 0
373 339 0
188 340 0
256 340 0
383 340 0
399 340 0
229 341 0
365 342 0
393 342 0
364 343 0
181 344 0
218 344 0
363 344 0
378 344 0
379 344 0
385 344 0
181 345 0
231 345 0
362 345 0
385 345 0
399 345 0
261 346 0
363 346 0
379 346 0
385 346 0
399 346 0
400 346 0
354 347 0
355 347 0
364 347 0
379 347 0
385 347 0
353 348 0
354 348 0
363 348 0
364 348 0
385 348 0
405 348 0
519 348 0
258 349 0
259 349 0
353 349 0
405 349 0
234 350 0
353 350 0
399 350 0
400 350 0
234 351 0
353 351 0
399 351 0
354 352 0
399 352 0
354 353 0
399 353 0
355 354 0
396 354 0
399 354 0
355 355 0
399 355 0
355 356 0
252 357 0
356 357 0
412 357 0
356 358 0
412 358 0
356 359 0
412 359 0
423 359 0
356 360 0
412 360 0
423 360 0
356 361 0
411 361 0
412 361 0
423 361 0
355 362 0
356 362 0
411 362 0
423 362 0
430 362 0
431 362 0
355 363 0
415 363 0
429 363 0
355 364 0
428 364 0
355 365 0
427 365 0
354 366 0
426 366 0
354 367 0
426 367 0
432 367 0
433 367 0
352 368 0
397 368 0
426 368 0
457 368 0
352 369 0
392 369 0
394 369 0
396 369 0
425 369 0
431 369 0
457 369 0
392 370 0
425 370 0
457 370 0
354 371 0
399 371 0
419 371 0
425 371 0
457 371 0
463 371 0
354 372 0
399 372 0
419 372 0
425 372 0
430 372 0
457 372 0
354 373 0
399 373 0
419 373 0
425 373 0
430 373 0
457 373 0
473 373 0
474 373 0
399 374 0
425 374 0
457 374 0
473 374 0
353 375 0
399 375 0
400 375 0
419 375 0
420 375 0
457 375 0
465 375 0
474 375 0
354 376 0
419 376 0
457 376 0
474 376 0
482 376 0
409 377 0
410 377 0
419 377 0
457 377 0
458 377 0
474 377 0
355 378 0
399 378 0
426 378 0
427 378 0
437 378 0
457 378 0
474 378 0
482 378 0
356 379 0
386 379 0
399 379 0
411 379 0
427 379 0
438 379 0
446 379 0
457 379 0
474 379 0
482 379 0
356 380 0
386 380 0
399 380 0
446 380 0
457 380 0
468 380 0
474 380 0
478 380 0
482 380 0
502 380 0
356 381 0
399 381 0
400 381 0
428 381 0
441 381 0
457 381 0
464 381 0
474 381 0
482 381 0
483 381 0
502 381 0
503 381 0
356 382 0
379 382 0
429 382 0
441 382 0
446 382 0
457 382 0
464 382 0
474 382 0
483 382 0
488 382 0
379 383 0
429 383 0
457 383 0
474 383 0
483 383 0
495 383 0
358 384 0
430 384 0
457 384 0
465 384 0
474 384 0
483 384 0
488 384 0
520 384 0
358 385 0
380 385 0
431 385 0
457 385 0
466 385 0
474 385 0
483 385 0
488 385 0
496 385 0
504 385 0
358 386 0
432 386 0
457 386 0
466 386 0
483 386 0
496 386 0
504 386 0
519 386 0
358 387 0
449 387 0
457 387 0
483 387 0
496 387 0
504 387 0
518 387 0
519 387 0
399 388 0
448 388 0
457 388 0
468 388 0
483 388 0
495 388 0
518 388 0
399 389 0
448 389 0
457 389 0
468 389 0
483 389 0
505 389 0
536 389 0
412 390 0
448 390 0
457 390 0
483 390 0
505 390 0
536 390 0
411 391 0
449 391 0
457 391 0
483 391 0
505 391 0
399 392 0
410 392 0
457 392 0
470 392 0
483 392 0
505 392 0
516 392 0
517 392 0
535 392 0
457 393 0
471 393 0
483 393 0
516 393 0
535 393 0
399 394 0
400 394 0
411 394 0
471 394 0
483 394 0
534 394 0
399 395 0
400 395 0
410 395 0
411 395 0
472 395 0
478 395 0
483 395 0
492 395 0
534 395 0
399 396 0
410 396 0
419 396 0
472 396 0
482 396 0
492 396 0
506 396 0
507 396 0
534 396 0
399 397 0
419 397 0
423 397 0
473 397 0
482 397 0
533 397 0
399 398 0
418 398 0
423 398 0
473 398 0
474 398 0
482 398 0
488 398 0
493 398 0
507 398 0
533 398 0
399 399 0
412 399 0
423 399 0
482 399 0
533 399 0
399 400 0
423 400 0
482 400 0
483 400 0
488 400 0
494 400 0
508 400 0
532 400 0
399 401 0
400 401 0
419 401 0
423 401 0
427 401 0
434 401 0
482 401 0
508 401 0
524 401 0
532 401 0
399 402 0
400 402 0
424 402 0
427 402 0
434 402 0
508 402 0
524 402 0
532 402 0
399 403 0
400 403 0
429 403 0
430 403 0
434 403 0
438 403 0
441 403 0
452 403 0
508 403 0
524 403 0
399 404 0
430 404 0
434 404 0
438 404 0
441 404 0
452 404 0
453 404 0
508 404 0
525 404 0
399 405 0
434 405 0
438 405 0
441 405 0
497 405 0
508 405 0
525 405 0
434 406 0
438 406 0
441 406 0
449 406 0
509 406 0
525 406 0
399 407 0
453 407 0
509 407 0
525 407 0
399 408 0
436 408 0
509 408 0
525 408 0
399 409 0
453 409 0
455 409 0
463 409 0
399 410 0
436 410 0
455 410 0
463 410 0
527 410 0
399 411 0
527 411 0
399 412 0
527 412 0
463 413 0
527 413 0
399 414 0
463 414 0
491 414 0
527 414 0
528 414 0
463 415 0
477 415 0
490 415 0
491 415 0
490 416 0
468 417 0
490 417 0
471 418 0
478 418 0
472 419 0
478 419 0
473 420 0
489 420 0
499 422 0
490 423 0
499 423 0
508 423 0
517 423 0
491 424 0
499 424 0
508 424 0
517 424 0
499 425 0
516 426 0
513 427 0
513 428 0
513 429 0
513 430 0
530 430 0
513 431 0
390 451 0
218 468 0
