29 2 0
214 2 0
216 33 0
373 93 0
376 95 0
376 96 0
365 97 0
376 97 0
376 98 0
376 99 0
391 99 0
376 100 0
391 100 0
376 101 0
391 101 0
376 102 0
391 102 0
391 103 0
391 104 0
391 105 0
391 106 0
382 109 0
362 111 0
420 111 0
420 112 0
420 113 0
358 114 0
356 118 0
355 120 0
355 121 0
420 121 0
420 122 0
420 124 0
360 127 0
361 127 0
241 137 0
631 143 0
359 150 0
358 151 0
358 152 0
358 153 0
629 155 0
484 161 0
484 162 0
484 163 0
357 164 0
357 165 0
357 166 0
306 169 0
377 169 0
287 170 0
287 171 0
287 172 0
306 172 0
335 172 0
245 173 0
306 173 0
377 173 0
245 174 0
260 174 0
305 174 0
320 174 0
377 174 0
245 175 0
260 175 0
288 175 0
305 175 0
320 175 0
483 175 0
245 176 0
288 176 0
336 176 0
483 176 0
245 177 0
307 177 0
319 177 0
323 177 0
245 178 0
301 178 0
307 178 0
245 179 0
307 179 0
313 179 0
377 179 0
213 180 0
245 180 0
377 180 0
155 181 0
245 181 0
168 182 0
173 182 0
190 182 0
245 182 0
489 182 0
168 183 0
173 183 0
190 183 0
245 183 0
153 184 0
168 184 0
183 184 0
184 184 0
190 184 0
191 184 0
203 184 0
245 184 0
557 184 0
172 185 0
203 185 0
245 185 0
128 186 0
171 186 0
203 186 0
245 186 0
176 187 0
187 187 0
189 187 0
190 187 0
245 187 0
104 188 0
176 188 0
190 188 0
123 189 0
128 189 0
176 189 0
186 189 0
104 190 0
176 190 0
306 198 0
6 247 0
524 248 0
549 250 0
174 252 0
608 259 0
169 267 0
109 278 0
168 281 0
112 282 0
112 283 0
100 284 0
112 284 0
170 284 0
100 285 0
112 285 0
170 285 0
112 286 0
112 287 0
170 287 0
120 288 0
170 288 0
63 289 0
112 289 0
170 289 0
170 290 0
200 290 0
200 291 0
138 292 0
150 292 0
212 292 0
134 293 0
142 293 0
150 293 0
248 293 0
121 294 0
137 294 0
150 294 0
126 295 0
137 295 0
214 295 0
125 296 0
130 296 0
137 296 0
149 296 0
213 296 0
64 297 0
126 297 0
137 297 0
195 297 0
137 298 0
147 298 0
150 298 0
195 298 0
147 299 0
150 299 0
211 299 0
147 300 0
171 301 0
171 302 0
209 302 0
191 303 0
171 304 0
191 304 0
208 304 0
154 305 0
161 305 0
171 305 0
207 305 0
161 307 0
205 308 0
238 308 0
205 309 0
216 309 0
191 310 0
205 310 0
216 310 0
191 311 0
216 311 0
240 311 0
216 312 0
206 313 0
216 313 0
378 313 0
212 314 0
216 314 0
224 314 0
234 314 0
378 314 0
216 315 0
235 315 0
206 316 0
216 316 0
224 316 0
236 316 0
158 317 0
159 317 0
206 317 0
216 317 0
224 317 0
237 317 0
378 317 0
379 317 0
216 318 0
244 318 0
384 318 0
192 319 0
206 319 0
216 319 0
224 319 0
238 319 0
378 319 0
155 320 0
192 320 0
216 320 0
227 320 0
231 320 0
238 320 0
378 320 0
155 321 0
224 321 0
227 321 0
238 321 0
244 321 0
216 322 0
224 322 0
227 322 0
238 322 0
216 323 0
227 323 0
232 323 0
238 323 0
379 323 0
162 324 0
238 324 0
244 324 0
244 325 0
192 326 0
206 326 0
216 326 0
244 326 0
378 326 0
192 327 0
212 327 0
378 327 0
212 328 0
235 328 0
244 328 0
245 328 0
378 328 0
378 329 0
172 330 0
203 330 0
217 330 0
231 330 0
236 330 0
619 330 0
172 331 0
217 331 0
172 332 0
172 333 0
207 333 0
237 333 0
378 333 0
172 334 0
196 334 0
237 334 0
378 334 0
208 335 0
229 335 0
237 335 0
244 335 0
378 335 0
172 336 0
197 336 0
229 336 0
238 336 0
353 336 0
378 336 0
198 337 0
209 337 0
238 337 0
353 337 0
378 337 0
234 338 0
238 338 0
244 338 0
365 338 0
378 338 0
207 339 0
208 339 0
363 339 0
378 339 0
171 340 0
363 340 0
364 340 0
374 340 0
378 340 0
164 341 0
211 341 0
212 341 0
239 341 0
245 341 0
364 341 0
164 342 0
343 342 0
164 343 0
201 343 0
212 343 0
343 343 0
364 343 0
365 343 0
374 343 0
164 344 0
201 344 0
213 344 0
343 344 0
365 344 0
164 345 0
202 345 0
244 345 0
343 345 0
365 345 0
164 346 0
203 346 0
214 346 0
243 346 0
365 346 0
215 347 0
365 347 0
373 347 0
215 348 0
241 348 0
333 348 0
373 348 0
216 350 0
334 350 0
217 351 0
334 351 0
334 352 0
335 352 0
237 353 0
335 353 0
225 354 0
336 355 0
391 355 0
230 356 0
336 356 0
391 356 0
336 357 0
391 357 0
402 357 0
336 358 0
391 358 0
402 358 0
336 359 0
391 359 0
402 359 0
336 360 0
336 361 0
390 361 0
394 361 0
335 362 0
390 362 0
406 362 0
335 363 0
390 363 0
406 363 0
335 364 0
390 364 0
405 364 0
335 365 0
390 365 0
424 365 0
390 366 0
423 366 0
435 366 0
332 367 0
419 367 0
420 367 0
435 367 0
333 368 0
396 368 0
435 368 0
334 369 0
378 369 0
397 369 0
435 369 0
398 370 0
435 370 0
451 370 0
398 371 0
435 371 0
451 371 0
334 372 0
378 372 0
398 372 0
430 372 0
435 372 0
451 372 0
455 372 0
334 373 0
379 373 0
398 373 0
416 373 0
435 373 0
451 373 0
334 374 0
369 374 0
379 374 0
398 374 0
405 374 0
416 374 0
435 374 0
451 374 0
460 374 0
335 375 0
369 375 0
389 375 0
398 375 0
405 375 0
416 375 0
435 375 0
451 375 0
460 375 0
335 376 0
336 376 0
378 376 0
403 376 0
416 376 0
435 376 0
451 376 0
455 376 0
336 377 0
378 377 0
406 377 0
435 377 0
451 377 0
460 377 0
336 378 0
378 378 0
379 378 0
406 378 0
419 378 0
435 378 0
455 378 0
460 378 0
336 379 0
337 379 0
365 379 0
401 379 0
407 379 0
419 379 0
435 379 0
439 379 0
450 379 0
451 379 0
460 379 0
336 380 0
378 380 0
407 380 0
435 380 0
455 380 0
465 380 0
471 380 0
479 380 0
337 381 0
359 381 0
408 381 0
434 381 0
435 381 0
465 381 0
472 381 0
479 381 0
485 381 0
338 382 0
359 382 0
360 382 0
378 382 0
409 382 0
435 382 0
443 382 0
448 382 0
472 382 0
479 382 0
485 382 0
495 382 0
338 383 0
359 383 0
389 383 0
410 383 0
444 383 0
472 383 0
477 383 0
495 383 0
338 384 0
378 384 0
444 384 0
472 384 0
494 384 0
338 385 0
339 385 0
378 385 0
427 385 0
445 385 0
455 385 0
472 385 0
481 385 0
494 385 0
339 386 0
445 386 0
481 386 0
501 386 0
511 386 0
378 387 0
431 387 0
446 387 0
455 387 0
481 387 0
493 387 0
511 387 0
390 388 0
391 388 0
427 388 0
455 388 0
459 388 0
493 388 0
510 388 0
511 388 0
378 389 0
427 389 0
447 389 0
459 389 0
510 389 0
439 390 0
447 390 0
448 390 0
455 390 0
459 390 0
482 390 0
510 390 0
435 391 0
439 391 0
448 391 0
459 391 0
482 391 0
492 391 0
509 391 0
379 392 0
459 392 0
468 392 0
482 392 0
509 392 0
379 393 0
449 393 0
459 393 0
469 393 0
482 393 0
491 393 0
509 393 0
390 394 0
397 394 0
401 394 0
450 394 0
459 394 0
469 394 0
509 394 0
378 395 0
397 395 0
401 395 0
451 395 0
459 395 0
483 395 0
508 395 0
378 396 0
379 396 0
397 396 0
402 396 0
403 396 0
455 396 0
459 396 0
470 396 0
483 396 0
490 396 0
499 396 0
508 396 0
378 397 0
397 397 0
402 397 0
459 397 0
470 397 0
483 397 0
499 397 0
378 398 0
402 398 0
408 398 0
459 398 0
483 398 0
499 398 0
507 398 0
378 399 0
398 399 0
408 399 0
409 399 0
410 399 0
414 399 0
471 399 0
484 399 0
500 399 0
379 400 0
398 400 0
404 400 0
409 400 0
414 400 0
415 400 0
430 400 0
500 400 0
378 401 0
404 401 0
409 401 0
415 401 0
429 401 0
430 401 0
478 401 0
500 401 0
409 402 0
422 402 0
485 402 0
500 402 0
379 403 0
417 403 0
485 403 0
500 403 0
501 403 0
379 404 0
415 404 0
430 404 0
485 404 0
379 405 0
415 405 0
419 405 0
430 405 0
431 405 0
415 406 0
422 406 0
430 406 0
431 406 0
486 406 0
379 407 0
415 407 0
431 407 0
433 407 0
379 408 0
415 408 0
433 408 0
502 408 0
430 409 0
449 409 0
430 410 0
434 410 0
502 410 0
503 410 0
379 411 0
445 411 0
448 411 0
503 411 0
379 412 0
435 412 0
441 412 0
448 412 0
379 413 0
441 413 0
448 413 0
455 413 0
467 413 0
445 414 0
448 414 0
455 415 0
466 415 0
468 415 0
449 416 0
455 416 0
456 416 0
466 416 0
379 417 0
466 417 0
379 418 0
456 418 0
458 419 0
467 420 0
493 420 0
476 421 0
468 422 0
489 423 0
484 424 0
489 424 0
484 425 0
489 425 0
489 426 0
497 426 0
497 427 0
503 427 0
489 428 0
497 428 0
493 429 0
497 429 0
493 430 0
143 433 0
218 468 0
393 3 2
388 4 2
393 4 2
393 5 2
393 6 2
393 7 2
393 10 2
392 13 2
393 13 2
387 14 2
388 18 2
388 19 2
387 21 2
387 24 2
392 28 2
393 28 2
393 31 2
381 41 2
387 43 2
386 48 2
387 48 2
387 49 2
392 64 2
392 73 2
386 75 2
386 77 2
392 77 2
386 78 2
387 78 2
393 79 2
386 84 2
392 90 2
391 95 2
384 100 2
391 105 2
