29 2 0
29 3 0
297 32 0
297 33 0
373 74 0
378 82 0
379 85 0
357 93 0
379 93 0
358 94 0
498 94 0
347 95 0
358 95 0
347 96 0
358 96 0
498 96 0
358 97 0
498 97 0
358 98 0
358 99 0
358 100 0
378 100 0
358 101 0
288 103 0
363 105 0
364 107 0
372 107 0
378 107 0
343 111 0
369 112 0
369 113 0
406 116 0
371 118 0
372 118 0
406 120 0
406 121 0
406 122 0
406 123 0
314 126 0
323 126 0
344 127 0
367 130 0
367 131 0
406 131 0
467 139 0
467 140 0
372 141 0
467 141 0
375 144 0
372 145 0
372 147 0
33 148 0
470 150 0
383 152 0
472 154 0
383 155 0
351 157 0
459 157 0
339 164 0
363 164 0
339 165 0
274 172 0
247 173 0
274 173 0
323 173 0
232 174 0
247 174 0
303 174 0
310 174 0
232 175 0
275 175 0
310 175 0
317 175 0
232 176 0
275 176 0
300 176 0
310 176 0
317 176 0
322 176 0
232 177 0
317 177 0
232 178 0
247 178 0
294 178 0
300 178 0
303 178 0
311 178 0
317 178 0
363 178 0
188 179 0
232 179 0
247 179 0
294 179 0
299 179 0
303 179 0
311 179 0
188 180 0
189 180 0
232 180 0
247 180 0
232 181 0
247 181 0
248 181 0
163 182 0
168 182 0
173 182 0
232 182 0
248 182 0
162 183 0
163 183 0
171 183 0
173 183 0
174 183 0
188 183 0
247 183 0
155 184 0
159 184 0
162 184 0
163 184 0
172 184 0
173 184 0
155 185 0
159 185 0
173 185 0
232 185 0
155 186 0
161 186 0
162 186 0
173 186 0
190 186 0
155 187 0
159 187 0
160 187 0
161 187 0
163 187 0
173 187 0
176 187 0
190 187 0
155 188 0
157 188 0
160 188 0
161 188 0
168 188 0
173 188 0
155 189 0
156 189 0
160 189 0
161 189 0
168 189 0
173 189 0
139 190 0
155 190 0
156 190 0
160 190 0
168 190 0
104 191 0
155 191 0
128 193 0
124 194 0
142 194 0
342 196 0
524 248 0
153 267 0
154 267 0
154 275 0
154 276 0
85 277 0
417 280 0
153 281 0
37 282 0
97 283 0
97 284 0
187 288 0
120 291 0
184 291 0
116 292 0
248 293 0
105 294 0
106 294 0
119 294 0
102 295 0
105 295 0
132 295 0
122 296 0
122 297 0
126 297 0
155 297 0
189 297 0
216 297 0
122 298 0
180 298 0
190 298 0
216 298 0
122 299 0
155 299 0
217 299 0
132 300 0
135 300 0
136 300 0
138 300 0
132 301 0
135 301 0
138 301 0
140 301 0
148 301 0
129 302 0
138 302 0
144 302 0
219 302 0
129 303 0
135 303 0
138 303 0
144 303 0
176 303 0
219 303 0
135 304 0
144 304 0
176 304 0
135 305 0
186 305 0
221 305 0
147 306 0
179 306 0
144 307 0
222 307 0
196 309 0
176 310 0
200 310 0
176 311 0
196 311 0
225 312 0
360 312 0
178 313 0
218 313 0
360 313 0
156 314 0
196 314 0
200 314 0
219 314 0
360 314 0
190 315 0
220 315 0
227 315 0
360 315 0
140 316 0
156 316 0
190 316 0
200 316 0
221 316 0
360 316 0
190 317 0
200 317 0
221 317 0
146 318 0
190 318 0
221 318 0
222 318 0
228 318 0
360 318 0
146 319 0
147 319 0
190 319 0
222 319 0
360 319 0
146 320 0
147 320 0
177 320 0
190 320 0
197 320 0
222 320 0
360 320 0
190 321 0
222 321 0
360 321 0
183 322 0
196 322 0
200 322 0
360 322 0
190 323 0
200 323 0
211 323 0
216 323 0
222 323 0
360 323 0
190 324 0
196 324 0
200 324 0
201 324 0
222 324 0
177 325 0
190 325 0
229 325 0
360 325 0
176 326 0
177 326 0
360 326 0
177 327 0
190 327 0
360 327 0
179 328 0
360 328 0
360 329 0
221 330 0
360 330 0
157 331 0
191 331 0
217 331 0
221 331 0
360 331 0
202 332 0
221 332 0
360 332 0
192 333 0
360 333 0
157 334 0
181 334 0
192 334 0
205 334 0
213 334 0
360 334 0
157 335 0
182 335 0
193 335 0
360 335 0
157 336 0
182 336 0
218 336 0
222 336 0
360 336 0
194 337 0
345 337 0
360 337 0
192 338 0
195 339 0
360 339 0
196 340 0
228 340 0
229 340 0
356 340 0
360 340 0
196 341 0
219 341 0
340 341 0
347 341 0
356 341 0
149 342 0
197 342 0
325 342 0
347 342 0
355 342 0
149 343 0
186 343 0
197 343 0
326 343 0
347 343 0
198 344 0
326 344 0
347 344 0
360 344 0
187 345 0
360 345 0
199 346 0
316 346 0
197 347 0
519 347 0
200 348 0
519 348 0
360 349 0
201 350 0
357 350 0
318 353 0
372 353 0
358 354 0
372 354 0
318 355 0
319 355 0
319 356 0
383 356 0
319 357 0
319 358 0
318 363 0
386 363 0
404 363 0
415 363 0
386 364 0
391 364 0
400 364 0
415 364 0
415 365 0
378 366 0
415 366 0
415 367 0
431 367 0
360 368 0
390 368 0
415 368 0
431 368 0
435 368 0
380 369 0
390 369 0
415 369 0
431 369 0
435 369 0
439 369 0
380 370 0
415 370 0
431 370 0
439 370 0
380 371 0
415 371 0
431 371 0
439 371 0
317 372 0
360 372 0
415 372 0
431 372 0
439 372 0
379 373 0
386 373 0
415 373 0
431 373 0
439 373 0
360 374 0
415 374 0
431 374 0
435 374 0
439 374 0
6 375 0
415 375 0
431 375 0
435 375 0
439 375 0
6 376 0
348 376 0
373 376 0
415 376 0
431 376 0
319 377 0
340 377 0
347 377 0
415 377 0
439 377 0
319 378 0
341 378 0
415 378 0
423 378 0
439 378 0
444 378 0
451 378 0
341 379 0
415 379 0
435 379 0
444 379 0
451 379 0
464 379 0
473 379 0
320 380 0
321 380 0
415 380 0
424 380 0
435 380 0
451 380 0
473 380 0
415 381 0
435 381 0
451 381 0
473 381 0
321 382 0
407 382 0
415 382 0
420 382 0
435 382 0
451 382 0
460 382 0
472 382 0
321 383 0
322 383 0
326 383 0
407 383 0
415 383 0
460 383 0
472 383 0
489 383 0
407 384 0
415 384 0
426 384 0
460 384 0
488 384 0
407 385 0
427 385 0
471 385 0
488 385 0
408 386 0
427 386 0
471 386 0
488 386 0
415 387 0
461 387 0
481 387 0
487 387 0
371 388 0
428 388 0
447 388 0
461 388 0
470 388 0
371 389 0
429 389 0
439 389 0
461 389 0
371 390 0
429 390 0
439 390 0
444 390 0
371 391 0
379 391 0
439 391 0
371 392 0
439 392 0
469 392 0
439 393 0
444 393 0
450 393 0
372 394 0
439 394 0
462 394 0
463 394 0
478 394 0
491 394 0
373 395 0
383 395 0
439 395 0
451 395 0
463 395 0
478 395 0
491 395 0
451 396 0
463 396 0
478 396 0
390 397 0
391 397 0
452 397 0
390 398 0
396 398 0
400 398 0
452 398 0
464 398 0
479 398 0
390 399 0
400 399 0
464 399 0
479 399 0
360 400 0
396 400 0
464 400 0
479 400 0
360 401 0
361 401 0
393 401 0
396 401 0
400 401 0
464 401 0
479 401 0
396 402 0
414 402 0
465 402 0
361 403 0
396 403 0
414 403 0
360 404 0
396 404 0
396 405 0
619 405 0
361 406 0
426 406 0
422 407 0
434 408 0
431 409 0
361 410 0
426 410 0
434 410 0
446 410 0
361 411 0
426 411 0
429 411 0
429 412 0
435 414 0
446 415 0
455 415 0
446 416 0
455 416 0
460 416 0
619 416 0
455 417 0
468 419 0
618 419 0
456 420 0
468 420 0
471 420 0
618 420 0
468 421 0
618 421 0
468 422 0
471 422 0
618 422 0
468 423 0
618 423 0
468 424 0
473 426 0
618 433 0
617 435 0
617 446 0
617 448 0
617 449 0
616 460 0
616 461 0
616 463 0
218 468 0
8 204 1
21 233 1
23 275 1
10 294 1
8 297 1
33 302 1
33 303 1
10 331 1
26 338 1
379 7 2
380 9 2
379 10 2
379 13 2
379 15 2
374 17 2
379 20 2
380 20 2
379 23 2
379 25 2
379 27 2
373 30 2
379 31 2
373 32 2
374 32 2
379 32 2
379 34 2
379 35 2
379 39 2
379 40 2
373 41 2
374 41 2
379 41 2
379 46 2
379 47 2
379 53 2
379 54 2
379 56 2
379 62 2
374 65 2
