367 15 0
367 17 0
367 19 0
367 21 0
367 23 0
367 24 0
583 24 0
367 26 0
297 33 0
584 62 0
585 62 0
342 97 0
342 98 0
342 102 0
344 105 0
347 107 0
346 109 0
346 110 0
347 112 0
352 112 0
328 113 0
348 113 0
341 114 0
348 114 0
350 114 0
351 114 0
352 114 0
353 114 0
328 115 0
347 115 0
351 115 0
352 115 0
354 115 0
347 116 0
349 116 0
354 116 0
326 117 0
327 117 0
345 117 0
353 117 0
325 118 0
326 118 0
340 118 0
345 118 0
351 118 0
353 118 0
341 119 0
346 119 0
351 119 0
354 119 0
329 120 0
330 120 0
343 120 0
344 120 0
346 120 0
354 120 0
356 120 0
350 121 0
355 121 0
354 122 0
352 123 0
353 123 0
352 124 0
353 124 0
357 124 0
351 125 0
352 125 0
354 125 0
355 125 0
356 125 0
358 125 0
351 126 0
354 126 0
355 126 0
345 127 0
349 127 0
350 127 0
352 127 0
355 127 0
357 127 0
359 127 0
350 128 0
351 128 0
352 128 0
354 128 0
355 128 0
359 128 0
351 129 0
359 129 0
351 130 0
351 133 0
351 134 0
351 136 0
371 141 0
375 144 0
346 148 0
347 149 0
89 152 0
346 154 0
328 155 0
346 155 0
347 155 0
332 157 0
327 158 0
328 158 0
328 159 0
329 159 0
330 159 0
335 160 0
456 161 0
329 162 0
345 162 0
346 162 0
329 163 0
456 163 0
329 164 0
330 164 0
456 164 0
328 168 0
330 168 0
331 168 0
328 169 0
327 170 0
328 170 0
456 171 0
262 172 0
322 172 0
349 172 0
307 173 0
322 173 0
323 173 0
329 173 0
263 175 0
322 175 0
269 176 0
322 176 0
327 178 0
328 178 0
321 179 0
322 179 0
328 179 0
347 179 0
176 180 0
321 180 0
347 180 0
176 181 0
325 181 0
176 182 0
322 182 0
165 183 0
322 183 0
165 184 0
235 184 0
128 185 0
143 185 0
165 185 0
345 185 0
346 185 0
147 186 0
221 186 0
102 187 0
143 189 0
143 190 0
326 190 0
326 191 0
326 192 0
327 192 0
328 193 0
323 196 0
306 198 0
362 219 0
496 243 0
608 259 0
140 268 0
140 272 0
139 281 0
417 281 0
270 287 0
272 287 0
269 288 0
270 288 0
271 288 0
272 288 0
273 288 0
274 288 0
276 288 0
162 289 0
187 289 0
270 289 0
271 289 0
272 289 0
273 289 0
274 289 0
275 289 0
276 289 0
170 290 0
270 290 0
271 290 0
272 290 0
273 290 0
274 290 0
275 290 0
276 290 0
275 291 0
276 291 0
277 291 0
141 293 0
248 293 0
141 294 0
96 296 0
112 297 0
112 298 0
203 299 0
108 300 0
44 303 0
161 303 0
176 305 0
257 309 0
257 310 0
343 312 0
343 313 0
176 314 0
182 314 0
205 314 0
176 315 0
383 315 0
176 316 0
186 316 0
206 316 0
176 317 0
186 317 0
207 317 0
125 318 0
126 318 0
162 318 0
176 318 0
186 318 0
207 318 0
343 318 0
126 319 0
162 319 0
176 319 0
186 319 0
343 319 0
126 320 0
176 320 0
186 320 0
208 320 0
343 320 0
176 321 0
186 321 0
207 321 0
343 321 0
186 322 0
207 322 0
214 322 0
186 323 0
207 323 0
186 324 0
343 324 0
162 325 0
186 325 0
343 325 0
186 326 0
343 326 0
186 327 0
142 328 0
186 328 0
343 328 0
198 329 0
343 329 0
187 330 0
198 330 0
343 330 0
343 331 0
343 332 0
198 333 0
319 333 0
343 333 0
198 334 0
343 334 0
179 335 0
207 335 0
343 335 0
198 336 0
343 336 0
143 337 0
180 337 0
324 337 0
329 337 0
142 338 0
214 338 0
324 338 0
330 338 0
343 338 0
520 338 0
142 339 0
208 339 0
330 339 0
343 339 0
182 340 0
309 340 0
330 340 0
308 341 0
309 341 0
330 341 0
343 341 0
330 342 0
343 342 0
331 343 0
343 343 0
172 344 0
184 344 0
300 344 0
338 344 0
343 344 0
300 345 0
343 345 0
185 346 0
300 346 0
343 346 0
300 347 0
184 348 0
301 348 0
519 348 0
187 349 0
301 349 0
343 349 0
301 350 0
302 350 0
343 350 0
302 351 0
355 351 0
302 352 0
303 352 0
355 352 0
302 353 0
355 353 0
355 354 0
366 354 0
303 355 0
355 355 0
302 357 0
370 357 0
354 358 0
354 359 0
354 360 0
397 360 0
354 361 0
397 361 0
373 362 0
383 362 0
397 362 0
343 363 0
368 363 0
373 363 0
397 363 0
343 364 0
366 364 0
397 364 0
412 364 0
361 365 0
362 365 0
397 365 0
412 365 0
301 366 0
343 366 0
362 366 0
397 366 0
412 366 0
301 367 0
362 367 0
397 367 0
412 367 0
420 367 0
343 368 0
397 368 0
412 368 0
420 368 0
343 369 0
354 369 0
362 369 0
379 369 0
397 369 0
412 369 0
420 369 0
301 370 0
343 370 0
362 370 0
379 370 0
397 370 0
412 370 0
420 370 0
301 371 0
343 371 0
379 371 0
397 371 0
412 371 0
420 371 0
438 371 0
302 372 0
343 372 0
354 372 0
369 372 0
397 372 0
412 372 0
420 372 0
438 372 0
343 373 0
397 373 0
412 373 0
416 373 0
420 373 0
426 373 0
343 374 0
356 374 0
382 374 0
397 374 0
412 374 0
420 374 0
426 374 0
431 374 0
445 374 0
303 375 0
324 375 0
343 375 0
382 375 0
397 375 0
412 375 0
420 375 0
432 375 0
439 375 0
445 375 0
454 375 0
7 376 0
303 376 0
324 376 0
343 376 0
382 376 0
397 376 0
405 376 0
412 376 0
416 376 0
420 376 0
432 376 0
439 376 0
453 376 0
303 377 0
325 377 0
327 377 0
343 377 0
405 377 0
412 377 0
416 377 0
420 377 0
432 377 0
453 377 0
325 378 0
327 378 0
343 378 0
406 378 0
412 378 0
420 378 0
432 378 0
453 378 0
305 379 0
343 379 0
397 379 0
406 379 0
407 379 0
432 379 0
452 379 0
469 379 0
343 380 0
389 380 0
401 380 0
407 380 0
431 380 0
446 380 0
452 380 0
468 380 0
343 381 0
408 381 0
420 381 0
421 381 0
441 381 0
446 381 0
452 381 0
468 381 0
474 381 0
343 382 0
389 382 0
408 382 0
441 382 0
446 382 0
451 382 0
468 382 0
343 383 0
390 383 0
394 383 0
409 383 0
441 383 0
446 383 0
451 383 0
343 384 0
409 384 0
421 384 0
442 384 0
451 384 0
461 384 0
343 385 0
410 385 0
421 385 0
442 385 0
450 385 0
457 385 0
343 386 0
410 386 0
429 386 0
442 386 0
450 386 0
457 386 0
343 387 0
411 387 0
417 387 0
429 387 0
442 387 0
450 387 0
457 387 0
343 388 0
411 388 0
412 388 0
343 389 0
362 389 0
412 389 0
430 389 0
443 389 0
449 389 0
343 390 0
361 390 0
413 390 0
425 390 0
443 390 0
458 390 0
343 391 0
361 391 0
366 391 0
431 391 0
443 391 0
458 391 0
343 392 0
366 392 0
372 392 0
421 392 0
458 392 0
343 393 0
366 393 0
372 393 0
444 393 0
458 393 0
343 394 0
372 394 0
432 394 0
433 394 0
444 394 0
459 394 0
594 394 0
343 395 0
363 395 0
370 395 0
372 395 0
378 395 0
393 395 0
433 395 0
444 395 0
452 395 0
459 395 0
594 395 0
343 396 0
372 396 0
378 396 0
385 396 0
434 396 0
444 396 0
459 396 0
594 396 0
343 397 0
372 397 0
378 397 0
439 397 0
459 397 0
594 397 0
343 398 0
378 398 0
397 398 0
445 398 0
459 398 0
468 398 0
593 398 0
594 398 0
378 399 0
382 399 0
396 399 0
460 399 0
468 399 0
593 399 0
378 400 0
392 400 0
396 400 0
400 400 0
460 400 0
461 400 0
273 401 0
274 401 0
378 401 0
392 401 0
396 401 0
461 401 0
273 402 0
274 402 0
275 402 0
276 402 0
277 402 0
378 402 0
379 402 0
392 402 0
396 402 0
461 402 0
593 402 0
275 403 0
276 403 0
279 403 0
280 403 0
343 403 0
396 403 0
404 403 0
461 403 0
593 403 0
275 404 0
278 404 0
279 404 0
280 404 0
393 404 0
408 404 0
593 404 0
594 404 0
278 405 0
283 405 0
408 405 0
428 405 0
593 405 0
594 405 0
407 406 0
416 406 0
420 406 0
594 406 0
416 407 0
427 407 0
344 408 0
416 408 0
427 408 0
344 409 0
411 409 0
427 409 0
412 410 0
427 410 0
437 410 0
593 410 0
594 410 0
427 411 0
436 411 0
593 411 0
594 411 0
429 412 0
593 412 0
344 413 0
444 413 0
453 413 0
593 413 0
344 414 0
428 414 0
593 414 0
429 415 0
448 415 0
593 415 0
344 416 0
448 416 0
593 416 0
444 417 0
445 417 0
448 417 0
593 417 0
448 418 0
449 418 0
456 418 0
593 418 0
448 419 0
456 419 0
461 419 0
592 419 0
593 419 0
449 420 0
456 420 0
592 420 0
456 421 0
592 421 0
593 421 0
466 422 0
467 422 0
593 422 0
593 423 0
593 424 0
609 424 0
593 425 0
513 426 0
593 426 0
328 428 0
592 428 0
593 428 0
592 429 0
592 430 0
592 431 0
592 432 0
592 433 0
592 434 0
592 436 0
617 437 0
592 440 0
592 442 0
592 443 0
636 443 0
592 444 0
591 445 0
592 445 0
591 446 0
591 447 0
591 448 0
592 448 0
591 449 0
591 451 0
592 454 0
591 457 0
591 458 0
591 459 0
591 460 0
591 461 0
590 462 0
590 463 0
591 466 0
591 467 0
218 468 0
219 468 0
591 469 0
591 470 0
590 471 0
590 472 0
590 473 0
590 474 0
590 475 0
