387 12 0
474 18 0
583 23 0
447 30 0
297 33 0
37 39 0
342 41 0
347 80 0
328 95 0
329 98 0
329 100 0
358 101 0
318 102 0
358 102 0
14 104 0
358 106 0
132 107 0
330 107 0
358 107 0
329 108 0
330 108 0
358 108 0
330 109 0
330 110 0
335 110 0
334 111 0
335 111 0
332 113 0
333 113 0
342 119 0
343 119 0
342 120 0
47 122 0
331 122 0
332 122 0
331 123 0
332 123 0
342 125 0
343 125 0
344 125 0
314 126 0
323 126 0
324 126 0
342 126 0
343 126 0
344 127 0
326 128 0
344 128 0
345 128 0
346 128 0
324 129 0
336 129 0
337 129 0
339 129 0
340 129 0
346 129 0
336 130 0
339 130 0
346 130 0
337 131 0
338 131 0
338 135 0
364 138 0
409 139 0
409 140 0
338 141 0
338 142 0
338 143 0
33 148 0
336 151 0
336 152 0
337 152 0
336 165 0
312 169 0
318 169 0
461 169 0
312 170 0
317 171 0
317 174 0
213 175 0
317 175 0
313 176 0
291 178 0
300 178 0
573 178 0
574 178 0
169 180 0
213 180 0
535 180 0
169 181 0
135 183 0
151 183 0
157 183 0
135 184 0
151 184 0
157 184 0
228 184 0
135 185 0
337 185 0
338 185 0
135 186 0
135 187 0
135 188 0
139 188 0
312 188 0
313 188 0
314 188 0
135 189 0
140 189 0
157 189 0
338 189 0
135 190 0
140 190 0
313 190 0
314 190 0
337 190 0
104 191 0
135 191 0
313 191 0
314 191 0
338 191 0
314 192 0
548 200 0
361 219 0
290 222 0
350 231 0
351 234 0
362 235 0
335 237 0
389 243 0
398 243 0
496 243 0
272 246 0
334 247 0
316 251 0
608 259 0
303 265 0
29 266 0
130 267 0
298 267 0
342 267 0
130 268 0
130 269 0
130 271 0
494 275 0
496 277 0
129 280 0
131 284 0
512 284 0
131 286 0
261 286 0
261 287 0
262 287 0
263 287 0
264 287 0
265 287 0
266 287 0
99 288 0
131 288 0
261 288 0
262 288 0
263 288 0
264 288 0
265 288 0
266 288 0
268 288 0
269 288 0
270 288 0
131 289 0
160 289 0
161 289 0
262 289 0
263 289 0
264 289 0
265 289 0
266 289 0
267 289 0
268 289 0
269 289 0
264 290 0
265 290 0
266 290 0
267 290 0
268 290 0
269 290 0
99 291 0
268 291 0
74 292 0
82 292 0
131 292 0
74 293 0
248 293 0
79 294 0
93 295 0
96 295 0
105 295 0
156 295 0
93 297 0
106 297 0
108 297 0
108 298 0
96 299 0
115 300 0
103 302 0
152 302 0
106 303 0
132 303 0
152 303 0
132 305 0
162 305 0
120 307 0
132 307 0
132 308 0
176 308 0
152 309 0
176 309 0
152 310 0
176 310 0
200 311 0
201 312 0
136 313 0
196 315 0
166 316 0
203 316 0
166 317 0
197 317 0
123 318 0
166 318 0
187 318 0
197 318 0
203 318 0
166 319 0
197 319 0
166 320 0
197 320 0
166 321 0
197 321 0
166 322 0
203 322 0
166 323 0
203 323 0
166 324 0
166 325 0
166 326 0
195 327 0
192 329 0
196 329 0
196 330 0
331 331 0
168 332 0
197 332 0
511 332 0
133 333 0
197 333 0
169 334 0
197 334 0
317 334 0
193 335 0
317 335 0
133 336 0
170 336 0
318 336 0
198 337 0
132 338 0
171 338 0
318 338 0
132 339 0
199 339 0
318 339 0
318 340 0
331 340 0
126 341 0
173 341 0
298 341 0
289 342 0
163 343 0
174 343 0
288 343 0
289 343 0
163 344 0
175 345 0
289 345 0
289 346 0
176 347 0
177 348 0
290 348 0
343 349 0
343 350 0
343 351 0
291 352 0
343 352 0
343 353 0
291 356 0
357 356 0
290 357 0
290 358 0
342 358 0
356 358 0
342 359 0
356 359 0
361 359 0
384 359 0
356 360 0
389 360 0
384 361 0
349 362 0
384 362 0
399 362 0
384 363 0
399 363 0
331 364 0
350 364 0
384 364 0
399 364 0
404 364 0
350 365 0
384 365 0
399 365 0
403 365 0
404 365 0
290 366 0
350 366 0
384 366 0
399 366 0
404 366 0
407 366 0
331 367 0
350 367 0
366 367 0
367 367 0
384 367 0
407 367 0
289 368 0
331 368 0
350 368 0
356 368 0
366 368 0
384 368 0
399 368 0
407 368 0
366 369 0
367 369 0
384 369 0
331 370 0
342 370 0
368 370 0
384 370 0
291 371 0
331 371 0
343 371 0
357 371 0
370 371 0
384 371 0
417 371 0
331 372 0
344 372 0
370 372 0
384 372 0
407 372 0
418 372 0
425 372 0
430 372 0
431 372 0
331 373 0
358 373 0
359 373 0
370 373 0
384 373 0
391 373 0
407 373 0
412 373 0
418 373 0
426 373 0
431 373 0
439 373 0
360 374 0
374 374 0
384 374 0
392 374 0
407 374 0
412 374 0
418 374 0
419 374 0
439 374 0
374 375 0
384 375 0
392 375 0
407 375 0
412 375 0
439 375 0
6 376 0
292 376 0
331 376 0
377 376 0
384 376 0
393 376 0
407 376 0
412 376 0
418 376 0
424 376 0
432 376 0
438 376 0
316 377 0
377 377 0
384 377 0
393 377 0
407 377 0
427 377 0
432 377 0
438 377 0
454 377 0
384 378 0
394 378 0
407 378 0
427 378 0
438 378 0
446 378 0
453 378 0
454 378 0
294 379 0
331 379 0
384 379 0
388 379 0
389 379 0
407 379 0
427 379 0
437 379 0
438 379 0
446 379 0
453 379 0
294 380 0
377 380 0
384 380 0
388 380 0
389 380 0
395 380 0
407 380 0
437 380 0
453 380 0
459 380 0
377 381 0
384 381 0
396 381 0
407 381 0
428 381 0
433 381 0
437 381 0
447 381 0
453 381 0
459 381 0
342 382 0
384 382 0
396 382 0
407 382 0
412 382 0
428 382 0
433 382 0
436 382 0
447 382 0
452 382 0
459 382 0
384 383 0
407 383 0
420 383 0
428 383 0
436 383 0
441 383 0
443 383 0
447 383 0
452 383 0
403 384 0
407 384 0
428 384 0
443 384 0
452 384 0
458 384 0
403 385 0
407 385 0
429 385 0
435 385 0
436 385 0
443 385 0
350 386 0
399 386 0
403 386 0
407 386 0
412 386 0
429 386 0
435 386 0
440 386 0
451 386 0
342 387 0
349 387 0
407 387 0
412 387 0
429 387 0
342 388 0
349 388 0
407 388 0
423 388 0
429 388 0
444 388 0
407 389 0
412 389 0
418 389 0
439 389 0
444 389 0
456 389 0
419 390 0
430 390 0
444 390 0
456 390 0
576 390 0
364 391 0
365 391 0
380 391 0
419 391 0
430 391 0
576 391 0
359 392 0
360 392 0
370 392 0
374 392 0
381 392 0
420 392 0
430 392 0
431 392 0
438 392 0
445 392 0
364 393 0
365 393 0
370 393 0
373 393 0
431 393 0
445 393 0
357 394 0
365 394 0
370 394 0
445 394 0
576 394 0
370 395 0
431 395 0
437 395 0
454 395 0
576 395 0
366 396 0
370 396 0
454 396 0
576 396 0
366 397 0
576 397 0
366 398 0
373 398 0
379 398 0
446 398 0
453 398 0
576 398 0
332 399 0
366 399 0
394 399 0
447 399 0
576 399 0
265 400 0
266 400 0
267 400 0
576 400 0
266 401 0
267 401 0
268 401 0
269 401 0
270 401 0
390 401 0
397 401 0
401 401 0
576 401 0
269 402 0
270 402 0
271 402 0
332 402 0
397 402 0
398 402 0
414 402 0
415 402 0
575 402 0
576 402 0
390 403 0
394 403 0
397 403 0
398 403 0
414 403 0
575 403 0
576 403 0
270 404 0
271 404 0
390 404 0
397 404 0
408 404 0
414 404 0
421 404 0
575 404 0
397 405 0
413 405 0
415 405 0
575 405 0
413 406 0
415 406 0
575 406 0
413 407 0
575 407 0
332 408 0
413 408 0
414 408 0
415 408 0
575 408 0
332 409 0
414 409 0
430 409 0
438 409 0
439 409 0
414 410 0
430 410 0
438 410 0
439 410 0
575 410 0
415 411 0
422 411 0
429 411 0
430 411 0
575 411 0
422 412 0
430 412 0
430 413 0
443 413 0
430 414 0
332 415 0
430 415 0
442 415 0
451 415 0
575 415 0
430 416 0
442 416 0
455 416 0
575 416 0
442 417 0
575 417 0
452 418 0
575 418 0
439 419 0
575 419 0
452 420 0
575 420 0
575 421 0
452 422 0
575 422 0
574 423 0
227 426 0
228 426 0
575 427 0
574 428 0
575 428 0
574 429 0
575 429 0
575 430 0
574 431 0
575 431 0
574 432 0
575 432 0
574 433 0
574 435 0
574 436 0
617 436 0
574 437 0
574 438 0
574 440 0
574 441 0
574 442 0
574 443 0
574 444 0
574 445 0
574 446 0
574 447 0
574 448 0
574 449 0
573 450 0
573 451 0
573 452 0
573 453 0
573 454 0
573 455 0
573 456 0
574 459 0
573 460 0
573 461 0
573 462 0
573 463 0
573 464 0
573 465 0
573 466 0
572 467 0
218 468 0
572 468 0
573 471 0
283 474 0
573 474 0
573 475 0
