29 2 0
213 2 0
29 3 0
213 3 0
29 4 0
387 12 0
474 18 0
475 18 0
583 23 0
447 30 0
585 30 0
215 33 0
297 33 0
514 36 0
507 78 0
306 94 0
311 96 0
310 98 0
321 98 0
321 99 0
321 100 0
90 101 0
14 104 0
439 105 0
444 105 0
445 105 0
416 106 0
132 107 0
325 108 0
370 108 0
325 109 0
326 109 0
357 109 0
359 109 0
360 109 0
363 109 0
326 112 0
327 112 0
328 112 0
308 113 0
309 113 0
326 113 0
327 113 0
328 113 0
329 113 0
307 114 0
308 114 0
309 114 0
310 114 0
327 114 0
328 114 0
329 114 0
307 115 0
309 115 0
310 115 0
327 115 0
329 115 0
305 116 0
329 116 0
330 116 0
331 116 0
305 117 0
328 117 0
329 117 0
331 117 0
332 117 0
305 118 0
319 118 0
320 118 0
328 118 0
329 118 0
331 118 0
320 119 0
332 119 0
311 120 0
312 120 0
320 120 0
331 120 0
332 120 0
333 120 0
334 120 0
331 121 0
332 121 0
333 121 0
334 121 0
303 122 0
331 122 0
332 122 0
331 123 0
332 123 0
333 123 0
334 123 0
335 123 0
333 124 0
334 124 0
314 125 0
334 125 0
335 125 0
314 126 0
323 126 0
324 126 0
332 126 0
447 126 0
506 126 0
303 127 0
332 127 0
333 127 0
335 127 0
336 127 0
333 128 0
334 128 0
335 128 0
336 128 0
325 129 0
326 129 0
330 129 0
332 129 0
333 129 0
334 129 0
336 129 0
337 129 0
329 130 0
330 130 0
331 130 0
332 130 0
333 130 0
334 130 0
335 130 0
336 130 0
330 131 0
331 131 0
334 131 0
335 131 0
336 131 0
338 131 0
307 132 0
329 132 0
330 132 0
331 132 0
338 132 0
293 133 0
334 134 0
335 134 0
431 135 0
240 137 0
241 137 0
40 139 0
4 145 0
330 146 0
33 148 0
327 152 0
328 152 0
326 153 0
327 153 0
328 153 0
329 153 0
326 154 0
328 154 0
329 154 0
306 155 0
326 155 0
328 155 0
329 155 0
326 156 0
328 156 0
329 156 0
327 157 0
328 157 0
329 157 0
310 158 0
325 158 0
326 158 0
329 158 0
310 159 0
313 159 0
325 159 0
310 160 0
325 160 0
310 161 0
299 162 0
301 162 0
303 162 0
310 162 0
312 162 0
328 162 0
329 162 0
330 162 0
283 163 0
289 163 0
328 163 0
329 163 0
263 164 0
309 164 0
310 164 0
328 164 0
329 164 0
331 164 0
255 165 0
263 165 0
309 165 0
310 165 0
311 165 0
328 165 0
329 165 0
331 165 0
305 166 0
310 166 0
311 166 0
327 166 0
328 166 0
329 166 0
305 167 0
310 167 0
311 167 0
312 167 0
328 167 0
201 168 0
308 168 0
310 168 0
311 168 0
312 168 0
327 168 0
328 168 0
188 169 0
309 169 0
310 169 0
312 169 0
327 169 0
329 169 0
166 170 0
309 170 0
310 170 0
329 170 0
330 170 0
329 171 0
330 171 0
143 172 0
144 172 0
264 172 0
277 172 0
328 172 0
329 172 0
330 172 0
331 172 0
332 172 0
307 173 0
308 173 0
309 173 0
330 173 0
307 174 0
309 174 0
310 174 0
331 174 0
259 175 0
305 175 0
310 175 0
311 175 0
533 175 0
534 175 0
254 176 0
307 176 0
310 176 0
311 176 0
291 177 0
305 177 0
307 177 0
308 177 0
310 177 0
260 178 0
305 178 0
308 178 0
310 178 0
311 178 0
573 178 0
296 179 0
299 179 0
308 179 0
310 179 0
311 179 0
439 179 0
283 180 0
284 180 0
308 180 0
309 180 0
310 180 0
312 180 0
333 180 0
429 180 0
431 180 0
432 180 0
274 181 0
306 181 0
307 181 0
308 181 0
309 181 0
311 181 0
334 181 0
335 181 0
426 181 0
309 182 0
311 182 0
309 183 0
137 184 0
306 184 0
307 184 0
309 184 0
310 184 0
402 184 0
154 185 0
306 185 0
307 185 0
308 185 0
309 185 0
310 185 0
308 186 0
309 186 0
310 186 0
311 186 0
331 186 0
307 187 0
308 187 0
309 187 0
310 187 0
311 187 0
309 188 0
310 188 0
311 188 0
140 189 0
307 189 0
309 189 0
75 190 0
136 190 0
309 190 0
310 192 0
310 193 0
312 194 0
330 197 0
308 198 0
309 198 0
310 198 0
311 198 0
312 198 0
329 198 0
280 200 0
328 212 0
295 214 0
6 219 0
361 219 0
397 222 0
314 228 0
318 228 0
313 230 0
407 232 0
296 233 0
257 235 0
283 235 0
275 237 0
405 237 0
294 238 0
399 238 0
267 239 0
271 239 0
272 239 0
348 239 0
302 240 0
312 240 0
345 240 0
295 241 0
306 242 0
313 242 0
347 242 0
281 243 0
328 243 0
376 243 0
377 243 0
496 243 0
326 244 0
399 244 0
272 246 0
348 246 0
335 247 0
394 247 0
284 248 0
331 248 0
524 248 0
304 249 0
265 250 0
283 250 0
332 250 0
301 251 0
322 251 0
341 252 0
311 253 0
309 254 0
310 254 0
349 255 0
252 256 0
278 256 0
332 256 0
355 256 0
250 258 0
281 258 0
300 258 0
309 258 0
339 258 0
342 258 0
356 258 0
293 259 0
608 259 0
290 260 0
318 261 0
349 261 0
321 262 0
303 265 0
357 265 0
299 266 0
430 266 0
264 267 0
409 267 0
277 268 0
325 268 0
305 269 0
301 270 0
319 271 0
329 271 0
312 272 0
318 273 0
305 275 0
285 278 0
307 279 0
327 279 0
293 280 0
416 280 0
417 280 0
340 281 0
416 281 0
337 282 0
308 283 0
322 283 0
279 284 0
257 286 0
259 286 0
260 286 0
262 286 0
481 286 0
259 287 0
260 287 0
261 287 0
262 287 0
263 287 0
264 287 0
256 288 0
259 288 0
260 288 0
261 288 0
262 288 0
263 288 0
264 288 0
265 288 0
266 288 0
267 288 0
268 288 0
155 289 0
161 289 0
260 289 0
261 289 0
262 289 0
263 289 0
264 289 0
265 289 0
266 289 0
250 290 0
261 290 0
262 290 0
263 290 0
264 290 0
265 290 0
266 290 0
269 290 0
107 291 0
259 291 0
268 291 0
269 291 0
74 292 0
170 292 0
169 293 0
248 293 0
88 294 0
151 295 0
164 300 0
43 303 0
162 303 0
161 304 0
257 309 0
422 311 0
499 311 0
136 313 0
161 313 0
161 314 0
161 315 0
323 315 0
161 316 0
497 316 0
192 319 0
161 321 0
323 321 0
161 322 0
323 322 0
171 323 0
506 326 0
504 329 0
152 331 0
504 331 0
300 332 0
311 332 0
504 332 0
506 332 0
507 332 0
294 334 0
295 334 0
318 334 0
293 335 0
292 336 0
128 337 0
291 337 0
508 338 0
514 339 0
515 339 0
516 339 0
198 340 0
282 340 0
521 340 0
159 341 0
160 341 0
282 341 0
283 341 0
308 341 0
336 347 0
354 351 0
355 351 0
345 352 0
346 352 0
351 352 0
352 352 0
579 352 0
350 353 0
351 353 0
350 354 0
349 355 0
272 356 0
349 356 0
355 356 0
348 357 0
354 357 0
376 357 0
377 357 0
284 358 0
348 358 0
365 358 0
376 358 0
609 358 0
348 359 0
365 359 0
391 360 0
315 361 0
316 361 0
391 361 0
315 362 0
399 362 0
395 363 0
399 363 0
343 364 0
359 364 0
416 366 0
316 367 0
342 367 0
416 367 0
341 368 0
395 368 0
416 368 0
395 369 0
431 370 0
344 371 0
395 371 0
415 371 0
431 371 0
341 372 0
342 372 0
362 372 0
395 372 0
410 372 0
415 372 0
417 372 0
430 372 0
398 373 0
410 373 0
430 373 0
370 374 0
371 374 0
398 374 0
410 374 0
430 374 0
445 374 0
446 374 0
6 375 0
296 375 0
297 375 0
298 375 0
299 375 0
369 375 0
398 375 0
409 375 0
410 375 0
415 375 0
429 375 0
444 375 0
445 375 0
6 376 0
309 376 0
365 376 0
366 376 0
368 376 0
408 376 0
418 376 0
429 376 0
444 376 0
445 376 0
450 376 0
287 377 0
293 377 0
294 377 0
361 377 0
414 377 0
418 377 0
444 377 0
450 377 0
287 378 0
413 378 0
444 378 0
336 379 0
412 379 0
428 379 0
449 379 0
450 379 0
293 380 0
335 380 0
337 380 0
404 380 0
428 380 0
449 380 0
398 381 0
399 381 0
432 381 0
443 381 0
449 381 0
398 382 0
404 382 0
427 382 0
448 382 0
344 383 0
427 383 0
431 383 0
448 383 0
342 384 0
390 384 0
399 384 0
431 384 0
434 384 0
442 384 0
448 384 0
342 385 0
399 385 0
434 385 0
442 385 0
448 385 0
342 386 0
351 386 0
394 386 0
399 386 0
404 386 0
430 386 0
342 387 0
354 387 0
399 387 0
404 387 0
421 387 0
430 387 0
564 387 0
346 388 0
404 388 0
564 388 0
340 389 0
346 389 0
360 389 0
410 389 0
429 389 0
446 389 0
564 389 0
360 390 0
367 390 0
372 390 0
429 390 0
446 390 0
447 390 0
564 390 0
422 391 0
429 391 0
563 391 0
90 392 0
346 392 0
350 392 0
353 392 0
428 392 0
445 392 0
563 392 0
377 393 0
378 393 0
428 393 0
363 394 0
364 394 0
377 394 0
428 394 0
563 394 0
364 395 0
375 395 0
437 395 0
360 396 0
361 396 0
362 396 0
363 396 0
375 396 0
384 396 0
563 396 0
324 397 0
325 397 0
375 397 0
384 397 0
254 398 0
383 398 0
389 398 0
390 398 0
374 399 0
391 399 0
394 399 0
396 399 0
397 399 0
406 399 0
407 399 0
441 399 0
443 399 0
263 400 0
264 400 0
265 400 0
266 400 0
267 400 0
387 400 0
388 400 0
395 400 0
397 400 0
405 400 0
406 400 0
564 400 0
263 401 0
264 401 0
265 401 0
266 401 0
267 401 0
268 401 0
325 401 0
387 401 0
388 401 0
389 401 0
405 401 0
563 401 0
264 402 0
265 402 0
266 402 0
267 402 0
268 402 0
269 402 0
270 402 0
271 402 0
399 402 0
405 402 0
563 402 0
266 403 0
267 403 0
268 403 0
269 403 0
271 403 0
325 403 0
396 403 0
563 403 0
325 404 0
563 404 0
325 405 0
392 405 0
393 405 0
414 405 0
415 405 0
563 405 0
414 406 0
421 406 0
563 406 0
405 407 0
414 407 0
421 407 0
430 407 0
563 407 0
418 408 0
423 408 0
429 408 0
563 408 0
325 409 0
412 409 0
423 409 0
563 409 0
325 410 0
413 410 0
411 411 0
428 411 0
434 411 0
422 412 0
426 412 0
433 412 0
325 413 0
425 413 0
426 413 0
429 413 0
433 413 0
563 413 0
325 414 0
426 414 0
429 414 0
433 414 0
443 414 0
426 415 0
429 415 0
433 415 0
443 415 0
443 416 0
432 417 0
441 417 0
441 418 0
563 418 0
441 419 0
563 419 0
563 420 0
563 421 0
562 422 0
562 423 0
562 424 0
562 425 0
562 426 0
562 427 0
562 428 0
562 429 0
562 430 0
601 431 0
351 432 0
562 432 0
332 433 0
562 433 0
562 434 0
562 435 0
562 436 0
562 437 0
562 438 0
561 439 0
562 439 0
562 440 0
561 441 0
562 441 0
561 442 0
562 442 0
561 444 0
561 446 0
390 451 0
561 452 0
561 453 0
561 454 0
561 455 0
561 456 0
561 457 0
560 458 0
561 458 0
561 459 0
560 460 0
561 460 0
560 461 0
561 462 0
561 463 0
561 465 0
561 466 0
218 468 0
560 468 0
218 469 0
560 469 0
560 470 0
560 471 0
