29 2 0
213 2 0
214 2 0
29 3 0
213 3 0
387 12 0
543 13 0
474 18 0
475 18 0
583 23 0
583 24 0
545 28 0
143 32 0
297 32 0
215 33 0
297 33 0
342 41 0
343 41 0
507 78 0
312 93 0
313 94 0
314 94 0
314 96 0
303 99 0
561 99 0
303 100 0
90 101 0
304 102 0
14 103 0
288 103 0
467 103 0
472 103 0
14 104 0
315 104 0
314 105 0
304 106 0
314 106 0
315 106 0
316 106 0
317 106 0
400 106 0
401 106 0
404 106 0
407 106 0
408 106 0
413 106 0
414 106 0
417 106 0
418 106 0
419 106 0
422 106 0
423 106 0
425 106 0
132 107 0
314 107 0
315 107 0
316 107 0
317 107 0
318 107 0
304 108 0
314 108 0
315 108 0
316 108 0
317 108 0
318 108 0
364 108 0
366 108 0
367 108 0
368 108 0
369 108 0
370 108 0
371 108 0
372 108 0
373 108 0
374 108 0
375 108 0
376 108 0
377 108 0
378 108 0
379 108 0
315 109 0
316 109 0
318 109 0
319 109 0
320 109 0
355 109 0
362 109 0
315 110 0
318 110 0
319 110 0
320 110 0
315 111 0
317 111 0
318 111 0
319 111 0
320 111 0
321 111 0
322 111 0
323 111 0
303 112 0
313 112 0
314 112 0
316 112 0
318 112 0
319 112 0
320 112 0
321 112 0
322 112 0
323 112 0
302 113 0
303 113 0
305 113 0
313 113 0
314 113 0
316 113 0
318 113 0
319 113 0
320 113 0
321 113 0
322 113 0
323 113 0
300 114 0
302 114 0
307 114 0
313 114 0
314 114 0
315 114 0
316 114 0
317 114 0
319 114 0
320 114 0
321 114 0
322 114 0
323 114 0
324 114 0
299 115 0
301 115 0
302 115 0
306 115 0
307 115 0
308 115 0
312 115 0
313 115 0
314 115 0
315 115 0
316 115 0
319 115 0
323 115 0
324 115 0
325 115 0
299 116 0
301 116 0
302 116 0
303 116 0
304 116 0
306 116 0
308 116 0
311 116 0
312 116 0
313 116 0
314 116 0
315 116 0
316 116 0
319 116 0
323 116 0
324 116 0
325 116 0
363 116 0
300 117 0
302 117 0
303 117 0
304 117 0
305 117 0
308 117 0
311 117 0
312 117 0
313 117 0
314 117 0
315 117 0
316 117 0
317 117 0
321 117 0
322 117 0
323 117 0
324 117 0
325 117 0
300 118 0
301 118 0
302 118 0
304 118 0
306 118 0
311 118 0
312 118 0
313 118 0
314 118 0
315 118 0
316 118 0
317 118 0
318 118 0
320 118 0
321 118 0
322 118 0
323 118 0
324 118 0
325 118 0
326 118 0
299 119 0
300 119 0
301 119 0
302 119 0
304 119 0
311 119 0
312 119 0
313 119 0
314 119 0
315 119 0
316 119 0
317 119 0
318 119 0
319 119 0
320 119 0
321 119 0
322 119 0
323 119 0
324 119 0
325 119 0
326 119 0
299 120 0
300 120 0
301 120 0
302 120 0
303 120 0
304 120 0
308 120 0
311 120 0
312 120 0
313 120 0
314 120 0
316 120 0
317 120 0
319 120 0
321 120 0
322 120 0
323 120 0
324 120 0
325 120 0
326 120 0
302 121 0
303 121 0
306 121 0
307 121 0
308 121 0
312 121 0
313 121 0
314 121 0
315 121 0
316 121 0
319 121 0
320 121 0
321 121 0
322 121 0
323 121 0
324 121 0
325 121 0
326 121 0
327 121 0
47 122 0
296 122 0
297 122 0
300 122 0
301 122 0
303 122 0
305 122 0
306 122 0
307 122 0
310 122 0
312 122 0
313 122 0
314 122 0
315 122 0
316 122 0
317 122 0
321 122 0
322 122 0
324 122 0
325 122 0
326 122 0
327 122 0
302 123 0
304 123 0
308 123 0
311 123 0
313 123 0
315 123 0
316 123 0
317 123 0
318 123 0
321 123 0
322 123 0
323 123 0
324 123 0
325 123 0
326 123 0
327 123 0
328 123 0
301 124 0
303 124 0
305 124 0
307 124 0
308 124 0
310 124 0
311 124 0
312 124 0
313 124 0
315 124 0
316 124 0
317 124 0
319 124 0
322 124 0
323 124 0
324 124 0
325 124 0
326 124 0
327 124 0
328 124 0
307 125 0
308 125 0
309 125 0
310 125 0
311 125 0
312 125 0
313 125 0
314 125 0
315 125 0
316 125 0
317 125 0
318 125 0
319 125 0
322 125 0
323 125 0
324 125 0
325 125 0
326 125 0
327 125 0
328 125 0
294 126 0
295 126 0
306 126 0
307 126 0
310 126 0
311 126 0
312 126 0
314 126 0
315 126 0
316 126 0
317 126 0
318 126 0
319 126 0
323 126 0
324 126 0
325 126 0
326 126 0
327 126 0
328 126 0
329 126 0
330 126 0
294 127 0
303 127 0
308 127 0
309 127 0
310 127 0
312 127 0
313 127 0
314 127 0
315 127 0
316 127 0
317 127 0
318 127 0
319 127 0
321 127 0
322 127 0
323 127 0
324 127 0
325 127 0
326 127 0
327 127 0
328 127 0
329 127 0
330 127 0
294 128 0
296 128 0
303 128 0
305 128 0
308 128 0
309 128 0
310 128 0
311 128 0
312 128 0
314 128 0
315 128 0
316 128 0
317 128 0
318 128 0
319 128 0
320 128 0
321 128 0
322 128 0
323 128 0
324 128 0
325 128 0
326 128 0
327 128 0
328 128 0
329 128 0
330 128 0
289 129 0
292 129 0
294 129 0
303 129 0
304 129 0
305 129 0
307 129 0
310 129 0
311 129 0
312 129 0
313 129 0
315 129 0
316 129 0
317 129 0
318 129 0
319 129 0
322 129 0
323 129 0
324 129 0
325 129 0
326 129 0
327 129 0
328 129 0
329 129 0
330 129 0
288 130 0
292 130 0
293 130 0
295 130 0
296 130 0
297 130 0
298 130 0
299 130 0
301 130 0
302 130 0
303 130 0
305 130 0
306 130 0
307 130 0
308 130 0
311 130 0
312 130 0
313 130 0
316 130 0
317 130 0
322 130 0
323 130 0
324 130 0
325 130 0
326 130 0
327 130 0
328 130 0
329 130 0
330 130 0
452 130 0
302 131 0
306 131 0
322 131 0
323 131 0
324 131 0
325 131 0
326 131 0
328 131 0
329 131 0
330 131 0
325 132 0
329 132 0
324 133 0
327 133 0
328 133 0
298 134 0
323 134 0
324 134 0
279 136 0
288 136 0
240 137 0
241 137 0
279 137 0
288 137 0
315 137 0
323 137 0
299 138 0
364 138 0
308 139 0
314 139 0
315 139 0
309 140 0
441 143 0
280 145 0
281 145 0
284 145 0
285 145 0
320 146 0
319 147 0
320 147 0
441 147 0
452 147 0
33 148 0
319 148 0
320 148 0
318 149 0
319 149 0
320 149 0
321 149 0
317 150 0
318 150 0
319 150 0
320 150 0
321 150 0
318 151 0
319 151 0
320 151 0
321 151 0
89 152 0
318 152 0
319 152 0
320 152 0
321 152 0
317 153 0
318 153 0
319 153 0
320 153 0
321 153 0
385 153 0
316 154 0
319 154 0
320 154 0
316 155 0
319 155 0
320 155 0
305 156 0
316 156 0
317 156 0
318 156 0
319 156 0
320 156 0
321 156 0
298 157 0
299 157 0
302 157 0
304 157 0
310 157 0
316 157 0
317 157 0
318 157 0
319 157 0
320 157 0
299 158 0
302 158 0
305 158 0
310 158 0
315 158 0
316 158 0
317 158 0
318 158 0
319 158 0
320 158 0
299 159 0
301 159 0
302 159 0
303 159 0
310 159 0
315 159 0
316 159 0
317 159 0
318 159 0
319 159 0
320 159 0
345 159 0
346 159 0
627 159 0
301 160 0
302 160 0
303 160 0
305 160 0
316 160 0
317 160 0
318 160 0
319 160 0
320 160 0
329 160 0
330 160 0
334 160 0
335 160 0
336 160 0
292 161 0
295 161 0
300 161 0
304 161 0
305 161 0
309 161 0
312 161 0
314 161 0
316 161 0
317 161 0
318 161 0
319 161 0
320 161 0
322 161 0
582 161 0
279 162 0
281 162 0
282 162 0
287 162 0
288 162 0
289 162 0
290 162 0
291 162 0
292 162 0
293 162 0
294 162 0
295 162 0
296 162 0
299 162 0
300 162 0
302 162 0
305 162 0
313 162 0
316 162 0
317 162 0
318 162 0
319 162 0
320 162 0
321 162 0
265 163 0
267 163 0
274 163 0
275 163 0
277 163 0
278 163 0
279 163 0
280 163 0
281 163 0
282 163 0
302 163 0
304 163 0
305 163 0
306 163 0
316 163 0
317 163 0
318 163 0
319 163 0
321 163 0
248 164 0
251 164 0
253 164 0
257 164 0
259 164 0
262 164 0
264 164 0
265 164 0
267 164 0
316 164 0
317 164 0
318 164 0
319 164 0
320 164 0
321 164 0
231 165 0
232 165 0
233 165 0
234 165 0
235 165 0
236 165 0
237 165 0
238 165 0
241 165 0
242 165 0
243 165 0
244 165 0
245 165 0
246 165 0
248 165 0
249 165 0
250 165 0
251 165 0
300 165 0
301 165 0
303 165 0
305 165 0
317 165 0
318 165 0
319 165 0
339 165 0
219 166 0
220 166 0
221 166 0
222 166 0
223 166 0
224 166 0
225 166 0
226 166 0
235 166 0
301 166 0
302 166 0
304 166 0
315 166 0
317 166 0
318 166 0
200 167 0
201 167 0
202 167 0
203 167 0
204 167 0
205 167 0
206 167 0
207 167 0
208 167 0
209 167 0
210 167 0
211 167 0
212 167 0
264 167 0
301 167 0
304 167 0
315 167 0
317 167 0
318 167 0
319 167 0
320 167 0
321 167 0
322 167 0
187 168 0
188 168 0
189 168 0
190 168 0
191 168 0
192 168 0
193 168 0
194 168 0
195 168 0
198 168 0
199 168 0
255 168 0
265 168 0
266 168 0
302 168 0
303 168 0
304 168 0
317 168 0
318 168 0
319 168 0
320 168 0
321 168 0
322 168 0
169 169 0
172 169 0
173 169 0
174 169 0
175 169 0
176 169 0
177 169 0
178 169 0
179 169 0
180 169 0
181 169 0
182 169 0
184 169 0
252 169 0
301 169 0
302 169 0
303 169 0
304 169 0
312 169 0
316 169 0
317 169 0
321 169 0
322 169 0
323 169 0
156 170 0
160 170 0
161 170 0
162 170 0
163 170 0
164 170 0
165 170 0
166 170 0
167 170 0
168 170 0
169 170 0
303 170 0
312 170 0
317 170 0
321 170 0
322 170 0
323 170 0
324 170 0
138 171 0
139 171 0
140 171 0
141 171 0
145 171 0
148 171 0
149 171 0
150 171 0
151 171 0
152 171 0
153 171 0
154 171 0
155 171 0
303 171 0
304 171 0
317 171 0
319 171 0
322 171 0
323 171 0
324 171 0
119 172 0
120 172 0
121 172 0
122 172 0
123 172 0
124 172 0
125 172 0
126 172 0
127 172 0
130 172 0
134 172 0
138 172 0
139 172 0
140 172 0
141 172 0
216 172 0
219 172 0
220 172 0
296 172 0
300 172 0
301 172 0
302 172 0
303 172 0
305 172 0
319 172 0
322 172 0
323 172 0
324 172 0
106 173 0
107 173 0
108 173 0
109 173 0
110 173 0
111 173 0
112 173 0
113 173 0
114 173 0
115 173 0
209 173 0
210 173 0
211 173 0
214 173 0
215 173 0
216 173 0
283 173 0
284 173 0
285 173 0
287 173 0
288 173 0
290 173 0
300 173 0
301 173 0
303 173 0
314 173 0
320 173 0
322 173 0
324 173 0
325 173 0
93 174 0
94 174 0
95 174 0
96 174 0
97 174 0
98 174 0
99 174 0
100 174 0
101 174 0
254 174 0
264 174 0
266 174 0
271 174 0
272 174 0
300 174 0
303 174 0
304 174 0
305 174 0
321 174 0
324 174 0
325 174 0
84 175 0
85 175 0
253 175 0
254 175 0
256 175 0
265 175 0
279 175 0
280 175 0
303 175 0
304 175 0
323 175 0
325 175 0
533 175 0
534 175 0
61 176 0
62 176 0
63 176 0
75 176 0
254 176 0
264 176 0
271 176 0
280 176 0
301 176 0
323 176 0
324 176 0
325 176 0
47 177 0
48 177 0
49 177 0
50 177 0
53 177 0
192 177 0
193 177 0
255 177 0
263 177 0
271 177 0
300 177 0
301 177 0
302 177 0
303 177 0
304 177 0
305 177 0
325 177 0
326 177 0
35 178 0
36 178 0
37 178 0
38 178 0
39 178 0
40 178 0
41 178 0
182 178 0
183 178 0
187 178 0
288 178 0
293 178 0
297 178 0
301 178 0
304 178 0
305 178 0
325 178 0
326 178 0
439 178 0
440 178 0
447 178 0
27 179 0
176 179 0
177 179 0
192 179 0
194 179 0
195 179 0
267 179 0
287 179 0
288 179 0
289 179 0
291 179 0
293 179 0
305 179 0
306 179 0
326 179 0
327 179 0
430 179 0
431 179 0
432 179 0
433 179 0
434 179 0
2 180 0
3 180 0
9 180 0
178 180 0
183 180 0
271 180 0
280 180 0
281 180 0
301 180 0
304 180 0
305 180 0
306 180 0
144 181 0
148 181 0
149 181 0
150 181 0
151 181 0
186 181 0
271 181 0
304 181 0
305 181 0
306 181 0
430 181 0
138 182 0
149 182 0
150 182 0
151 182 0
187 182 0
190 182 0
192 182 0
301 182 0
303 182 0
304 182 0
306 182 0
327 182 0
328 182 0
143 183 0
301 183 0
302 183 0
303 183 0
304 183 0
305 183 0
306 183 0
327 183 0
330 183 0
303 184 0
304 184 0
305 184 0
306 184 0
307 184 0
322 184 0
327 184 0
402 184 0
150 185 0
183 185 0
304 185 0
305 185 0
306 185 0
307 185 0
308 185 0
327 185 0
304 186 0
305 186 0
306 186 0
307 186 0
328 186 0
94 187 0
144 187 0
211 187 0
212 187 0
213 187 0
215 187 0
216 187 0
217 187 0
218 187 0
219 187 0
220 187 0
221 187 0
304 187 0
305 187 0
306 187 0
307 187 0
328 187 0
94 188 0
210 188 0
211 188 0
212 188 0
303 188 0
304 188 0
305 188 0
306 188 0
307 188 0
324 188 0
328 188 0
329 188 0
134 189 0
141 189 0
144 189 0
145 189 0
146 189 0
302 189 0
303 189 0
304 189 0
305 189 0
306 189 0
329 189 0
133 190 0
143 190 0
144 190 0
145 190 0
146 190 0
306 190 0
307 190 0
308 190 0
328 190 0
329 190 0
136 191 0
138 191 0
139 191 0
140 191 0
141 191 0
306 191 0
308 191 0
325 191 0
330 191 0
338 191 0
80 192 0
305 192 0
307 192 0
308 192 0
307 193 0
308 193 0
596 193 0
123 194 0
308 194 0
119 195 0
120 195 0
308 195 0
306 198 0
280 200 0
323 214 0
341 214 0
305 215 0
355 215 0
356 215 0
330 216 0
304 217 0
300 218 0
6 219 0
292 219 0
325 219 0
338 219 0
361 219 0
362 219 0
253 220 0
359 221 0
360 221 0
336 222 0
351 223 0
319 225 0
333 226 0
344 226 0
307 227 0
329 227 0
282 228 0
294 229 0
346 229 0
330 230 0
365 230 0
368 230 0
297 231 0
310 231 0
343 231 0
362 231 0
363 231 0
315 232 0
321 232 0
326 232 0
359 232 0
440 232 0
299 233 0
328 233 0
395 233 0
408 233 0
266 234 0
268 234 0
330 234 0
335 234 0
348 234 0
358 234 0
359 234 0
268 235 0
313 235 0
325 235 0
300 236 0
303 236 0
349 236 0
360 236 0
364 236 0
292 237 0
431 237 0
258 238 0
267 238 0
291 238 0
362 238 0
363 238 0
364 238 0
268 239 0
269 239 0
283 239 0
329 239 0
351 239 0
365 239 0
270 240 0
285 240 0
293 240 0
295 240 0
313 240 0
329 240 0
473 240 0
302 241 0
338 241 0
353 241 0
355 241 0
366 241 0
407 241 0
259 242 0
378 242 0
261 243 0
285 243 0
366 243 0
379 243 0
380 243 0
393 243 0
402 243 0
417 243 0
496 243 0
332 244 0
337 244 0
404 244 0
462 244 0
273 245 0
280 245 0
325 245 0
331 245 0
348 245 0
403 245 0
471 245 0
515 245 0
272 246 0
496 246 0
335 247 0
498 247 0
434 248 0
313 249 0
410 249 0
451 249 0
497 249 0
329 250 0
339 250 0
439 250 0
285 251 0
293 251 0
363 251 0
242 252 0
302 252 0
304 252 0
369 252 0
304 253 0
333 253 0
328 254 0
334 254 0
356 254 0
259 255 0
304 255 0
336 255 0
362 255 0
38 256 0
286 256 0
298 256 0
320 256 0
339 256 0
411 256 0
454 256 0
256 257 0
321 257 0
323 257 0
302 258 0
303 258 0
347 258 0
268 259 0
289 259 0
608 259 0
282 260 0
290 260 0
295 260 0
608 260 0
240 261 0
279 261 0
301 261 0
303 261 0
326 261 0
343 261 0
346 261 0
356 261 0
357 261 0
410 261 0
435 261 0
518 261 0
635 261 0
261 262 0
363 262 0
509 262 0
518 262 0
300 263 0
308 263 0
404 263 0
297 264 0
312 264 0
321 264 0
344 264 0
408 264 0
476 264 0
297 265 0
299 265 0
310 265 0
322 265 0
330 265 0
386 265 0
468 265 0
290 266 0
292 266 0
330 266 0
363 266 0
261 267 0
275 267 0
377 267 0
401 267 0
470 267 0
476 267 0
338 268 0
483 268 0
495 268 0
263 269 0
289 269 0
293 269 0
302 269 0
305 269 0
323 269 0
330 269 0
400 269 0
469 269 0
289 270 0
363 270 0
400 270 0
494 270 0
504 270 0
303 271 0
311 271 0
297 272 0
311 272 0
317 272 0
344 272 0
469 272 0
474 272 0
481 272 0
299 273 0
299 274 0
485 274 0
488 274 0
493 274 0
472 275 0
353 276 0
484 276 0
468 277 0
492 277 0
186 278 0
294 278 0
304 278 0
497 278 0
275 279 0
465 279 0
472 279 0
295 280 0
323 280 0
466 280 0
285 281 0
293 281 0
300 281 0
304 281 0
325 281 0
482 281 0
484 281 0
37 282 0
303 282 0
451 283 0
492 283 0
494 283 0
245 284 0
246 284 0
249 284 0
258 284 0
259 284 0
468 284 0
481 284 0
492 284 0
218 285 0
219 285 0
251 285 0
254 285 0
255 285 0
256 285 0
257 285 0
258 285 0
291 285 0
335 285 0
469 285 0
481 285 0
492 285 0
223 286 0
245 286 0
253 286 0
254 286 0
255 286 0
256 286 0
257 286 0
258 286 0
259 286 0
260 286 0
261 286 0
262 286 0
316 286 0
317 286 0
452 286 0
481 286 0
157 287 0
251 287 0
253 287 0
254 287 0
255 287 0
256 287 0
257 287 0
258 287 0
259 287 0
260 287 0
261 287 0
262 287 0
263 287 0
264 287 0
265 287 0
304 287 0
334 287 0
465 287 0
488 287 0
161 288 0
187 288 0
233 288 0
253 288 0
255 288 0
256 288 0
257 288 0
258 288 0
259 288 0
260 288 0
261 288 0
262 288 0
263 288 0
264 288 0
265 288 0
301 288 0
479 288 0
161 289 0
187 289 0
257 289 0
258 289 0
259 289 0
260 289 0
261 289 0
262 289 0
263 289 0
266 289 0
267 289 0
271 289 0
479 289 0
262 290 0
269 291 0
281 291 0
305 291 0
465 291 0
494 291 0
317 292 0
332 292 0
248 293 0
256 293 0
257 293 0
319 293 0
327 294 0
470 294 0
325 295 0
494 295 0
503 295 0
428 296 0
445 296 0
446 296 0
427 298 0
427 299 0
491 299 0
493 299 0
495 299 0
148 300 0
290 300 0
446 300 0
422 301 0
494 301 0
145 302 0
146 302 0
492 302 0
43 303 0
148 303 0
422 303 0
483 303 0
493 303 0
500 303 0
163 304 0
340 304 0
493 304 0
497 304 0
501 304 0
480 305 0
481 305 0
490 305 0
300 306 0
148 307 0
149 307 0
151 308 0
178 308 0
492 308 0
257 309 0
487 309 0
147 310 0
148 310 0
473 310 0
489 310 0
499 310 0
152 311 0
393 311 0
477 311 0
136 312 0
488 312 0
489 312 0
136 313 0
383 314 0
383 315 0
501 315 0
510 315 0
526 315 0
472 316 0
475 316 0
518 317 0
511 320 0
146 321 0
161 321 0
184 321 0
498 321 0
501 322 0
496 324 0
513 324 0
126 325 0
486 325 0
489 325 0
490 325 0
498 325 0
499 325 0
508 325 0
150 326 0
494 329 0
497 329 0
172 330 0
496 330 0
500 330 0
153 331 0
502 331 0
503 331 0
504 331 0
505 331 0
506 331 0
501 332 0
502 332 0
503 332 0
504 332 0
512 332 0
515 332 0
150 333 0
511 333 0
512 333 0
513 333 0
514 333 0
512 334 0
513 334 0
514 334 0
157 335 0
514 338 0
158 340 0
161 341 0
156 342 0
157 342 0
158 343 0
159 343 0
121 345 0
170 347 0
519 347 0
173 348 0
519 348 0
176 349 0
335 350 0
336 350 0
182 351 0
334 353 0
278 366 0
429 372 0
430 372 0
429 373 0
350 374 0
6 375 0
6 376 0
331 378 0
332 378 0
539 387 0
552 387 0
539 388 0
552 388 0
552 389 0
235 390 0
428 390 0
377 392 0
249 395 0
252 396 0
253 396 0
256 397 0
259 398 0
260 398 0
261 398 0
262 398 0
263 398 0
402 398 0
260 399 0
261 399 0
262 399 0
263 399 0
264 399 0
265 399 0
261 400 0
262 400 0
263 400 0
264 400 0
265 400 0
266 400 0
261 401 0
262 401 0
265 401 0
266 401 0
267 401 0
268 401 0
263 402 0
264 402 0
265 402 0
266 402 0
269 402 0
270 402 0
382 402 0
273 403 0
274 403 0
551 407 0
551 408 0
423 409 0
551 409 0
423 410 0
227 426 0
550 428 0
550 429 0
142 433 0
143 433 0
550 442 0
190 449 0
192 451 0
218 468 0
218 469 0
289 475 0
