29 2 0
29 3 0
387 12 0
474 18 0
475 18 0
583 23 0
584 23 0
583 24 0
233 26 0
233 27 0
447 30 0
448 30 0
585 30 0
143 32 0
297 32 0
143 33 0
215 33 0
297 33 0
349 34 0
37 39 0
403 53 0
585 61 0
585 62 0
309 67 0
516 74 0
453 76 0
507 78 0
532 79 0
624 96 0
90 101 0
91 101 0
14 103 0
288 103 0
477 103 0
14 104 0
310 104 0
309 105 0
310 105 0
311 105 0
307 106 0
308 106 0
309 106 0
310 106 0
311 106 0
312 106 0
307 107 0
309 107 0
310 107 0
311 107 0
312 107 0
309 108 0
310 108 0
311 108 0
312 108 0
313 108 0
314 108 0
296 109 0
297 109 0
307 109 0
310 109 0
311 109 0
312 109 0
313 109 0
314 109 0
315 109 0
295 110 0
296 110 0
297 110 0
306 110 0
307 110 0
310 110 0
311 110 0
312 110 0
313 110 0
314 110 0
315 110 0
316 110 0
295 111 0
296 111 0
297 111 0
298 111 0
299 111 0
301 111 0
306 111 0
309 111 0
310 111 0
311 111 0
312 111 0
313 111 0
314 111 0
315 111 0
316 111 0
317 111 0
292 112 0
294 112 0
295 112 0
296 112 0
297 112 0
298 112 0
299 112 0
301 112 0
303 112 0
309 112 0
310 112 0
311 112 0
313 112 0
315 112 0
316 112 0
317 112 0
294 113 0
295 113 0
296 113 0
301 113 0
305 113 0
307 113 0
308 113 0
309 113 0
310 113 0
311 113 0
314 113 0
315 113 0
316 113 0
317 113 0
318 113 0
296 114 0
301 114 0
302 114 0
306 114 0
307 114 0
309 114 0
310 114 0
311 114 0
312 114 0
315 114 0
316 114 0
317 114 0
318 114 0
319 114 0
296 115 0
301 115 0
302 115 0
304 115 0
306 115 0
307 115 0
308 115 0
310 115 0
311 115 0
312 115 0
315 115 0
316 115 0
317 115 0
318 115 0
319 115 0
290 116 0
295 116 0
296 116 0
297 116 0
299 116 0
300 116 0
301 116 0
302 116 0
303 116 0
304 116 0
305 116 0
306 116 0
307 116 0
308 116 0
310 116 0
314 116 0
315 116 0
316 116 0
317 116 0
318 116 0
319 116 0
320 116 0
293 117 0
295 117 0
296 117 0
297 117 0
298 117 0
299 117 0
300 117 0
301 117 0
302 117 0
303 117 0
304 117 0
305 117 0
306 117 0
307 117 0
308 117 0
309 117 0
310 117 0
311 117 0
312 117 0
315 117 0
316 117 0
317 117 0
318 117 0
319 117 0
320 117 0
293 118 0
295 118 0
297 118 0
298 118 0
300 118 0
305 118 0
306 118 0
307 118 0
308 118 0
310 118 0
311 118 0
312 118 0
315 118 0
317 118 0
318 118 0
319 118 0
320 118 0
295 119 0
297 119 0
298 119 0
299 119 0
300 119 0
301 119 0
304 119 0
305 119 0
306 119 0
307 119 0
309 119 0
310 119 0
311 119 0
312 119 0
313 119 0
315 119 0
316 119 0
317 119 0
318 119 0
319 119 0
320 119 0
295 120 0
300 120 0
301 120 0
302 120 0
303 120 0
304 120 0
305 120 0
306 120 0
308 120 0
314 120 0
315 120 0
316 120 0
317 120 0
318 120 0
319 120 0
320 120 0
287 121 0
294 121 0
299 121 0
301 121 0
304 121 0
306 121 0
307 121 0
310 121 0
311 121 0
315 121 0
316 121 0
317 121 0
318 121 0
319 121 0
320 121 0
321 121 0
287 122 0
294 122 0
300 122 0
301 122 0
303 122 0
304 122 0
306 122 0
307 122 0
308 122 0
309 122 0
313 122 0
315 122 0
316 122 0
317 122 0
318 122 0
319 122 0
320 122 0
321 122 0
295 123 0
297 123 0
299 123 0
301 123 0
302 123 0
303 123 0
304 123 0
305 123 0
306 123 0
307 123 0
308 123 0
309 123 0
310 123 0
313 123 0
316 123 0
317 123 0
318 123 0
319 123 0
320 123 0
321 123 0
69 124 0
298 124 0
299 124 0
301 124 0
302 124 0
303 124 0
304 124 0
305 124 0
306 124 0
307 124 0
308 124 0
309 124 0
310 124 0
311 124 0
312 124 0
317 124 0
318 124 0
319 124 0
320 124 0
321 124 0
322 124 0
297 125 0
299 125 0
303 125 0
304 125 0
305 125 0
306 125 0
307 125 0
308 125 0
309 125 0
310 125 0
311 125 0
312 125 0
317 125 0
318 125 0
319 125 0
321 125 0
322 125 0
323 125 0
284 126 0
297 126 0
298 126 0
300 126 0
302 126 0
303 126 0
305 126 0
306 126 0
307 126 0
308 126 0
310 126 0
311 126 0
312 126 0
314 126 0
315 126 0
316 126 0
318 126 0
319 126 0
320 126 0
321 126 0
322 126 0
323 126 0
324 126 0
282 127 0
283 127 0
285 127 0
288 127 0
289 127 0
293 127 0
295 127 0
296 127 0
298 127 0
299 127 0
300 127 0
303 127 0
304 127 0
305 127 0
306 127 0
307 127 0
308 127 0
309 127 0
311 127 0
312 127 0
313 127 0
315 127 0
316 127 0
317 127 0
318 127 0
319 127 0
320 127 0
321 127 0
322 127 0
323 127 0
281 128 0
296 128 0
297 128 0
299 128 0
300 128 0
302 128 0
303 128 0
304 128 0
305 128 0
306 128 0
307 128 0
308 128 0
309 128 0
311 128 0
312 128 0
316 128 0
317 128 0
318 128 0
319 128 0
320 128 0
321 128 0
322 128 0
323 128 0
284 129 0
287 129 0
300 129 0
303 129 0
304 129 0
305 129 0
306 129 0
307 129 0
309 129 0
318 129 0
319 129 0
320 129 0
321 129 0
322 129 0
323 129 0
274 130 0
279 130 0
315 130 0
318 130 0
319 130 0
320 130 0
321 130 0
322 130 0
324 130 0
449 130 0
450 130 0
315 131 0
318 131 0
319 131 0
321 131 0
322 131 0
596 131 0
281 132 0
274 133 0
624 133 0
280 135 0
240 137 0
241 137 0
303 137 0
305 137 0
297 138 0
315 138 0
313 144 0
4 145 0
312 145 0
313 145 0
312 146 0
313 146 0
312 147 0
313 147 0
314 147 0
33 148 0
314 148 0
376 148 0
314 149 0
312 150 0
313 150 0
206 151 0
312 151 0
313 151 0
89 152 0
293 152 0
309 152 0
310 152 0
311 152 0
312 152 0
313 152 0
308 153 0
309 153 0
310 153 0
311 153 0
313 153 0
307 154 0
308 154 0
309 154 0
310 154 0
311 154 0
312 154 0
313 154 0
307 155 0
308 155 0
309 155 0
310 155 0
311 155 0
312 155 0
313 155 0
307 156 0
308 156 0
309 156 0
310 156 0
311 156 0
312 156 0
293 157 0
309 157 0
310 157 0
312 157 0
293 158 0
307 158 0
308 158 0
309 158 0
310 158 0
305 159 0
307 159 0
308 159 0
309 159 0
311 159 0
312 159 0
296 160 0
305 160 0
306 160 0
307 160 0
308 160 0
309 160 0
310 160 0
311 160 0
312 160 0
296 161 0
306 161 0
308 161 0
309 161 0
310 161 0
311 161 0
312 161 0
313 161 0
304 162 0
306 162 0
308 162 0
310 162 0
311 162 0
623 162 0
296 163 0
306 163 0
308 163 0
310 163 0
311 163 0
304 164 0
308 164 0
309 164 0
296 165 0
307 165 0
308 165 0
309 165 0
310 165 0
312 165 0
295 166 0
300 166 0
305 166 0
308 166 0
309 166 0
310 166 0
312 166 0
296 167 0
300 167 0
307 167 0
308 167 0
309 167 0
296 168 0
297 168 0
298 168 0
299 168 0
301 168 0
309 168 0
310 168 0
311 168 0
257 169 0
296 169 0
299 169 0
300 169 0
309 169 0
310 169 0
311 169 0
312 169 0
313 169 0
296 170 0
297 170 0
309 170 0
310 170 0
313 170 0
314 170 0
256 171 0
309 171 0
311 171 0
312 171 0
256 172 0
260 172 0
264 172 0
298 172 0
301 172 0
311 172 0
312 172 0
314 172 0
263 173 0
264 173 0
305 173 0
310 173 0
311 173 0
314 173 0
252 174 0
299 174 0
310 174 0
311 174 0
313 174 0
314 174 0
252 175 0
253 175 0
257 175 0
311 175 0
313 175 0
314 175 0
533 175 0
534 175 0
252 176 0
254 176 0
257 176 0
296 176 0
302 176 0
303 176 0
309 176 0
312 176 0
254 177 0
297 177 0
300 177 0
302 177 0
313 177 0
315 177 0
250 178 0
297 178 0
298 178 0
301 178 0
302 178 0
313 178 0
315 178 0
435 178 0
436 178 0
445 178 0
573 178 0
255 179 0
301 179 0
302 179 0
303 179 0
313 179 0
315 179 0
573 179 0
302 180 0
313 180 0
315 180 0
535 180 0
300 181 0
302 181 0
315 181 0
316 181 0
535 181 0
299 182 0
300 182 0
301 182 0
302 182 0
309 182 0
315 182 0
316 182 0
294 183 0
302 183 0
310 183 0
316 183 0
300 184 0
302 184 0
313 184 0
314 184 0
301 185 0
302 185 0
304 185 0
311 185 0
313 185 0
314 185 0
300 186 0
301 186 0
302 186 0
311 186 0
312 186 0
299 187 0
300 187 0
301 187 0
302 187 0
305 187 0
310 187 0
311 187 0
301 188 0
302 188 0
303 188 0
304 188 0
314 188 0
315 188 0
301 189 0
302 189 0
303 189 0
305 189 0
315 189 0
316 189 0
301 190 0
302 190 0
303 190 0
315 190 0
316 190 0
301 191 0
302 191 0
303 191 0
304 191 0
305 191 0
316 191 0
299 192 0
313 192 0
316 192 0
316 193 0
317 193 0
314 194 0
316 194 0
317 194 0
300 195 0
306 195 0
314 195 0
317 195 0
315 196 0
306 198 0
315 198 0
280 200 0
325 200 0
314 212 0
347 214 0
334 215 0
322 216 0
355 216 0
400 216 0
407 216 0
178 217 0
312 219 0
332 219 0
359 219 0
361 219 0
362 219 0
409 219 0
315 220 0
320 220 0
327 220 0
344 220 0
403 220 0
318 221 0
410 221 0
295 222 0
340 223 0
345 223 0
321 224 0
417 224 0
321 225 0
346 225 0
357 225 0
265 226 0
324 226 0
351 226 0
315 227 0
380 229 0
369 230 0
399 230 0
335 231 0
363 231 0
403 231 0
404 231 0
468 231 0
320 232 0
341 232 0
407 232 0
412 232 0
340 233 0
342 233 0
360 233 0
506 233 0
352 234 0
362 234 0
406 234 0
409 234 0
411 234 0
251 235 0
259 235 0
323 235 0
362 235 0
367 235 0
391 235 0
515 235 0
274 236 0
279 236 0
286 236 0
291 236 0
323 236 0
329 236 0
350 236 0
359 236 0
364 236 0
406 236 0
295 237 0
333 237 0
341 237 0
356 237 0
259 238 0
279 238 0
301 238 0
311 238 0
315 238 0
409 238 0
267 239 0
346 239 0
354 239 0
359 239 0
364 239 0
279 240 0
296 240 0
359 240 0
392 240 0
413 240 0
471 240 0
254 241 0
300 241 0
309 241 0
313 241 0
393 241 0
403 241 0
453 241 0
481 241 0
224 242 0
240 242 0
282 242 0
396 242 0
498 242 0
246 243 0
255 243 0
259 243 0
328 243 0
352 243 0
364 243 0
384 243 0
389 243 0
392 243 0
404 243 0
456 243 0
496 243 0
506 243 0
299 244 0
304 244 0
394 244 0
395 244 0
428 244 0
284 245 0
299 245 0
311 245 0
360 245 0
364 245 0
386 245 0
429 245 0
272 246 0
290 246 0
308 246 0
327 246 0
304 247 0
329 247 0
335 247 0
389 247 0
390 247 0
391 247 0
437 247 0
452 247 0
243 248 0
285 248 0
308 248 0
432 248 0
524 248 0
303 249 0
328 249 0
404 249 0
451 249 0
469 249 0
470 249 0
549 250 0
273 251 0
297 251 0
357 251 0
358 251 0
359 251 0
402 251 0
474 251 0
549 251 0
300 252 0
311 252 0
326 252 0
358 252 0
409 252 0
420 252 0
496 252 0
295 253 0
433 253 0
302 254 0
304 254 0
257 255 0
360 255 0
365 255 0
366 255 0
453 255 0
88 256 0
272 256 0
279 256 0
309 256 0
312 256 0
320 256 0
324 256 0
365 256 0
434 256 0
453 256 0
88 257 0
410 257 0
451 257 0
487 257 0
281 258 0
294 258 0
309 258 0
403 258 0
451 258 0
290 259 0
294 259 0
303 259 0
304 259 0
316 259 0
451 259 0
608 259 0
284 260 0
295 260 0
608 260 0
305 261 0
321 261 0
331 261 0
469 261 0
470 261 0
635 261 0
283 262 0
312 262 0
335 262 0
284 263 0
317 263 0
325 263 0
338 263 0
342 263 0
343 263 0
367 263 0
387 263 0
257 264 0
260 264 0
321 264 0
324 264 0
504 264 0
262 265 0
276 265 0
303 265 0
308 265 0
320 265 0
324 265 0
346 265 0
262 266 0
295 266 0
318 266 0
383 266 0
244 267 0
414 267 0
415 267 0
288 268 0
289 268 0
303 268 0
341 268 0
348 268 0
482 268 0
483 268 0
492 268 0
497 268 0
273 269 0
503 269 0
267 270 0
273 270 0
298 270 0
330 270 0
467 270 0
471 270 0
472 270 0
491 270 0
273 271 0
306 271 0
307 271 0
402 271 0
468 271 0
470 271 0
471 271 0
489 271 0
267 272 0
291 272 0
478 272 0
483 272 0
484 272 0
490 272 0
297 273 0
316 273 0
473 273 0
480 273 0
248 274 0
481 274 0
485 274 0
497 274 0
305 275 0
465 275 0
482 275 0
493 275 0
284 276 0
346 276 0
477 276 0
485 276 0
468 277 0
464 278 0
312 279 0
453 279 0
256 280 0
286 280 0
291 280 0
333 280 0
342 280 0
416 280 0
417 280 0
453 280 0
498 280 0
276 281 0
291 281 0
327 281 0
345 281 0
416 281 0
417 281 0
492 281 0
496 281 0
505 281 0
36 282 0
37 282 0
260 282 0
270 282 0
291 282 0
322 282 0
468 282 0
496 282 0
514 282 0
245 283 0
273 283 0
403 283 0
449 283 0
251 284 0
256 284 0
320 284 0
249 285 0
251 285 0
252 285 0
253 285 0
254 285 0
255 285 0
256 285 0
257 285 0
298 285 0
300 285 0
304 285 0
251 286 0
252 286 0
253 286 0
254 286 0
255 286 0
256 286 0
257 286 0
258 286 0
259 286 0
260 286 0
311 286 0
464 286 0
467 286 0
251 287 0
252 287 0
253 287 0
254 287 0
255 287 0
256 287 0
257 287 0
258 287 0
259 287 0
260 287 0
261 287 0
262 287 0
265 287 0
266 287 0
287 287 0
302 287 0
306 287 0
322 287 0
161 288 0
187 288 0
253 288 0
254 288 0
255 288 0
256 288 0
257 288 0
258 288 0
259 288 0
260 288 0
261 288 0
264 288 0
265 288 0
266 288 0
296 288 0
331 288 0
161 289 0
187 289 0
256 289 0
261 289 0
264 289 0
479 289 0
264 290 0
304 290 0
336 290 0
479 290 0
20 291 0
275 291 0
313 291 0
448 291 0
510 291 0
514 291 0
486 292 0
510 293 0
477 294 0
290 295 0
512 295 0
299 297 0
303 297 0
504 297 0
512 297 0
499 298 0
499 299 0
503 299 0
504 299 0
505 299 0
512 299 0
507 300 0
478 301 0
490 301 0
493 301 0
513 301 0
490 302 0
43 303 0
337 303 0
341 303 0
491 303 0
493 303 0
494 303 0
507 303 0
477 304 0
487 304 0
494 304 0
423 306 0
486 306 0
492 306 0
490 307 0
492 308 0
493 308 0
524 308 0
257 309 0
479 309 0
489 309 0
391 310 0
477 310 0
478 310 0
488 310 0
393 311 0
517 311 0
136 312 0
490 312 0
135 313 0
136 313 0
473 313 0
487 313 0
488 313 0
587 313 0
383 315 0
473 315 0
502 315 0
479 316 0
493 316 0
502 316 0
417 318 0
493 319 0
499 319 0
506 320 0
161 321 0
495 321 0
501 321 0
504 321 0
489 322 0
494 322 0
495 322 0
497 322 0
498 322 0
504 322 0
508 322 0
474 323 0
489 323 0
500 323 0
501 323 0
494 324 0
500 324 0
507 324 0
507 325 0
496 326 0
525 326 0
491 328 0
492 328 0
493 328 0
495 328 0
496 328 0
493 329 0
495 329 0
500 330 0
501 330 0
502 331 0
503 331 0
509 331 0
510 331 0
484 332 0
508 332 0
509 332 0
510 332 0
511 332 0
509 333 0
510 333 0
511 333 0
555 346 0
519 347 0
519 348 0
567 349 0
362 353 0
362 355 0
367 355 0
362 356 0
362 357 0
376 357 0
362 358 0
376 358 0
362 361 0
376 361 0
362 362 0
272 363 0
362 363 0
362 364 0
401 364 0
362 365 0
401 365 0
362 366 0
389 366 0
395 366 0
415 366 0
369 367 0
395 367 0
362 368 0
389 368 0
395 368 0
362 369 0
389 369 0
400 369 0
402 369 0
414 369 0
362 370 0
389 370 0
408 370 0
355 371 0
371 371 0
362 372 0
366 372 0
413 372 0
421 372 0
434 372 0
362 373 0
409 374 0
6 375 0
356 375 0
362 375 0
384 375 0
412 375 0
416 375 0
433 375 0
6 376 0
362 376 0
384 376 0
396 376 0
409 376 0
416 376 0
381 377 0
392 377 0
416 377 0
422 377 0
389 378 0
397 378 0
418 378 0
389 379 0
393 379 0
418 379 0
384 380 0
393 380 0
384 381 0
384 382 0
389 382 0
394 382 0
543 382 0
79 383 0
395 383 0
406 383 0
419 383 0
430 383 0
543 383 0
406 384 0
419 384 0
430 384 0
543 384 0
339 385 0
401 385 0
339 386 0
413 386 0
339 387 0
407 387 0
429 387 0
407 388 0
429 388 0
407 389 0
428 389 0
361 390 0
428 390 0
359 391 0
345 392 0
352 392 0
422 392 0
427 392 0
542 392 0
345 393 0
427 393 0
542 393 0
372 394 0
427 394 0
542 394 0
250 395 0
333 395 0
370 395 0
372 395 0
542 395 0
253 396 0
372 396 0
380 396 0
542 396 0
257 397 0
258 397 0
372 397 0
380 397 0
542 397 0
257 398 0
258 398 0
259 398 0
260 398 0
261 398 0
262 398 0
263 398 0
372 398 0
375 398 0
542 398 0
258 399 0
260 399 0
261 399 0
262 399 0
263 399 0
264 399 0
392 399 0
259 400 0
260 400 0
261 400 0
262 400 0
263 400 0
264 400 0
265 400 0
376 400 0
399 400 0
261 401 0
262 401 0
381 401 0
399 401 0
412 403 0
542 403 0
399 404 0
407 404 0
542 404 0
399 405 0
411 405 0
414 405 0
542 405 0
415 406 0
542 406 0
400 407 0
411 407 0
412 407 0
414 407 0
542 407 0
411 408 0
412 408 0
415 408 0
542 408 0
411 409 0
415 409 0
542 409 0
414 410 0
419 410 0
423 410 0
542 410 0
541 413 0
427 414 0
541 414 0
541 415 0
541 416 0
541 417 0
541 418 0
541 419 0
541 420 0
541 421 0
541 425 0
227 426 0
541 426 0
541 427 0
541 428 0
541 429 0
541 430 0
541 431 0
143 433 0
332 433 0
540 433 0
332 434 0
540 434 0
540 435 0
540 436 0
540 437 0
540 438 0
540 439 0
540 442 0
540 443 0
540 444 0
540 445 0
540 446 0
192 447 0
540 447 0
540 448 0
540 449 0
540 450 0
539 452 0
539 453 0
539 456 0
349 457 0
410 457 0
539 462 0
539 463 0
218 468 0
218 469 0
386 471 0
461 463 1
