214 2 0
29 3 0
214 3 0
387 12 0
475 18 0
349 20 0
486 21 0
584 23 0
349 24 0
584 24 0
349 25 0
349 30 0
448 30 0
585 30 0
349 31 0
297 32 0
349 32 0
297 33 0
298 33 0
349 36 0
349 37 0
349 40 0
343 41 0
349 41 0
349 42 0
403 53 0
585 62 0
429 65 0
502 65 0
507 78 0
303 93 0
303 94 0
303 95 0
336 100 0
90 101 0
91 101 0
132 107 0
287 110 0
290 110 0
309 110 0
286 111 0
287 111 0
288 111 0
289 111 0
290 111 0
309 111 0
310 111 0
286 112 0
287 112 0
288 112 0
290 112 0
302 112 0
303 112 0
305 112 0
306 112 0
310 112 0
311 112 0
286 113 0
287 113 0
288 113 0
301 113 0
302 113 0
303 113 0
304 113 0
305 113 0
306 113 0
310 113 0
311 113 0
286 114 0
287 114 0
288 114 0
301 114 0
302 114 0
311 114 0
312 114 0
286 115 0
287 115 0
288 115 0
290 115 0
300 115 0
301 115 0
302 115 0
311 115 0
287 116 0
288 116 0
299 116 0
300 116 0
302 116 0
307 116 0
311 116 0
312 116 0
313 116 0
354 116 0
283 117 0
287 117 0
288 117 0
300 117 0
302 117 0
303 117 0
304 117 0
313 117 0
287 118 0
288 118 0
290 118 0
301 118 0
302 118 0
312 118 0
313 118 0
288 119 0
300 119 0
301 119 0
302 119 0
303 119 0
281 120 0
314 120 0
315 120 0
280 121 0
281 121 0
300 121 0
303 121 0
304 121 0
314 121 0
280 122 0
281 122 0
305 122 0
279 123 0
296 123 0
300 123 0
301 123 0
302 123 0
303 123 0
314 123 0
315 123 0
278 124 0
280 124 0
281 124 0
303 124 0
304 124 0
316 124 0
317 124 0
306 125 0
316 125 0
317 125 0
290 126 0
292 126 0
295 126 0
296 126 0
301 126 0
309 126 0
314 126 0
315 126 0
316 126 0
317 126 0
318 126 0
323 126 0
324 126 0
275 127 0
287 127 0
288 127 0
294 127 0
295 127 0
296 127 0
297 127 0
300 127 0
303 127 0
305 127 0
310 127 0
311 127 0
312 127 0
313 127 0
314 127 0
315 127 0
275 128 0
285 128 0
287 128 0
288 128 0
301 128 0
311 128 0
312 128 0
313 128 0
314 128 0
315 128 0
316 128 0
317 128 0
275 129 0
295 129 0
301 129 0
305 129 0
310 129 0
311 129 0
312 129 0
313 129 0
314 129 0
315 129 0
316 129 0
309 130 0
312 130 0
313 130 0
314 130 0
312 131 0
354 131 0
241 137 0
269 138 0
364 138 0
376 144 0
307 146 0
308 146 0
307 147 0
200 148 0
305 148 0
307 148 0
305 149 0
306 149 0
307 149 0
308 149 0
305 150 0
306 150 0
307 150 0
305 151 0
307 151 0
89 152 0
304 152 0
307 152 0
437 152 0
303 153 0
304 153 0
437 153 0
288 154 0
437 154 0
306 155 0
303 156 0
301 157 0
301 158 0
303 158 0
304 158 0
301 159 0
303 159 0
304 159 0
305 159 0
302 160 0
303 160 0
304 160 0
437 160 0
303 161 0
437 161 0
302 163 0
303 163 0
301 164 0
302 164 0
303 164 0
437 164 0
300 165 0
305 165 0
437 165 0
437 166 0
301 167 0
302 167 0
305 167 0
301 169 0
302 169 0
303 169 0
304 169 0
437 169 0
305 170 0
437 170 0
300 171 0
302 171 0
303 171 0
304 171 0
305 171 0
305 172 0
303 173 0
305 173 0
306 173 0
247 174 0
274 174 0
302 174 0
305 174 0
306 174 0
302 175 0
304 175 0
305 175 0
306 175 0
260 176 0
300 176 0
305 176 0
437 176 0
251 177 0
259 177 0
302 177 0
305 177 0
258 178 0
265 178 0
300 178 0
301 178 0
303 178 0
265 179 0
305 179 0
573 179 0
574 179 0
299 180 0
304 180 0
305 180 0
306 180 0
535 180 0
299 181 0
300 181 0
302 181 0
305 181 0
535 181 0
300 182 0
303 182 0
305 182 0
460 182 0
133 183 0
143 183 0
144 183 0
159 183 0
164 183 0
294 183 0
299 183 0
302 183 0
303 183 0
304 183 0
305 183 0
460 183 0
130 184 0
143 184 0
299 184 0
302 184 0
133 185 0
144 185 0
171 185 0
301 185 0
144 186 0
299 186 0
300 186 0
301 186 0
302 186 0
126 187 0
144 187 0
147 187 0
299 187 0
300 187 0
126 188 0
138 188 0
139 188 0
140 188 0
144 188 0
299 188 0
300 188 0
302 188 0
303 188 0
632 188 0
126 189 0
130 189 0
131 189 0
143 189 0
144 189 0
298 189 0
299 189 0
300 189 0
131 190 0
298 190 0
300 190 0
301 190 0
126 191 0
131 191 0
301 191 0
301 192 0
302 192 0
303 192 0
296 194 0
300 194 0
301 194 0
300 196 0
304 196 0
306 198 0
299 199 0
300 199 0
210 204 0
389 208 0
292 215 0
292 216 0
295 216 0
361 219 0
362 219 0
404 220 0
357 225 0
306 229 0
295 231 0
405 231 0
292 233 0
347 234 0
360 234 0
284 235 0
285 235 0
286 235 0
388 235 0
390 235 0
398 235 0
290 236 0
447 236 0
362 237 0
410 237 0
255 240 0
275 240 0
325 241 0
375 241 0
376 241 0
384 241 0
385 241 0
389 241 0
480 241 0
390 242 0
275 243 0
291 243 0
390 243 0
391 243 0
403 243 0
270 244 0
383 244 0
463 244 0
293 245 0
388 245 0
385 246 0
261 247 0
280 249 0
370 250 0
395 250 0
396 250 0
320 252 0
428 252 0
383 253 0
325 255 0
338 257 0
305 258 0
333 258 0
391 259 0
608 259 0
290 260 0
323 260 0
384 260 0
608 260 0
270 261 0
301 261 0
635 261 0
387 263 0
321 264 0
287 265 0
390 265 0
495 265 0
293 266 0
467 268 0
387 269 0
479 269 0
483 269 0
482 272 0
115 273 0
479 273 0
485 273 0
481 274 0
293 275 0
463 275 0
490 275 0
486 276 0
287 277 0
490 277 0
446 278 0
115 280 0
325 280 0
417 280 0
115 281 0
315 281 0
380 281 0
417 281 0
447 281 0
287 282 0
317 282 0
318 282 0
245 283 0
449 283 0
248 284 0
251 284 0
252 284 0
253 284 0
248 285 0
250 285 0
251 285 0
252 285 0
253 285 0
254 285 0
255 285 0
256 285 0
257 285 0
245 286 0
248 286 0
249 286 0
250 286 0
251 286 0
252 286 0
253 286 0
254 286 0
255 286 0
256 286 0
257 286 0
249 287 0
251 287 0
252 287 0
253 287 0
254 287 0
255 287 0
256 287 0
257 287 0
259 287 0
261 287 0
187 288 0
253 288 0
255 288 0
256 288 0
256 289 0
257 289 0
259 289 0
443 290 0
82 292 0
139 292 0
257 292 0
82 293 0
139 293 0
248 293 0
82 295 0
116 295 0
150 295 0
176 295 0
82 296 0
116 296 0
176 296 0
492 296 0
82 297 0
136 297 0
445 298 0
461 298 0
507 298 0
150 299 0
151 299 0
494 299 0
495 299 0
510 299 0
106 300 0
503 300 0
106 301 0
179 301 0
489 301 0
497 301 0
106 302 0
43 303 0
106 303 0
484 304 0
486 304 0
487 304 0
488 304 0
136 305 0
479 305 0
490 305 0
136 306 0
155 306 0
159 307 0
305 307 0
155 308 0
159 308 0
183 308 0
472 308 0
484 308 0
155 309 0
159 309 0
257 309 0
473 309 0
488 309 0
499 309 0
488 310 0
499 310 0
159 311 0
179 311 0
393 311 0
476 311 0
497 311 0
499 311 0
136 312 0
159 312 0
179 312 0
185 312 0
475 312 0
526 312 0
136 313 0
159 313 0
587 313 0
159 314 0
512 314 0
108 315 0
159 315 0
166 315 0
383 315 0
101 316 0
108 316 0
149 316 0
159 316 0
149 317 0
150 317 0
159 317 0
159 318 0
504 318 0
185 319 0
504 321 0
185 322 0
495 322 0
185 323 0
503 325 0
117 326 0
117 327 0
484 327 0
298 328 0
493 328 0
495 328 0
496 329 0
497 329 0
142 330 0
289 330 0
497 330 0
499 330 0
500 330 0
504 330 0
289 331 0
294 331 0
303 331 0
505 331 0
506 331 0
294 332 0
506 332 0
507 332 0
294 333 0
155 335 0
146 338 0
266 338 0
147 339 0
267 340 0
268 341 0
317 342 0
318 342 0
317 343 0
318 343 0
317 344 0
318 344 0
334 346 0
177 347 0
333 347 0
396 347 0
269 348 0
331 348 0
519 348 0
331 349 0
268 350 0
317 351 0
330 351 0
346 352 0
356 352 0
356 353 0
301 354 0
302 354 0
356 354 0
370 354 0
356 355 0
370 355 0
356 356 0
370 356 0
378 356 0
356 357 0
370 357 0
375 357 0
377 357 0
340 358 0
356 358 0
370 358 0
378 358 0
268 359 0
324 359 0
340 359 0
356 359 0
365 359 0
370 359 0
267 360 0
324 360 0
334 360 0
335 360 0
340 360 0
356 360 0
378 360 0
394 360 0
267 361 0
335 361 0
340 361 0
356 361 0
370 361 0
374 361 0
375 361 0
378 361 0
394 361 0
267 362 0
347 362 0
356 362 0
378 362 0
383 362 0
331 363 0
347 363 0
356 363 0
383 363 0
343 364 0
356 364 0
360 364 0
361 364 0
367 364 0
375 364 0
378 364 0
383 364 0
388 364 0
393 364 0
395 364 0
408 364 0
356 365 0
375 365 0
378 365 0
388 365 0
395 365 0
400 365 0
408 365 0
356 366 0
378 366 0
383 366 0
393 366 0
395 366 0
407 366 0
408 366 0
356 367 0
364 367 0
375 367 0
378 367 0
393 367 0
407 367 0
422 367 0
306 368 0
347 368 0
356 368 0
364 368 0
378 368 0
382 368 0
388 368 0
393 368 0
401 368 0
407 368 0
421 368 0
290 369 0
349 369 0
356 369 0
365 369 0
378 369 0
393 369 0
396 369 0
401 369 0
406 369 0
407 369 0
414 369 0
421 369 0
427 369 0
271 370 0
346 370 0
349 370 0
354 370 0
356 370 0
361 370 0
366 370 0
378 370 0
392 370 0
393 370 0
396 370 0
401 370 0
414 370 0
427 370 0
271 371 0
349 371 0
354 371 0
356 371 0
357 371 0
366 371 0
378 371 0
392 371 0
406 371 0
420 371 0
271 372 0
349 372 0
354 372 0
356 372 0
360 372 0
367 372 0
378 372 0
406 372 0
415 372 0
420 372 0
350 373 0
356 373 0
367 373 0
378 373 0
410 373 0
411 373 0
415 373 0
420 373 0
426 373 0
356 374 0
368 374 0
378 374 0
383 374 0
385 374 0
397 374 0
410 374 0
411 374 0
420 374 0
6 375 0
378 375 0
383 375 0
391 375 0
397 375 0
404 375 0
405 375 0
409 375 0
411 375 0
419 375 0
425 375 0
369 376 0
378 376 0
383 376 0
386 376 0
403 376 0
409 376 0
411 376 0
416 376 0
419 376 0
425 376 0
319 377 0
378 377 0
383 377 0
387 377 0
398 377 0
412 377 0
416 377 0
419 377 0
425 377 0
324 378 0
328 378 0
378 378 0
383 378 0
387 378 0
398 378 0
412 378 0
425 378 0
316 379 0
378 379 0
383 379 0
387 379 0
388 379 0
399 379 0
408 379 0
412 379 0
418 379 0
533 379 0
378 380 0
388 380 0
399 380 0
408 380 0
412 380 0
418 380 0
424 380 0
533 380 0
534 380 0
317 381 0
388 381 0
393 381 0
394 381 0
399 381 0
533 381 0
534 381 0
328 382 0
389 382 0
399 382 0
407 382 0
413 382 0
533 382 0
534 382 0
337 383 0
352 383 0
389 383 0
400 383 0
407 383 0
413 383 0
423 383 0
533 383 0
534 383 0
337 384 0
343 384 0
352 384 0
400 384 0
413 384 0
533 384 0
534 384 0
306 385 0
330 385 0
337 385 0
343 385 0
400 385 0
406 385 0
413 385 0
422 385 0
534 385 0
337 386 0
343 386 0
406 386 0
414 386 0
422 386 0
534 386 0
337 387 0
343 387 0
352 387 0
356 387 0
405 387 0
406 387 0
414 387 0
422 387 0
534 387 0
352 388 0
355 388 0
414 388 0
421 388 0
539 388 0
339 389 0
355 389 0
414 389 0
415 389 0
421 389 0
533 389 0
534 389 0
339 390 0
346 390 0
370 390 0
415 390 0
533 390 0
534 390 0
355 391 0
366 391 0
420 391 0
533 391 0
352 392 0
362 392 0
366 392 0
370 392 0
533 392 0
366 393 0
374 393 0
384 393 0
533 393 0
366 394 0
374 394 0
384 394 0
386 394 0
533 394 0
366 395 0
370 395 0
374 395 0
383 395 0
385 395 0
386 395 0
533 395 0
366 396 0
369 396 0
374 396 0
383 396 0
533 396 0
255 397 0
256 397 0
257 397 0
258 397 0
259 397 0
369 397 0
374 397 0
376 397 0
383 397 0
533 397 0
256 398 0
257 398 0
258 398 0
259 398 0
260 398 0
261 398 0
385 398 0
392 398 0
393 398 0
533 398 0
257 399 0
258 399 0
261 399 0
262 399 0
385 399 0
394 399 0
407 399 0
408 399 0
533 399 0
258 400 0
260 400 0
261 400 0
265 400 0
392 400 0
399 400 0
408 400 0
533 400 0
399 401 0
533 401 0
307 402 0
394 402 0
399 402 0
532 402 0
393 403 0
399 403 0
405 403 0
533 403 0
399 404 0
411 404 0
533 404 0
399 405 0
411 405 0
418 405 0
532 405 0
533 405 0
399 406 0
403 406 0
411 406 0
417 406 0
418 406 0
532 406 0
533 406 0
403 407 0
411 407 0
417 407 0
418 407 0
533 407 0
418 408 0
532 408 0
533 408 0
418 409 0
419 409 0
420 409 0
533 409 0
418 410 0
419 410 0
420 410 0
533 410 0
359 411 0
418 411 0
419 411 0
420 411 0
533 412 0
532 414 0
532 415 0
532 416 0
532 417 0
532 418 0
532 419 0
557 419 0
532 420 0
557 420 0
532 421 0
532 422 0
532 423 0
568 423 0
532 424 0
561 424 0
568 424 0
227 426 0
228 426 0
532 426 0
532 427 0
532 428 0
532 429 0
525 430 0
532 430 0
532 431 0
570 431 0
532 432 0
532 433 0
531 435 0
532 435 0
531 436 0
531 437 0
531 438 0
531 439 0
531 440 0
531 441 0
531 443 0
531 444 0
531 445 0
531 446 0
531 447 0
531 448 0
194 449 0
531 449 0
531 450 0
531 451 0
531 452 0
531 453 0
530 454 0
531 454 0
530 455 0
530 456 0
349 457 0
530 457 0
530 458 0
531 459 0
531 461 0
218 468 0
218 469 0
283 474 0
91 476 0
626 398 1
