29 2 0
213 2 0
387 12 0
583 23 0
143 32 0
297 32 0
297 33 0
342 41 0
13 77 0
14 77 0
507 78 0
90 101 0
477 101 0
14 104 0
132 107 0
286 108 0
286 109 0
360 109 0
286 110 0
286 111 0
282 112 0
283 112 0
284 112 0
301 112 0
302 112 0
305 112 0
283 113 0
301 113 0
305 113 0
280 114 0
285 114 0
301 114 0
304 114 0
305 114 0
301 115 0
279 116 0
305 116 0
307 116 0
278 117 0
279 117 0
280 117 0
295 117 0
304 117 0
305 117 0
308 117 0
278 118 0
308 118 0
309 118 0
305 119 0
308 119 0
305 120 0
306 120 0
307 120 0
308 120 0
275 121 0
305 121 0
306 121 0
307 121 0
308 121 0
305 122 0
306 122 0
307 122 0
308 122 0
296 123 0
307 123 0
308 123 0
309 123 0
274 124 0
296 124 0
273 125 0
272 126 0
273 126 0
274 126 0
293 126 0
307 126 0
308 126 0
323 126 0
271 127 0
269 128 0
270 128 0
309 129 0
306 130 0
307 130 0
308 130 0
309 130 0
310 130 0
312 130 0
281 131 0
287 131 0
307 131 0
308 131 0
309 131 0
310 131 0
312 131 0
313 131 0
263 132 0
306 134 0
299 137 0
364 138 0
304 147 0
33 148 0
300 152 0
300 153 0
300 154 0
298 156 0
301 156 0
298 157 0
299 157 0
298 158 0
298 159 0
299 160 0
297 162 0
296 163 0
297 163 0
592 163 0
617 163 0
293 164 0
296 164 0
297 164 0
293 165 0
297 165 0
298 165 0
194 168 0
197 168 0
198 168 0
200 168 0
295 168 0
296 168 0
181 169 0
182 169 0
183 169 0
184 169 0
292 169 0
295 169 0
168 170 0
169 170 0
170 170 0
171 170 0
295 170 0
157 171 0
293 171 0
291 172 0
294 172 0
296 172 0
291 173 0
101 174 0
102 174 0
273 174 0
274 174 0
292 174 0
294 174 0
295 174 0
256 175 0
293 175 0
294 175 0
295 175 0
76 176 0
292 176 0
293 176 0
51 177 0
291 177 0
292 177 0
293 177 0
294 177 0
251 178 0
291 178 0
295 178 0
573 178 0
252 179 0
265 179 0
295 179 0
296 179 0
297 179 0
298 179 0
573 179 0
2 180 0
8 180 0
291 180 0
292 180 0
297 180 0
535 180 0
291 181 0
296 181 0
253 182 0
291 182 0
292 182 0
294 182 0
295 182 0
296 182 0
291 183 0
292 183 0
293 183 0
294 183 0
295 183 0
296 183 0
297 183 0
287 185 0
296 185 0
298 185 0
287 186 0
288 186 0
295 186 0
296 186 0
137 187 0
287 187 0
294 187 0
295 187 0
294 188 0
295 188 0
294 189 0
295 189 0
296 189 0
298 189 0
299 189 0
296 190 0
288 192 0
300 192 0
291 193 0
292 193 0
298 193 0
300 193 0
301 193 0
298 194 0
291 196 0
298 198 0
306 198 0
296 200 0
297 200 0
285 217 0
361 219 0
357 225 0
424 226 0
288 229 0
279 231 0
305 231 0
349 231 0
299 233 0
300 233 0
331 234 0
295 236 0
345 236 0
346 236 0
295 238 0
331 238 0
298 239 0
299 240 0
374 241 0
375 241 0
407 241 0
516 241 0
299 242 0
272 243 0
352 243 0
496 243 0
354 244 0
367 244 0
309 245 0
283 247 0
358 247 0
524 248 0
323 251 0
257 253 0
290 253 0
357 253 0
395 253 0
446 253 0
249 254 0
398 256 0
269 257 0
302 257 0
339 257 0
287 259 0
308 259 0
290 260 0
295 260 0
303 261 0
318 261 0
635 261 0
300 262 0
482 264 0
298 266 0
350 266 0
298 267 0
309 268 0
402 271 0
481 274 0
464 275 0
276 279 0
327 280 0
417 280 0
417 281 0
333 282 0
459 283 0
248 284 0
249 284 0
250 284 0
468 284 0
246 285 0
247 285 0
248 285 0
249 285 0
250 285 0
251 285 0
252 285 0
253 285 0
254 285 0
255 285 0
140 286 0
247 286 0
248 286 0
249 286 0
250 286 0
251 286 0
252 286 0
253 286 0
254 286 0
255 286 0
245 287 0
250 287 0
251 287 0
252 287 0
253 287 0
254 287 0
255 287 0
256 287 0
187 288 0
250 288 0
251 288 0
255 288 0
292 288 0
161 289 0
187 289 0
137 291 0
153 291 0
313 291 0
136 292 0
248 293 0
446 295 0
149 297 0
477 299 0
477 300 0
491 301 0
492 301 0
145 302 0
488 302 0
43 303 0
492 303 0
499 303 0
133 305 0
477 305 0
487 308 0
257 309 0
136 313 0
383 315 0
146 316 0
146 317 0
165 317 0
146 318 0
165 318 0
458 318 0
471 318 0
146 319 0
146 320 0
168 320 0
146 321 0
146 322 0
166 322 0
166 323 0
495 323 0
167 324 0
167 325 0
167 326 0
163 327 0
495 329 0
497 329 0
271 330 0
496 330 0
497 330 0
271 331 0
297 331 0
504 331 0
296 332 0
297 332 0
504 332 0
297 333 0
107 336 0
262 336 0
107 339 0
179 339 0
107 340 0
177 341 0
175 344 0
312 344 0
312 345 0
322 345 0
174 346 0
312 346 0
328 346 0
312 347 0
326 347 0
327 347 0
519 347 0
264 348 0
326 348 0
519 348 0
264 349 0
332 349 0
330 350 0
331 350 0
351 350 0
330 351 0
351 351 0
340 352 0
351 352 0
351 353 0
351 354 0
364 354 0
351 355 0
364 355 0
364 356 0
364 357 0
319 358 0
351 358 0
364 358 0
263 359 0
319 359 0
351 359 0
364 359 0
301 360 0
351 360 0
364 360 0
294 361 0
301 361 0
351 361 0
364 361 0
368 361 0
351 362 0
364 362 0
402 362 0
635 362 0
351 363 0
355 363 0
364 363 0
389 363 0
402 363 0
355 364 0
364 364 0
401 364 0
290 365 0
301 365 0
342 365 0
351 365 0
355 365 0
382 365 0
383 365 0
401 365 0
351 366 0
355 366 0
390 366 0
416 366 0
351 367 0
355 367 0
390 367 0
400 367 0
415 367 0
278 368 0
285 368 0
344 368 0
351 368 0
355 368 0
387 368 0
390 368 0
400 368 0
415 368 0
420 368 0
341 369 0
344 369 0
351 369 0
355 369 0
387 369 0
390 369 0
420 369 0
267 370 0
351 370 0
386 370 0
391 370 0
414 370 0
420 370 0
267 371 0
272 371 0
344 371 0
348 371 0
351 371 0
361 371 0
391 371 0
399 371 0
414 371 0
419 371 0
348 372 0
355 372 0
391 372 0
399 372 0
404 372 0
419 372 0
351 373 0
391 373 0
404 373 0
413 373 0
355 374 0
391 374 0
398 374 0
413 374 0
418 374 0
6 375 0
311 375 0
392 375 0
398 375 0
413 375 0
418 375 0
6 376 0
313 376 0
369 376 0
392 376 0
402 376 0
413 376 0
319 377 0
320 377 0
381 377 0
392 377 0
397 377 0
412 377 0
525 377 0
318 378 0
372 378 0
377 378 0
406 378 0
412 378 0
525 378 0
318 379 0
319 379 0
320 379 0
372 379 0
382 379 0
412 379 0
525 379 0
401 380 0
525 380 0
327 381 0
383 381 0
393 381 0
407 381 0
416 381 0
525 381 0
332 382 0
348 382 0
393 382 0
407 382 0
416 382 0
525 382 0
324 383 0
341 383 0
348 383 0
389 383 0
407 383 0
525 383 0
338 384 0
415 384 0
330 385 0
338 385 0
394 385 0
408 385 0
415 385 0
525 385 0
332 386 0
338 386 0
351 386 0
408 386 0
525 386 0
348 387 0
350 387 0
356 387 0
408 387 0
414 387 0
334 388 0
348 388 0
350 388 0
356 388 0
408 388 0
414 388 0
334 389 0
356 389 0
364 389 0
414 389 0
525 389 0
356 390 0
413 390 0
486 390 0
360 391 0
368 391 0
369 391 0
379 391 0
525 391 0
356 392 0
361 392 0
370 392 0
378 392 0
525 392 0
302 393 0
355 393 0
356 393 0
357 393 0
378 393 0
525 393 0
302 394 0
357 394 0
361 394 0
368 394 0
378 394 0
525 394 0
333 395 0
378 395 0
379 395 0
525 395 0
252 396 0
253 396 0
368 396 0
378 396 0
525 396 0
254 397 0
255 397 0
256 397 0
302 397 0
378 397 0
386 397 0
387 397 0
401 397 0
525 397 0
253 398 0
254 398 0
255 398 0
256 398 0
257 398 0
258 398 0
259 398 0
378 398 0
386 398 0
387 398 0
401 398 0
402 398 0
256 399 0
257 399 0
302 399 0
400 399 0
525 399 0
302 400 0
379 400 0
386 400 0
387 400 0
386 401 0
395 401 0
399 401 0
405 401 0
524 401 0
395 402 0
402 402 0
405 402 0
524 402 0
395 403 0
402 403 0
404 403 0
524 403 0
402 404 0
404 404 0
411 404 0
524 404 0
399 405 0
404 405 0
411 405 0
524 405 0
412 406 0
524 406 0
412 407 0
524 407 0
412 408 0
524 408 0
412 409 0
413 409 0
524 409 0
412 410 0
524 411 0
524 413 0
524 414 0
524 415 0
239 416 0
524 416 0
524 417 0
524 418 0
524 419 0
524 420 0
524 421 0
523 423 0
560 423 0
561 423 0
561 424 0
227 426 0
523 426 0
523 427 0
561 427 0
523 428 0
523 429 0
523 430 0
524 430 0
559 430 0
332 433 0
523 435 0
523 436 0
523 437 0
523 438 0
523 439 0
523 440 0
523 441 0
523 442 0
523 443 0
196 448 0
522 449 0
523 449 0
523 450 0
523 451 0
523 452 0
522 453 0
523 453 0
522 454 0
523 454 0
522 455 0
522 456 0
349 457 0
410 457 0
522 457 0
410 458 0
522 458 0
218 468 0
218 469 0
635 370 1
637 445 1
437 458 1
530 462 1
