475 18 0
475 19 0
583 24 0
297 33 0
298 33 0
38 39 0
343 41 0
585 62 0
507 78 0
291 93 0
294 95 0
625 97 0
630 97 0
633 97 0
578 99 0
560 100 0
562 100 0
563 100 0
564 100 0
565 100 0
566 100 0
567 100 0
91 101 0
286 101 0
548 101 0
15 104 0
471 104 0
474 104 0
475 104 0
444 105 0
447 105 0
450 105 0
451 105 0
452 105 0
453 105 0
454 105 0
455 105 0
456 105 0
457 105 0
458 105 0
459 105 0
407 107 0
408 107 0
409 107 0
410 107 0
412 107 0
416 107 0
296 109 0
358 109 0
359 109 0
360 109 0
361 109 0
362 109 0
363 109 0
370 109 0
373 109 0
278 114 0
278 115 0
279 115 0
291 115 0
293 115 0
279 116 0
291 116 0
279 117 0
282 117 0
290 117 0
291 117 0
292 117 0
294 117 0
294 118 0
293 119 0
294 119 0
301 119 0
278 120 0
301 120 0
278 121 0
287 122 0
281 123 0
282 123 0
301 123 0
302 123 0
291 124 0
292 124 0
296 124 0
302 124 0
293 125 0
294 125 0
302 125 0
272 126 0
293 126 0
302 126 0
323 126 0
324 126 0
306 127 0
302 128 0
306 128 0
278 129 0
287 129 0
300 129 0
302 129 0
287 130 0
298 130 0
302 130 0
306 130 0
302 131 0
306 131 0
306 132 0
302 133 0
303 133 0
241 137 0
428 147 0
33 148 0
293 156 0
293 157 0
379 159 0
381 159 0
382 159 0
396 159 0
397 159 0
401 159 0
407 159 0
323 161 0
299 162 0
300 162 0
301 162 0
580 162 0
581 162 0
582 162 0
583 162 0
586 162 0
603 163 0
622 163 0
623 163 0
624 163 0
626 163 0
627 163 0
226 166 0
237 166 0
280 167 0
195 168 0
196 168 0
280 168 0
182 169 0
280 169 0
166 170 0
167 170 0
168 170 0
169 170 0
170 170 0
289 170 0
290 170 0
154 171 0
155 171 0
288 172 0
115 173 0
100 174 0
546 174 0
534 175 0
49 177 0
53 177 0
39 178 0
545 179 0
553 179 0
276 180 0
288 180 0
294 180 0
605 182 0
137 183 0
138 183 0
294 183 0
295 183 0
286 184 0
292 186 0
283 188 0
291 188 0
283 189 0
287 189 0
146 190 0
246 190 0
129 191 0
133 191 0
134 191 0
135 191 0
338 191 0
77 192 0
299 193 0
298 194 0
286 196 0
607 196 0
610 196 0
611 196 0
280 201 0
282 201 0
279 202 0
280 202 0
281 202 0
282 202 0
283 203 0
284 204 0
285 204 0
361 219 0
396 242 0
496 243 0
302 244 0
272 246 0
409 246 0
608 259 0
608 260 0
635 261 0
297 263 0
159 272 0
487 276 0
488 276 0
206 282 0
210 283 0
248 284 0
249 284 0
250 284 0
251 284 0
252 284 0
248 285 0
249 285 0
250 285 0
251 285 0
252 285 0
253 285 0
254 285 0
255 285 0
251 286 0
252 286 0
253 286 0
254 286 0
255 286 0
249 287 0
250 287 0
251 287 0
252 287 0
253 287 0
255 287 0
162 288 0
253 292 0
248 293 0
142 294 0
262 294 0
287 299 0
137 300 0
152 301 0
308 303 0
163 304 0
137 307 0
140 308 0
257 309 0
336 309 0
479 315 0
480 315 0
102 317 0
105 318 0
382 319 0
410 324 0
415 325 0
416 325 0
140 330 0
143 331 0
443 331 0
444 331 0
141 335 0
472 337 0
478 338 0
147 339 0
484 339 0
537 342 0
157 343 0
158 343 0
160 344 0
164 345 0
170 347 0
519 347 0
330 348 0
331 348 0
519 348 0
528 348 0
314 352 0
561 355 0
567 356 0
283 367 0
358 370 0
387 370 0
342 371 0
359 371 0
387 371 0
359 372 0
360 374 0
388 374 0
388 375 0
519 375 0
363 376 0
389 379 0
340 382 0
384 382 0
390 383 0
392 384 0
393 384 0
334 386 0
350 387 0
539 387 0
343 388 0
379 390 0
380 391 0
360 394 0
252 395 0
253 396 0
254 396 0
255 396 0
256 396 0
367 396 0
368 396 0
256 397 0
257 397 0
258 397 0
375 397 0
518 402 0
401 405 0
403 406 0
517 423 0
517 424 0
227 426 0
202 448 0
516 454 0
516 455 0
218 468 0
267 397 1
273 398 1
301 409 1
279 410 1
323 416 1
324 417 1
301 418 1
320 420 1
336 425 1
342 427 1
362 440 1
363 440 1
377 440 1
355 444 1
385 448 1
259 449 1
258 450 1
424 451 1
378 453 1
224 456 1
272 456 1
422 456 1
429 458 1
523 458 1
277 459 1
433 460 1
420 461 1
534 461 1
539 463 1
429 464 1
542 464 1
462 465 1
546 465 1
434 467 1
453 467 1
561 470 1
480 477 1
580 477 1
581 477 1
