29 2 0
490 7 0
387 12 0
474 18 0
475 18 0
584 21 0
583 23 0
584 23 0
233 26 0
233 27 0
297 32 0
297 33 0
298 33 0
456 35 0
448 40 0
585 61 0
585 62 0
429 65 0
485 69 0
619 96 0
620 96 0
625 96 0
576 98 0
554 99 0
555 99 0
556 99 0
557 99 0
558 99 0
559 99 0
560 99 0
561 99 0
538 100 0
540 100 0
541 100 0
542 100 0
543 100 0
544 100 0
545 100 0
546 100 0
90 101 0
91 101 0
279 102 0
462 103 0
465 103 0
469 103 0
471 103 0
472 103 0
473 103 0
474 103 0
475 103 0
14 104 0
450 104 0
410 106 0
413 106 0
418 106 0
132 107 0
278 107 0
277 108 0
365 108 0
366 108 0
367 108 0
368 108 0
277 109 0
345 109 0
346 109 0
277 110 0
288 110 0
292 110 0
293 110 0
277 111 0
279 111 0
292 111 0
293 111 0
272 112 0
273 112 0
276 112 0
292 112 0
293 112 0
294 112 0
295 112 0
296 112 0
272 113 0
273 113 0
274 113 0
275 113 0
276 113 0
288 113 0
292 113 0
293 113 0
295 113 0
296 113 0
297 113 0
271 114 0
272 114 0
273 114 0
274 114 0
275 114 0
276 114 0
286 114 0
288 114 0
289 114 0
293 114 0
295 114 0
296 114 0
297 114 0
298 114 0
271 115 0
272 115 0
273 115 0
274 115 0
275 115 0
276 115 0
285 115 0
286 115 0
288 115 0
289 115 0
293 115 0
295 115 0
296 115 0
297 115 0
298 115 0
271 116 0
272 116 0
274 116 0
276 116 0
277 116 0
281 116 0
285 116 0
286 116 0
287 116 0
288 116 0
293 116 0
294 116 0
295 116 0
296 116 0
297 116 0
298 116 0
299 116 0
270 117 0
271 117 0
272 117 0
276 117 0
277 117 0
280 117 0
281 117 0
285 117 0
286 117 0
287 117 0
288 117 0
289 117 0
292 117 0
293 117 0
294 117 0
295 117 0
296 117 0
297 117 0
298 117 0
299 117 0
268 118 0
271 118 0
272 118 0
273 118 0
278 118 0
280 118 0
281 118 0
284 118 0
285 118 0
288 118 0
289 118 0
290 118 0
295 118 0
297 118 0
298 118 0
299 118 0
267 119 0
268 119 0
271 119 0
272 119 0
273 119 0
280 119 0
281 119 0
283 119 0
284 119 0
285 119 0
286 119 0
288 119 0
289 119 0
290 119 0
292 119 0
299 119 0
269 120 0
272 120 0
273 120 0
277 120 0
278 120 0
284 120 0
285 120 0
286 120 0
289 120 0
290 120 0
291 120 0
292 120 0
299 120 0
268 121 0
269 121 0
272 121 0
273 121 0
278 121 0
285 121 0
288 121 0
289 121 0
291 121 0
297 121 0
266 122 0
267 122 0
268 122 0
280 122 0
285 122 0
289 122 0
291 122 0
297 122 0
299 122 0
267 123 0
284 123 0
285 123 0
291 123 0
292 123 0
297 123 0
298 123 0
299 123 0
301 123 0
266 124 0
280 124 0
282 124 0
285 124 0
291 124 0
292 124 0
295 124 0
297 124 0
298 124 0
299 124 0
300 124 0
301 124 0
265 125 0
266 125 0
267 125 0
284 125 0
285 125 0
289 125 0
298 125 0
299 125 0
264 126 0
265 126 0
266 126 0
280 126 0
297 126 0
298 126 0
299 126 0
300 126 0
301 126 0
314 126 0
315 126 0
323 126 0
324 126 0
506 126 0
264 127 0
284 127 0
285 127 0
290 127 0
299 127 0
300 127 0
301 127 0
263 128 0
264 128 0
278 128 0
279 128 0
280 128 0
281 128 0
282 128 0
283 128 0
284 128 0
285 128 0
286 128 0
287 128 0
290 128 0
291 128 0
292 128 0
299 128 0
300 128 0
301 128 0
302 128 0
260 129 0
261 129 0
262 129 0
263 129 0
264 129 0
277 129 0
278 129 0
284 129 0
285 129 0
286 129 0
287 129 0
290 129 0
292 129 0
296 129 0
298 129 0
299 129 0
300 129 0
303 129 0
275 130 0
276 130 0
277 130 0
278 130 0
280 130 0
283 130 0
284 130 0
285 130 0
287 130 0
288 130 0
299 130 0
303 130 0
448 130 0
449 130 0
273 131 0
276 131 0
277 131 0
280 131 0
283 131 0
285 131 0
286 131 0
287 131 0
289 131 0
290 131 0
294 131 0
299 131 0
303 131 0
277 132 0
284 132 0
285 132 0
290 132 0
299 132 0
300 132 0
301 132 0
302 132 0
303 132 0
290 133 0
295 133 0
301 133 0
575 133 0
298 134 0
252 135 0
253 135 0
241 137 0
290 139 0
290 140 0
272 141 0
290 142 0
291 142 0
269 143 0
428 145 0
429 145 0
33 148 0
376 148 0
292 150 0
89 152 0
291 153 0
286 157 0
271 158 0
291 158 0
271 159 0
290 159 0
290 160 0
286 161 0
288 161 0
575 161 0
576 161 0
577 161 0
578 161 0
579 161 0
580 161 0
581 161 0
584 161 0
617 162 0
618 162 0
620 162 0
621 162 0
624 162 0
625 162 0
290 163 0
286 164 0
286 165 0
286 166 0
286 167 0
287 167 0
289 167 0
290 167 0
270 168 0
284 168 0
285 168 0
286 168 0
287 168 0
270 169 0
285 169 0
286 169 0
270 170 0
281 170 0
285 170 0
286 170 0
287 170 0
285 171 0
286 171 0
287 171 0
246 172 0
248 172 0
284 172 0
285 172 0
286 172 0
288 172 0
248 173 0
246 174 0
285 174 0
286 174 0
287 174 0
246 175 0
288 175 0
533 175 0
534 175 0
281 176 0
285 176 0
288 176 0
285 177 0
285 178 0
442 178 0
543 178 0
283 179 0
287 179 0
419 179 0
448 179 0
281 180 0
282 180 0
285 180 0
287 180 0
432 180 0
535 180 0
281 181 0
282 181 0
599 181 0
281 182 0
282 182 0
285 182 0
609 182 0
285 183 0
294 183 0
504 183 0
282 184 0
293 184 0
294 184 0
402 184 0
288 185 0
282 186 0
283 186 0
292 186 0
279 187 0
282 187 0
283 187 0
291 187 0
282 188 0
282 189 0
279 190 0
280 190 0
281 190 0
282 190 0
280 191 0
281 191 0
282 191 0
283 191 0
338 191 0
281 192 0
283 192 0
284 192 0
284 193 0
291 193 0
292 193 0
280 195 0
282 195 0
606 195 0
608 195 0
609 195 0
283 196 0
284 196 0
283 197 0
285 197 0
306 198 0
284 200 0
331 217 0
361 219 0
362 219 0
396 220 0
395 221 0
334 222 0
341 222 0
395 222 0
332 223 0
576 224 0
425 226 0
381 227 0
398 227 0
262 228 0
349 229 0
409 229 0
342 230 0
344 230 0
406 230 0
428 230 0
434 230 0
252 231 0
265 231 0
336 231 0
341 231 0
404 231 0
273 232 0
351 232 0
273 233 0
294 234 0
327 234 0
336 234 0
350 234 0
358 234 0
359 234 0
375 234 0
423 234 0
428 234 0
287 235 0
331 235 0
390 235 0
447 235 0
469 235 0
225 236 0
226 236 0
334 236 0
335 236 0
342 236 0
346 236 0
403 236 0
241 237 0
340 237 0
335 238 0
357 238 0
468 238 0
312 239 0
379 239 0
380 239 0
239 240 0
262 240 0
273 240 0
345 240 0
361 240 0
374 240 0
377 240 0
385 240 0
393 240 0
374 241 0
407 241 0
274 242 0
275 242 0
288 242 0
289 242 0
390 242 0
397 242 0
420 242 0
447 242 0
282 243 0
288 243 0
457 243 0
496 243 0
298 244 0
387 244 0
405 244 0
470 244 0
245 245 0
271 245 0
370 245 0
371 245 0
468 245 0
308 246 0
470 246 0
294 247 0
301 247 0
337 247 0
475 247 0
243 248 0
427 248 0
524 248 0
327 249 0
384 249 0
385 249 0
423 249 0
484 249 0
502 249 0
340 250 0
366 250 0
454 250 0
466 250 0
549 250 0
293 251 0
344 251 0
451 251 0
549 251 0
354 252 0
383 252 0
480 252 0
259 253 0
274 253 0
299 253 0
386 253 0
429 253 0
449 254 0
494 254 0
482 255 0
403 256 0
452 256 0
493 256 0
296 257 0
468 257 0
483 257 0
426 258 0
285 259 0
287 259 0
329 259 0
464 259 0
291 260 0
459 260 0
324 261 0
442 261 0
341 262 0
378 262 0
329 263 0
330 263 0
383 263 0
401 263 0
287 264 0
293 264 0
308 264 0
396 264 0
464 264 0
293 265 0
352 265 0
468 265 0
341 266 0
426 266 0
280 267 0
296 267 0
329 267 0
413 267 0
391 268 0
483 268 0
310 269 0
324 269 0
273 270 0
466 270 0
504 270 0
515 270 0
466 271 0
481 271 0
482 271 0
487 271 0
488 271 0
504 271 0
522 271 0
482 272 0
506 272 0
278 273 0
483 273 0
484 273 0
495 273 0
501 273 0
256 274 0
426 274 0
476 274 0
479 274 0
480 274 0
512 274 0
275 275 0
483 275 0
243 276 0
306 276 0
322 276 0
496 276 0
503 276 0
267 277 0
477 277 0
487 277 0
488 277 0
490 277 0
503 277 0
504 277 0
297 278 0
328 278 0
333 278 0
498 278 0
475 279 0
482 279 0
492 279 0
295 280 0
476 280 0
477 280 0
240 281 0
323 281 0
462 281 0
477 281 0
238 282 0
239 282 0
246 282 0
281 282 0
477 282 0
490 282 0
246 283 0
247 283 0
248 283 0
249 283 0
250 283 0
251 283 0
252 283 0
275 283 0
285 283 0
448 283 0
246 284 0
247 284 0
249 284 0
250 284 0
251 284 0
252 284 0
253 284 0
254 284 0
492 284 0
246 285 0
248 285 0
249 285 0
250 285 0
251 285 0
252 285 0
253 285 0
254 285 0
447 285 0
492 285 0
513 285 0
248 286 0
251 286 0
252 286 0
254 286 0
258 286 0
260 286 0
472 286 0
492 286 0
252 287 0
449 287 0
459 287 0
492 287 0
161 288 0
301 288 0
161 289 0
468 290 0
445 292 0
521 292 0
248 293 0
521 295 0
449 296 0
492 298 0
498 298 0
500 298 0
502 298 0
487 299 0
499 299 0
459 300 0
475 300 0
487 300 0
500 300 0
502 300 0
487 301 0
488 301 0
488 302 0
486 304 0
497 304 0
158 305 0
475 305 0
477 305 0
481 305 0
300 306 0
478 306 0
479 306 0
491 306 0
492 306 0
473 307 0
474 307 0
475 307 0
490 307 0
474 308 0
493 308 0
496 308 0
257 309 0
478 309 0
485 309 0
489 309 0
391 310 0
497 310 0
507 310 0
165 311 0
471 311 0
474 311 0
485 311 0
495 311 0
161 312 0
136 313 0
473 313 0
474 313 0
476 313 0
587 313 0
484 315 0
142 318 0
468 318 0
471 318 0
476 318 0
502 318 0
503 318 0
504 318 0
142 319 0
142 320 0
499 320 0
399 321 0
470 321 0
170 322 0
495 322 0
499 322 0
499 323 0
144 325 0
491 326 0
493 326 0
494 326 0
163 327 0
282 327 0
492 327 0
494 327 0
499 327 0
500 327 0
492 328 0
495 328 0
500 328 0
501 328 0
144 329 0
146 329 0
500 329 0
501 329 0
502 329 0
264 330 0
444 330 0
494 332 0
149 334 0
150 336 0
474 336 0
480 337 0
149 338 0
151 338 0
257 339 0
315 340 0
533 340 0
534 340 0
499 341 0
538 341 0
539 341 0
510 343 0
511 343 0
304 344 0
331 344 0
560 345 0
561 345 0
329 347 0
330 348 0
519 348 0
573 348 0
574 348 0
315 350 0
316 350 0
360 350 0
360 351 0
363 351 0
342 352 0
360 352 0
363 352 0
595 352 0
285 353 0
363 353 0
311 354 0
363 355 0
383 355 0
327 356 0
334 356 0
363 356 0
384 356 0
318 357 0
322 357 0
363 357 0
257 358 0
318 358 0
363 358 0
373 358 0
396 358 0
584 358 0
258 359 0
353 359 0
368 359 0
373 359 0
379 359 0
392 359 0
258 360 0
349 360 0
368 360 0
373 360 0
379 360 0
385 360 0
277 361 0
333 361 0
350 362 0
385 362 0
391 362 0
397 362 0
278 363 0
351 363 0
363 363 0
381 363 0
386 363 0
351 364 0
386 364 0
279 365 0
352 365 0
377 365 0
386 365 0
390 365 0
336 366 0
352 366 0
360 366 0
381 366 0
390 366 0
336 367 0
353 367 0
382 367 0
353 368 0
370 368 0
382 368 0
387 368 0
389 368 0
409 368 0
360 369 0
370 369 0
382 369 0
387 369 0
389 369 0
393 369 0
395 369 0
409 369 0
354 370 0
355 370 0
371 370 0
382 370 0
387 370 0
393 370 0
395 370 0
355 371 0
360 371 0
395 371 0
356 372 0
368 372 0
372 372 0
377 372 0
383 372 0
430 372 0
511 372 0
356 373 0
357 373 0
368 373 0
372 373 0
373 373 0
377 373 0
383 373 0
396 373 0
430 373 0
373 374 0
378 374 0
383 374 0
396 374 0
6 375 0
378 375 0
391 375 0
396 375 0
6 376 0
379 376 0
384 376 0
511 376 0
379 377 0
384 377 0
406 377 0
512 377 0
308 378 0
329 378 0
384 378 0
406 378 0
511 378 0
512 378 0
542 378 0
294 379 0
324 379 0
340 379 0
384 379 0
390 379 0
397 379 0
512 379 0
294 380 0
324 380 0
330 380 0
385 380 0
397 380 0
398 380 0
405 380 0
512 380 0
324 381 0
330 381 0
385 381 0
405 381 0
511 381 0
512 381 0
324 382 0
512 382 0
338 383 0
340 383 0
294 384 0
295 384 0
326 384 0
399 384 0
326 385 0
334 385 0
359 385 0
570 385 0
339 386 0
376 387 0
369 388 0
374 388 0
511 388 0
585 388 0
586 388 0
369 389 0
511 389 0
354 390 0
363 390 0
369 390 0
511 390 0
242 391 0
355 391 0
369 391 0
371 391 0
511 391 0
356 392 0
360 392 0
369 392 0
371 392 0
377 392 0
511 392 0
249 393 0
377 393 0
511 393 0
251 394 0
252 394 0
253 394 0
254 394 0
255 394 0
256 394 0
370 394 0
372 394 0
511 394 0
253 395 0
254 395 0
255 395 0
256 395 0
377 395 0
511 395 0
253 396 0
254 396 0
255 396 0
256 396 0
257 396 0
372 396 0
377 396 0
511 396 0
395 397 0
263 398 0
395 398 0
399 398 0
390 399 0
390 400 0
395 400 0
398 400 0
392 402 0
403 402 0
403 403 0
511 405 0
511 406 0
511 407 0
511 408 0
511 409 0
547 411 0
510 412 0
547 412 0
510 413 0
510 414 0
510 415 0
510 416 0
510 417 0
510 418 0
510 419 0
561 423 0
227 426 0
228 426 0
510 428 0
510 429 0
510 430 0
510 431 0
221 434 0
509 436 0
509 437 0
509 438 0
509 439 0
509 440 0
509 441 0
509 442 0
509 447 0
509 448 0
509 449 0
509 450 0
202 451 0
390 451 0
509 451 0
218 468 0
218 469 0
566 470 0
483 476 0
587 477 0
627 95 1
631 95 1
637 95 1
632 369 1
