487 1 0
29 2 0
213 2 0
214 2 0
29 3 0
29 4 0
387 12 0
583 23 0
584 23 0
500 29 0
447 30 0
448 30 0
585 30 0
486 31 0
143 32 0
297 32 0
215 33 0
297 33 0
514 36 0
343 41 0
495 52 0
506 69 0
231 73 0
480 77 0
507 78 0
284 92 0
274 98 0
90 101 0
91 101 0
283 103 0
288 103 0
14 104 0
285 104 0
286 104 0
435 104 0
437 104 0
438 104 0
440 104 0
441 104 0
285 105 0
286 105 0
287 105 0
418 105 0
283 106 0
285 106 0
286 106 0
287 106 0
288 106 0
132 107 0
273 107 0
274 107 0
284 107 0
285 107 0
286 107 0
287 107 0
288 107 0
271 108 0
272 108 0
273 108 0
274 108 0
281 108 0
282 108 0
283 108 0
286 108 0
287 108 0
288 108 0
355 108 0
356 108 0
357 108 0
358 108 0
359 108 0
360 108 0
362 108 0
269 109 0
270 109 0
271 109 0
272 109 0
273 109 0
274 109 0
281 109 0
283 109 0
286 109 0
287 109 0
288 109 0
289 109 0
290 109 0
267 110 0
268 110 0
269 110 0
270 110 0
271 110 0
272 110 0
273 110 0
274 110 0
275 110 0
277 110 0
279 110 0
283 110 0
285 110 0
287 110 0
288 110 0
289 110 0
290 110 0
291 110 0
292 110 0
266 111 0
267 111 0
268 111 0
269 111 0
270 111 0
271 111 0
272 111 0
273 111 0
274 111 0
276 111 0
283 111 0
284 111 0
285 111 0
287 111 0
288 111 0
289 111 0
290 111 0
291 111 0
292 111 0
293 111 0
265 112 0
266 112 0
267 112 0
268 112 0
269 112 0
270 112 0
271 112 0
272 112 0
273 112 0
283 112 0
284 112 0
285 112 0
287 112 0
288 112 0
289 112 0
290 112 0
291 112 0
292 112 0
293 112 0
294 112 0
265 113 0
266 113 0
267 113 0
268 113 0
269 113 0
270 113 0
271 113 0
273 113 0
275 113 0
277 113 0
280 113 0
282 113 0
284 113 0
285 113 0
287 113 0
288 113 0
289 113 0
290 113 0
291 113 0
292 113 0
293 113 0
294 113 0
266 114 0
267 114 0
268 114 0
269 114 0
270 114 0
271 114 0
272 114 0
273 114 0
274 114 0
275 114 0
276 114 0
277 114 0
279 114 0
280 114 0
281 114 0
282 114 0
284 114 0
285 114 0
288 114 0
289 114 0
290 114 0
291 114 0
292 114 0
293 114 0
294 114 0
264 115 0
265 115 0
266 115 0
267 115 0
268 115 0
269 115 0
270 115 0
271 115 0
272 115 0
274 115 0
275 115 0
276 115 0
277 115 0
278 115 0
279 115 0
280 115 0
281 115 0
282 115 0
283 115 0
284 115 0
285 115 0
286 115 0
289 115 0
290 115 0
291 115 0
292 115 0
293 115 0
294 115 0
295 115 0
266 116 0
268 116 0
269 116 0
270 116 0
275 116 0
277 116 0
278 116 0
279 116 0
280 116 0
281 116 0
282 116 0
283 116 0
284 116 0
285 116 0
288 116 0
289 116 0
290 116 0
292 116 0
293 116 0
294 116 0
295 116 0
263 117 0
266 117 0
267 117 0
268 117 0
269 117 0
270 117 0
275 117 0
279 117 0
280 117 0
281 117 0
282 117 0
283 117 0
284 117 0
286 117 0
287 117 0
289 117 0
290 117 0
292 117 0
293 117 0
294 117 0
295 117 0
263 118 0
264 118 0
267 118 0
268 118 0
269 118 0
270 118 0
274 118 0
275 118 0
276 118 0
279 118 0
280 118 0
281 118 0
282 118 0
283 118 0
286 118 0
287 118 0
288 118 0
291 118 0
292 118 0
293 118 0
294 118 0
295 118 0
264 119 0
266 119 0
267 119 0
268 119 0
269 119 0
270 119 0
273 119 0
275 119 0
279 119 0
280 119 0
281 119 0
282 119 0
283 119 0
285 119 0
286 119 0
287 119 0
288 119 0
291 119 0
292 119 0
293 119 0
294 119 0
295 119 0
262 120 0
263 120 0
264 120 0
269 120 0
270 120 0
273 120 0
274 120 0
275 120 0
279 120 0
281 120 0
282 120 0
283 120 0
284 120 0
285 120 0
287 120 0
288 120 0
289 120 0
290 120 0
291 120 0
292 120 0
293 120 0
294 120 0
295 120 0
296 120 0
261 121 0
262 121 0
263 121 0
270 121 0
271 121 0
273 121 0
275 121 0
276 121 0
277 121 0
278 121 0
280 121 0
281 121 0
282 121 0
283 121 0
284 121 0
285 121 0
286 121 0
287 121 0
289 121 0
290 121 0
291 121 0
293 121 0
294 121 0
295 121 0
296 121 0
297 121 0
261 122 0
262 122 0
274 122 0
275 122 0
276 122 0
277 122 0
278 122 0
279 122 0
280 122 0
281 122 0
283 122 0
284 122 0
286 122 0
287 122 0
289 122 0
290 122 0
291 122 0
292 122 0
293 122 0
294 122 0
295 122 0
296 122 0
297 122 0
261 123 0
262 123 0
263 123 0
273 123 0
275 123 0
277 123 0
279 123 0
280 123 0
281 123 0
282 123 0
283 123 0
284 123 0
285 123 0
287 123 0
289 123 0
290 123 0
291 123 0
292 123 0
293 123 0
294 123 0
295 123 0
296 123 0
297 123 0
260 124 0
261 124 0
262 124 0
269 124 0
275 124 0
276 124 0
277 124 0
278 124 0
279 124 0
280 124 0
281 124 0
285 124 0
286 124 0
291 124 0
292 124 0
293 124 0
294 124 0
295 124 0
296 124 0
297 124 0
261 125 0
262 125 0
263 125 0
270 125 0
272 125 0
274 125 0
275 125 0
276 125 0
277 125 0
279 125 0
280 125 0
281 125 0
282 125 0
283 125 0
284 125 0
285 125 0
286 125 0
291 125 0
294 125 0
295 125 0
296 125 0
297 125 0
259 126 0
260 126 0
261 126 0
262 126 0
263 126 0
269 126 0
270 126 0
271 126 0
272 126 0
273 126 0
274 126 0
275 126 0
276 126 0
277 126 0
279 126 0
280 126 0
281 126 0
282 126 0
283 126 0
285 126 0
286 126 0
287 126 0
288 126 0
291 126 0
292 126 0
293 126 0
294 126 0
295 126 0
296 126 0
297 126 0
298 126 0
314 126 0
323 126 0
324 126 0
256 127 0
257 127 0
258 127 0
259 127 0
260 127 0
270 127 0
271 127 0
272 127 0
275 127 0
276 127 0
277 127 0
278 127 0
279 127 0
280 127 0
281 127 0
282 127 0
283 127 0
284 127 0
286 127 0
287 127 0
288 127 0
293 127 0
295 127 0
296 127 0
297 127 0
298 127 0
299 127 0
255 128 0
256 128 0
257 128 0
258 128 0
260 128 0
262 128 0
263 128 0
264 128 0
269 128 0
270 128 0
271 128 0
272 128 0
273 128 0
274 128 0
275 128 0
276 128 0
277 128 0
278 128 0
279 128 0
280 128 0
281 128 0
282 128 0
285 128 0
286 128 0
288 128 0
289 128 0
291 128 0
292 128 0
293 128 0
294 128 0
295 128 0
296 128 0
297 128 0
298 128 0
299 128 0
253 129 0
254 129 0
255 129 0
256 129 0
257 129 0
261 129 0
262 129 0
267 129 0
269 129 0
270 129 0
271 129 0
273 129 0
275 129 0
276 129 0
277 129 0
279 129 0
283 129 0
285 129 0
286 129 0
291 129 0
292 129 0
293 129 0
294 129 0
295 129 0
296 129 0
297 129 0
298 129 0
252 130 0
256 130 0
257 130 0
263 130 0
268 130 0
269 130 0
270 130 0
272 130 0
275 130 0
277 130 0
279 130 0
287 130 0
291 130 0
292 130 0
293 130 0
294 130 0
295 130 0
296 130 0
297 130 0
299 130 0
269 131 0
275 131 0
277 131 0
282 131 0
285 131 0
291 131 0
292 131 0
293 131 0
297 131 0
298 131 0
293 132 0
294 132 0
297 132 0
426 132 0
294 133 0
264 135 0
270 135 0
287 135 0
240 137 0
241 137 0
256 137 0
287 138 0
264 139 0
268 139 0
273 140 0
264 142 0
375 144 0
4 145 0
288 146 0
287 147 0
288 147 0
288 148 0
286 149 0
288 149 0
287 150 0
288 150 0
289 150 0
288 151 0
289 151 0
286 152 0
287 152 0
288 152 0
287 153 0
288 153 0
285 154 0
288 154 0
285 155 0
288 155 0
289 155 0
284 156 0
285 156 0
287 156 0
282 157 0
284 157 0
285 157 0
286 157 0
287 157 0
268 158 0
270 158 0
286 158 0
287 158 0
265 159 0
285 159 0
286 159 0
287 159 0
265 160 0
281 160 0
283 160 0
285 160 0
286 160 0
287 160 0
314 160 0
265 161 0
268 161 0
270 161 0
284 161 0
285 161 0
286 161 0
590 161 0
612 161 0
615 161 0
616 161 0
268 162 0
270 162 0
271 162 0
284 162 0
285 162 0
286 162 0
267 163 0
271 163 0
283 163 0
284 163 0
285 163 0
286 163 0
269 164 0
282 164 0
283 164 0
284 164 0
285 164 0
286 164 0
267 165 0
269 165 0
272 165 0
282 165 0
283 165 0
284 165 0
286 165 0
269 166 0
270 166 0
272 166 0
281 166 0
282 166 0
284 166 0
285 166 0
286 166 0
194 167 0
268 167 0
269 167 0
270 167 0
272 167 0
281 167 0
282 167 0
283 167 0
285 167 0
287 167 0
179 168 0
180 168 0
265 168 0
281 168 0
282 168 0
283 168 0
285 168 0
286 168 0
166 169 0
256 169 0
282 169 0
283 169 0
284 169 0
285 169 0
253 170 0
281 170 0
282 170 0
283 170 0
284 170 0
253 171 0
268 171 0
271 171 0
282 171 0
283 171 0
284 171 0
253 172 0
266 172 0
281 172 0
282 172 0
283 172 0
245 173 0
247 173 0
279 173 0
283 173 0
284 173 0
285 173 0
245 174 0
247 174 0
248 174 0
270 174 0
271 174 0
282 174 0
283 174 0
285 174 0
245 175 0
246 175 0
247 175 0
265 175 0
282 175 0
283 175 0
285 175 0
533 175 0
534 175 0
265 176 0
281 176 0
282 176 0
283 176 0
284 176 0
285 176 0
251 177 0
282 177 0
283 177 0
284 177 0
285 177 0
427 177 0
428 177 0
429 177 0
248 178 0
272 178 0
278 178 0
280 178 0
281 178 0
282 178 0
283 178 0
284 178 0
422 178 0
444 178 0
573 178 0
275 179 0
276 179 0
283 179 0
284 179 0
263 180 0
274 180 0
281 180 0
283 180 0
284 180 0
535 180 0
274 181 0
277 181 0
282 181 0
283 181 0
284 181 0
285 181 0
535 181 0
276 182 0
278 182 0
284 182 0
285 182 0
501 182 0
278 183 0
281 183 0
282 183 0
283 183 0
284 183 0
294 183 0
278 184 0
279 184 0
281 184 0
282 184 0
283 184 0
284 184 0
286 184 0
275 185 0
277 185 0
281 185 0
282 185 0
284 185 0
285 185 0
280 186 0
281 186 0
282 186 0
283 186 0
279 187 0
281 187 0
283 187 0
284 187 0
285 187 0
278 188 0
280 188 0
281 188 0
284 188 0
285 188 0
276 189 0
280 189 0
282 189 0
283 189 0
284 189 0
286 189 0
240 190 0
276 190 0
278 190 0
279 190 0
281 190 0
282 190 0
283 190 0
275 191 0
279 191 0
282 191 0
278 192 0
279 192 0
280 192 0
281 192 0
282 192 0
283 192 0
278 193 0
279 193 0
280 193 0
281 193 0
279 194 0
280 194 0
277 195 0
283 195 0
280 196 0
282 196 0
276 197 0
280 197 0
282 197 0
280 200 0
302 200 0
548 200 0
210 204 0
340 210 0
340 211 0
330 218 0
283 219 0
323 219 0
361 219 0
362 219 0
269 222 0
306 222 0
356 222 0
403 223 0
287 224 0
355 224 0
429 224 0
309 225 0
354 225 0
392 225 0
452 225 0
295 227 0
300 227 0
347 227 0
357 227 0
293 228 0
391 228 0
271 229 0
325 229 0
346 229 0
380 229 0
385 229 0
351 230 0
355 230 0
263 231 0
288 231 0
305 231 0
349 231 0
353 231 0
404 231 0
411 231 0
428 231 0
431 231 0
435 231 0
265 232 0
307 232 0
308 232 0
334 232 0
277 233 0
279 233 0
286 233 0
300 233 0
330 233 0
395 233 0
396 233 0
408 233 0
433 233 0
246 234 0
295 234 0
315 234 0
344 234 0
268 235 0
280 235 0
325 235 0
379 235 0
390 235 0
528 235 0
286 236 0
289 236 0
299 236 0
305 236 0
335 236 0
338 236 0
340 236 0
403 236 0
244 237 0
442 237 0
450 237 0
457 237 0
343 238 0
364 238 0
411 238 0
432 238 0
113 239 0
256 239 0
261 239 0
281 239 0
312 239 0
314 239 0
325 239 0
427 239 0
467 239 0
468 239 0
481 239 0
487 239 0
368 240 0
369 240 0
377 240 0
391 240 0
397 240 0
428 240 0
473 240 0
217 241 0
248 241 0
263 241 0
272 241 0
366 241 0
407 241 0
456 241 0
273 242 0
274 242 0
334 242 0
434 242 0
436 242 0
455 242 0
478 242 0
482 242 0
498 242 0
541 242 0
245 243 0
251 243 0
277 243 0
304 243 0
305 243 0
338 243 0
348 243 0
389 243 0
392 243 0
399 243 0
456 243 0
479 243 0
482 243 0
496 243 0
497 243 0
279 244 0
280 244 0
305 244 0
482 244 0
290 245 0
300 245 0
354 245 0
401 245 0
457 245 0
470 245 0
482 245 0
515 245 0
264 246 0
272 246 0
382 246 0
431 246 0
493 246 0
494 246 0
497 246 0
233 247 0
281 247 0
290 247 0
293 247 0
308 247 0
316 247 0
339 247 0
351 247 0
396 247 0
437 247 0
438 247 0
494 247 0
299 248 0
303 248 0
407 248 0
471 248 0
487 248 0
495 248 0
506 248 0
524 248 0
273 249 0
303 249 0
391 249 0
470 249 0
235 250 0
267 250 0
283 250 0
285 250 0
397 250 0
409 250 0
487 250 0
268 251 0
282 251 0
289 251 0
308 251 0
322 251 0
323 251 0
353 251 0
354 251 0
355 251 0
359 251 0
362 251 0
363 251 0
385 251 0
457 251 0
478 251 0
264 252 0
292 252 0
330 252 0
353 252 0
431 252 0
434 252 0
496 252 0
280 253 0
395 253 0
428 253 0
432 253 0
436 253 0
481 253 0
487 253 0
488 253 0
251 254 0
252 254 0
254 254 0
334 254 0
408 254 0
488 254 0
277 255 0
354 255 0
426 255 0
452 255 0
468 255 0
246 256 0
268 256 0
282 256 0
303 256 0
467 256 0
468 256 0
258 257 0
353 257 0
354 257 0
356 257 0
430 257 0
468 257 0
308 258 0
309 258 0
360 258 0
399 258 0
409 258 0
464 258 0
247 259 0
268 259 0
284 259 0
292 259 0
293 259 0
305 259 0
329 259 0
349 259 0
402 259 0
429 259 0
449 259 0
469 259 0
608 259 0
274 260 0
277 260 0
286 260 0
292 260 0
295 260 0
431 260 0
635 260 0
262 261 0
272 261 0
282 261 0
355 261 0
356 261 0
450 261 0
471 261 0
635 261 0
261 262 0
283 262 0
295 262 0
312 262 0
398 262 0
469 262 0
479 262 0
270 263 0
271 263 0
274 263 0
400 263 0
451 263 0
475 263 0
479 263 0
481 263 0
257 264 0
274 264 0
287 264 0
321 264 0
399 264 0
415 264 0
447 264 0
474 264 0
479 264 0
279 265 0
302 265 0
327 265 0
351 265 0
400 265 0
447 265 0
474 265 0
282 266 0
318 266 0
319 266 0
394 266 0
403 266 0
469 266 0
480 266 0
483 266 0
285 267 0
286 267 0
290 267 0
340 267 0
493 267 0
494 267 0
292 268 0
297 268 0
398 268 0
264 269 0
271 269 0
294 269 0
310 269 0
470 269 0
481 269 0
482 269 0
396 270 0
449 270 0
470 270 0
481 270 0
496 270 0
506 270 0
264 271 0
293 271 0
390 271 0
470 271 0
487 271 0
488 271 0
496 271 0
501 271 0
503 271 0
268 272 0
273 272 0
291 272 0
458 272 0
459 272 0
470 272 0
480 272 0
482 272 0
484 272 0
491 272 0
493 272 0
494 272 0
500 272 0
300 273 0
306 273 0
310 273 0
311 273 0
331 273 0
485 273 0
492 273 0
504 273 0
324 274 0
337 274 0
467 274 0
483 274 0
489 274 0
330 275 0
339 275 0
481 275 0
489 275 0
496 275 0
260 276 0
307 276 0
323 276 0
324 276 0
468 276 0
469 276 0
475 276 0
477 276 0
478 276 0
479 276 0
481 276 0
485 276 0
486 276 0
262 277 0
280 277 0
281 277 0
310 277 0
468 277 0
479 277 0
480 277 0
496 277 0
210 278 0
268 278 0
269 278 0
290 278 0
467 278 0
468 278 0
259 279 0
260 279 0
455 279 0
466 279 0
473 279 0
478 279 0
482 279 0
495 279 0
237 280 0
274 280 0
305 280 0
474 280 0
475 280 0
476 280 0
477 280 0
482 280 0
485 280 0
240 281 0
243 281 0
244 281 0
245 281 0
246 281 0
300 281 0
314 281 0
321 281 0
331 281 0
449 281 0
464 281 0
498 281 0
37 282 0
242 282 0
243 282 0
244 282 0
245 282 0
246 282 0
247 282 0
248 282 0
249 282 0
287 282 0
305 282 0
318 282 0
453 282 0
468 282 0
469 282 0
474 282 0
244 283 0
245 283 0
246 283 0
247 283 0
248 283 0
249 283 0
250 283 0
251 283 0
252 283 0
253 283 0
282 283 0
244 284 0
245 284 0
246 284 0
247 284 0
248 284 0
249 284 0
250 284 0
251 284 0
252 284 0
253 284 0
254 284 0
467 284 0
468 284 0
469 284 0
492 284 0
246 285 0
247 285 0
248 285 0
249 285 0
250 285 0
251 285 0
252 285 0
256 285 0
455 285 0
466 285 0
248 286 0
249 286 0
250 286 0
251 286 0
296 286 0
310 286 0
462 286 0
478 286 0
487 286 0
249 287 0
254 287 0
260 287 0
268 287 0
450 287 0
492 287 0
161 288 0
275 288 0
479 288 0
523 288 0
161 289 0
277 289 0
310 289 0
454 289 0
478 289 0
479 289 0
446 290 0
504 290 0
329 291 0
446 291 0
444 292 0
465 292 0
466 292 0
471 292 0
503 292 0
248 293 0
465 293 0
477 293 0
485 293 0
492 293 0
513 293 0
484 294 0
485 294 0
492 294 0
483 295 0
491 295 0
492 295 0
428 296 0
462 296 0
486 296 0
495 297 0
501 297 0
512 297 0
420 298 0
421 298 0
473 298 0
491 298 0
500 298 0
503 298 0
473 299 0
490 299 0
512 299 0
448 300 0
449 300 0
490 300 0
492 300 0
428 301 0
448 301 0
493 301 0
484 302 0
485 302 0
492 302 0
43 303 0
470 303 0
475 303 0
476 303 0
477 303 0
489 303 0
495 303 0
496 303 0
497 303 0
461 304 0
465 304 0
472 304 0
484 304 0
485 304 0
500 304 0
422 305 0
428 305 0
462 305 0
477 305 0
485 305 0
487 305 0
488 305 0
490 305 0
500 305 0
501 305 0
300 306 0
474 306 0
478 306 0
479 306 0
482 307 0
489 307 0
490 307 0
495 307 0
499 307 0
464 308 0
474 308 0
476 308 0
480 308 0
481 308 0
486 308 0
488 308 0
491 308 0
501 308 0
257 309 0
473 309 0
477 309 0
487 309 0
465 310 0
468 310 0
472 310 0
475 310 0
478 310 0
488 310 0
393 311 0
475 311 0
483 311 0
485 311 0
486 311 0
136 312 0
473 312 0
475 312 0
477 312 0
483 312 0
587 312 0
136 313 0
476 313 0
487 313 0
587 313 0
465 314 0
466 314 0
471 314 0
473 314 0
465 315 0
473 315 0
493 315 0
475 316 0
485 316 0
498 316 0
499 316 0
470 317 0
474 317 0
477 317 0
488 317 0
498 317 0
516 317 0
464 318 0
468 318 0
472 318 0
507 318 0
471 319 0
487 320 0
506 320 0
161 321 0
504 323 0
491 325 0
497 326 0
498 326 0
499 326 0
499 327 0
500 327 0
503 327 0
504 327 0
498 328 0
499 328 0
500 328 0
501 328 0
502 328 0
503 328 0
501 329 0
502 329 0
521 336 0
545 341 0
396 347 0
519 347 0
519 348 0
351 350 0
272 356 0
301 357 0
627 357 0
392 359 0
399 361 0
385 363 0
275 365 0
394 367 0
390 368 0
394 368 0
358 369 0
366 369 0
390 369 0
397 369 0
504 369 0
358 370 0
504 370 0
504 371 0
358 372 0
391 372 0
395 372 0
504 372 0
391 373 0
391 374 0
6 375 0
6 376 0
259 380 0
393 381 0
504 384 0
504 385 0
504 386 0
504 387 0
539 387 0
504 388 0
539 388 0
540 388 0
504 389 0
372 390 0
387 390 0
504 390 0
372 391 0
504 391 0
249 392 0
250 392 0
251 392 0
365 392 0
372 392 0
504 392 0
250 393 0
251 393 0
252 393 0
253 393 0
504 393 0
251 394 0
252 394 0
253 394 0
254 394 0
255 394 0
635 394 0
251 395 0
252 395 0
254 395 0
255 395 0
256 395 0
373 395 0
380 396 0
398 398 0
391 399 0
398 399 0
503 399 0
503 402 0
504 402 0
504 404 0
504 405 0
504 406 0
1 408 0
503 409 0
503 410 0
503 411 0
503 412 0
503 413 0
243 414 0
503 414 0
503 415 0
503 416 0
503 417 0
503 418 0
609 424 0
227 426 0
503 426 0
503 427 0
503 428 0
503 429 0
525 430 0
143 433 0
502 434 0
502 435 0
502 436 0
502 437 0
502 438 0
502 445 0
502 446 0
502 447 0
239 449 0
503 449 0
192 451 0
390 451 0
199 461 0
234 461 0
218 468 0
218 469 0
426 475 0
601 374 1
633 461 1
