237 2 0
235 3 0
236 3 0
237 3 0
238 3 0
257 3 0
235 4 0
237 4 0
256 4 0
257 4 0
273 4 0
274 4 0
320 4 0
183 5 0
184 5 0
201 5 0
215 5 0
217 5 0
235 5 0
236 5 0
237 5 0
249 5 0
251 5 0
256 5 0
257 5 0
273 5 0
184 6 0
201 6 0
202 6 0
215 6 0
216 6 0
234 6 0
235 6 0
236 6 0
237 6 0
252 6 0
254 6 0
255 6 0
256 6 0
257 6 0
277 6 0
183 7 0
184 7 0
201 7 0
203 7 0
214 7 0
215 7 0
216 7 0
217 7 0
256 7 0
277 7 0
183 8 0
185 8 0
201 8 0
202 8 0
203 8 0
214 8 0
215 8 0
216 8 0
276 8 0
183 9 0
185 9 0
187 9 0
200 9 0
201 9 0
202 9 0
203 9 0
214 9 0
215 9 0
216 9 0
276 9 0
289 9 0
184 10 0
192 10 0
200 10 0
201 10 0
202 10 0
203 10 0
214 10 0
215 10 0
216 10 0
200 11 0
201 11 0
202 11 0
203 11 0
213 11 0
214 11 0
215 11 0
216 11 0
333 11 0
340 11 0
200 12 0
202 12 0
203 12 0
213 12 0
214 12 0
215 12 0
320 12 0
195 13 0
200 13 0
202 13 0
213 13 0
214 13 0
215 13 0
254 13 0
255 13 0
259 13 0
192 14 0
193 14 0
194 14 0
195 14 0
200 14 0
201 14 0
202 14 0
213 14 0
214 14 0
215 14 0
254 14 0
255 14 0
259 14 0
275 14 0
319 14 0
328 14 0
199 15 0
200 15 0
201 15 0
202 15 0
212 15 0
213 15 0
215 15 0
253 15 0
254 15 0
287 15 0
199 16 0
200 16 0
201 16 0
202 16 0
209 16 0
210 16 0
211 16 0
212 16 0
213 16 0
253 16 0
254 16 0
282 16 0
205 17 0
206 17 0
207 17 0
208 17 0
209 17 0
218 17 0
219 17 0
253 17 0
275 17 0
282 17 0
308 17 0
204 18 0
205 18 0
206 18 0
207 18 0
209 18 0
210 18 0
211 18 0
212 18 0
217 18 0
218 18 0
219 18 0
252 18 0
253 18 0
261 18 0
275 18 0
282 18 0
311 18 0
205 19 0
206 19 0
208 19 0
217 19 0
218 19 0
219 19 0
252 19 0
253 19 0
286 19 0
324 19 0
325 19 0
201 20 0
217 20 0
218 20 0
219 20 0
252 20 0
253 20 0
256 20 0
286 20 0
217 21 0
219 21 0
252 21 0
253 21 0
258 21 0
274 21 0
318 21 0
217 22 0
219 22 0
251 22 0
252 22 0
258 22 0
217 23 0
218 23 0
219 23 0
251 23 0
252 23 0
257 23 0
274 23 0
285 23 0
217 24 0
251 24 0
252 24 0
285 24 0
251 25 0
322 25 0
216 26 0
250 26 0
251 26 0
216 27 0
250 27 0
251 27 0
273 27 0
276 27 0
216 28 0
218 28 0
250 28 0
251 28 0
280 28 0
326 28 0
249 29 0
250 29 0
280 29 0
284 29 0
314 29 0
326 29 0
249 30 0
278 30 0
279 30 0
291 30 0
327 30 0
251 31 0
279 31 0
327 31 0
189 33 0
283 33 0
89 34 0
90 34 0
191 35 0
256 35 0
260 36 0
261 36 0
278 36 0
260 37 0
325 37 0
260 38 0
282 38 0
325 38 0
259 39 0
258 40 0
259 40 0
318 40 0
311 41 0
312 41 0
252 42 0
257 42 0
288 42 0
270 43 0
275 43 0
278 43 0
322 43 0
247 44 0
253 44 0
321 44 0
284 45 0
321 45 0
325 45 0
329 45 0
332 45 0
246 46 0
252 46 0
325 46 0
246 47 0
251 47 0
252 47 0
254 47 0
266 47 0
320 47 0
324 47 0
331 47 0
252 48 0
253 48 0
266 48 0
267 48 0
320 48 0
329 48 0
331 48 0
252 49 0
253 49 0
258 49 0
260 49 0
282 49 0
286 49 0
315 49 0
332 49 0
245 50 0
257 50 0
260 50 0
332 50 0
247 51 0
257 51 0
259 51 0
260 51 0
244 52 0
259 52 0
260 52 0
266 52 0
267 52 0
292 52 0
246 53 0
258 53 0
259 53 0
263 53 0
267 53 0
313 53 0
248 54 0
258 54 0
259 54 0
263 54 0
313 54 0
203 55 0
208 55 0
248 55 0
249 55 0
255 55 0
257 55 0
258 55 0
263 55 0
266 55 0
246 56 0
248 56 0
249 56 0
257 56 0
258 56 0
266 56 0
267 56 0
318 56 0
319 56 0
209 57 0
247 57 0
248 57 0
256 57 0
257 57 0
267 57 0
205 58 0
247 58 0
255 58 0
256 58 0
272 58 0
274 58 0
311 58 0
312 58 0
318 58 0
199 59 0
201 59 0
202 59 0
255 59 0
256 59 0
263 59 0
264 59 0
265 59 0
267 59 0
272 59 0
311 59 0
312 59 0
318 59 0
335 59 0
201 60 0
221 60 0
225 60 0
254 60 0
255 60 0
263 60 0
317 60 0
323 60 0
254 61 0
255 61 0
317 61 0
323 61 0
207 62 0
267 62 0
268 62 0
282 62 0
316 62 0
317 62 0
323 62 0
263 63 0
264 63 0
265 63 0
267 63 0
310 63 0
322 63 0
323 63 0
221 64 0
263 64 0
322 64 0
221 65 0
236 65 0
322 65 0
214 66 0
321 66 0
338 66 0
227 67 0
239 67 0
321 67 0
337 67 0
210 68 0
227 68 0
231 68 0
309 68 0
320 68 0
342 68 0
210 69 0
224 69 0
231 69 0
279 69 0
196 70 0
223 70 0
250 70 0
262 70 0
303 70 0
204 71 0
245 71 0
250 71 0
265 71 0
267 71 0
315 71 0
208 72 0
236 72 0
237 72 0
238 72 0
261 72 0
269 72 0
316 72 0
319 72 0
206 73 0
228 73 0
231 73 0
236 73 0
237 73 0
260 73 0
269 73 0
274 73 0
289 73 0
314 73 0
317 73 0
319 73 0
203 74 0
212 74 0
223 74 0
227 74 0
228 74 0
235 74 0
236 74 0
238 74 0
260 74 0
273 74 0
313 74 0
314 74 0
315 74 0
318 74 0
319 74 0
220 75 0
221 75 0
223 75 0
228 75 0
234 75 0
235 75 0
240 75 0
244 75 0
259 75 0
272 75 0
313 75 0
318 75 0
322 75 0
327 75 0
210 76 0
219 76 0
226 76 0
227 76 0
240 76 0
243 76 0
254 76 0
258 76 0
271 76 0
297 76 0
312 76 0
314 76 0
316 76 0
317 76 0
318 76 0
327 76 0
218 77 0
219 77 0
221 77 0
224 77 0
233 77 0
236 77 0
238 77 0
239 77 0
258 77 0
271 77 0
316 77 0
317 77 0
213 78 0
214 78 0
225 78 0
229 78 0
230 78 0
234 78 0
236 78 0
253 78 0
271 78 0
311 78 0
316 78 0
209 79 0
210 79 0
224 79 0
225 79 0
227 79 0
229 79 0
231 79 0
232 79 0
253 79 0
270 79 0
313 79 0
314 79 0
316 79 0
221 80 0
228 80 0
229 80 0
231 80 0
238 80 0
255 80 0
256 80 0
313 80 0
230 81 0
231 81 0
232 81 0
233 81 0
234 81 0
235 81 0
236 81 0
238 81 0
240 81 0
255 81 0
260 81 0
309 81 0
235 82 0
254 82 0
259 82 0
260 82 0
275 82 0
328 82 0
329 82 0
339 82 0
226 83 0
254 83 0
270 83 0
283 83 0
229 84 0
230 84 0
231 84 0
253 84 0
314 84 0
253 85 0
257 85 0
258 85 0
263 85 0
265 85 0
334 85 0
214 86 0
215 86 0
252 86 0
258 86 0
264 86 0
291 86 0
314 86 0
333 86 0
334 86 0
214 87 0
215 87 0
216 87 0
217 87 0
251 87 0
275 87 0
291 87 0
292 87 0
332 87 0
333 87 0
212 88 0
214 88 0
215 88 0
216 88 0
217 88 0
218 88 0
219 88 0
236 88 0
237 88 0
276 88 0
277 88 0
333 88 0
217 89 0
219 89 0
242 89 0
250 89 0
276 89 0
210 90 0
215 90 0
216 90 0
219 90 0
220 90 0
221 90 0
222 90 0
223 90 0
267 90 0
276 90 0
215 91 0
216 91 0
220 91 0
222 91 0
223 91 0
247 91 0
249 91 0
288 91 0
205 92 0
209 92 0
214 92 0
220 92 0
333 92 0
204 93 0
214 93 0
219 93 0
225 93 0
226 93 0
292 93 0
203 94 0
218 94 0
221 94 0
225 94 0
248 94 0
262 94 0
202 95 0
212 95 0
213 95 0
217 95 0
218 95 0
226 95 0
227 95 0
284 95 0
291 95 0
217 96 0
220 96 0
224 96 0
226 96 0
210 97 0
211 97 0
216 97 0
219 97 0
223 97 0
225 97 0
226 97 0
266 97 0
267 97 0
269 97 0
270 97 0
204 98 0
215 98 0
219 98 0
225 98 0
233 98 0
250 98 0
252 98 0
284 98 0
285 98 0
203 99 0
209 99 0
210 99 0
215 99 0
222 99 0
225 99 0
239 99 0
240 99 0
249 99 0
250 99 0
251 99 0
252 99 0
253 99 0
254 99 0
255 99 0
257 99 0
269 99 0
270 99 0
202 100 0
209 100 0
210 100 0
214 100 0
250 100 0
251 100 0
258 100 0
274 100 0
201 101 0
207 101 0
208 101 0
213 101 0
258 101 0
273 101 0
196 102 0
207 102 0
208 102 0
213 102 0
230 102 0
237 102 0
244 102 0
254 102 0
258 102 0
272 102 0
278 102 0
283 102 0
290 102 0
212 103 0
225 103 0
226 103 0
230 103 0
265 103 0
266 103 0
267 103 0
268 103 0
278 103 0
290 103 0
205 104 0
206 104 0
211 104 0
212 104 0
236 104 0
268 104 0
270 104 0
290 104 0
198 105 0
210 105 0
211 105 0
225 105 0
226 105 0
285 105 0
290 105 0
197 106 0
203 106 0
204 106 0
210 106 0
227 106 0
229 106 0
269 106 0
273 106 0
289 106 0
290 106 0
191 107 0
204 107 0
209 107 0
213 107 0
221 107 0
222 107 0
269 107 0
270 107 0
273 107 0
191 108 0
201 108 0
202 108 0
212 108 0
268 108 0
269 108 0
270 108 0
273 108 0
190 109 0
194 109 0
195 109 0
201 109 0
202 109 0
269 109 0
270 109 0
273 109 0
286 109 0
289 109 0
189 110 0
207 110 0
222 110 0
223 110 0
272 110 0
273 110 0
288 110 0
188 111 0
193 111 0
199 111 0
222 111 0
272 111 0
191 112 0
192 112 0
199 112 0
200 112 0
206 112 0
191 113 0
205 113 0
210 113 0
190 114 0
197 114 0
198 114 0
209 114 0
188 115 0
197 115 0
198 115 0
204 115 0
209 115 0
213 115 0
227 115 0
153 116 0
155 116 0
186 116 0
203 116 0
227 116 0
148 117 0
152 117 0
153 117 0
159 117 0
160 117 0
181 117 0
182 117 0
202 117 0
208 117 0
144 118 0
151 118 0
152 118 0
159 118 0
212 118 0
143 119 0
144 119 0
152 119 0
158 119 0
159 119 0
199 119 0
208 119 0
280 119 0
158 120 0
207 120 0
254 120 0
255 120 0
279 120 0
150 121 0
157 121 0
158 121 0
162 121 0
163 121 0
211 121 0
252 121 0
257 121 0
264 121 0
265 121 0
282 121 0
283 121 0
152 122 0
157 122 0
169 122 0
180 122 0
181 122 0
210 122 0
227 122 0
257 122 0
282 122 0
283 122 0
284 122 0
285 122 0
156 123 0
157 123 0
227 123 0
248 123 0
279 123 0
282 123 0
189 124 0
190 124 0
196 124 0
218 124 0
221 124 0
254 124 0
260 124 0
280 124 0
190 125 0
137 126 0
139 126 0
217 126 0
237 126 0
272 126 0
284 126 0
135 127 0
136 127 0
137 127 0
138 127 0
139 127 0
188 127 0
202 127 0
217 127 0
240 127 0
134 128 0
135 128 0
136 128 0
138 128 0
139 128 0
188 128 0
189 128 0
209 128 0
241 128 0
242 128 0
245 128 0
285 128 0
135 129 0
136 129 0
137 129 0
138 129 0
181 129 0
182 129 0
189 129 0
224 129 0
241 129 0
242 129 0
285 129 0
137 130 0
181 130 0
183 130 0
184 130 0
185 130 0
186 130 0
224 130 0
244 130 0
245 130 0
285 130 0
287 130 0
137 131 0
138 131 0
179 131 0
180 131 0
181 131 0
183 131 0
185 131 0
186 131 0
187 131 0
188 131 0
189 131 0
243 131 0
244 131 0
285 131 0
286 131 0
287 131 0
137 132 0
140 132 0
158 132 0
159 132 0
168 132 0
169 132 0
180 132 0
181 132 0
182 132 0
183 132 0
185 132 0
186 132 0
187 132 0
188 132 0
189 132 0
190 132 0
191 132 0
223 132 0
243 132 0
244 132 0
284 132 0
286 132 0
140 133 0
157 133 0
167 133 0
168 133 0
169 133 0
173 133 0
180 133 0
182 133 0
183 133 0
184 133 0
185 133 0
187 133 0
188 133 0
190 133 0
191 133 0
192 133 0
194 133 0
243 133 0
244 133 0
284 133 0
288 133 0
128 134 0
136 134 0
139 134 0
140 134 0
156 134 0
167 134 0
168 134 0
184 134 0
187 134 0
188 134 0
189 134 0
190 134 0
191 134 0
192 134 0
193 134 0
239 134 0
281 134 0
284 134 0
128 135 0
129 135 0
161 135 0
168 135 0
172 135 0
189 135 0
192 135 0
213 135 0
242 135 0
243 135 0
284 135 0
289 135 0
135 136 0
157 136 0
160 136 0
161 136 0
162 136 0
163 136 0
166 136 0
167 136 0
168 136 0
179 136 0
186 136 0
192 136 0
213 136 0
215 136 0
216 136 0
242 136 0
243 136 0
281 136 0
289 136 0
135 137 0
143 137 0
144 137 0
160 137 0
162 137 0
166 137 0
167 137 0
176 137 0
185 137 0
186 137 0
197 137 0
198 137 0
243 137 0
262 137 0
281 137 0
126 138 0
127 138 0
134 138 0
160 138 0
166 138 0
167 138 0
176 138 0
178 138 0
186 138 0
197 138 0
212 138 0
125 139 0
126 139 0
127 139 0
133 139 0
137 139 0
160 139 0
165 139 0
166 139 0
167 139 0
176 139 0
178 139 0
201 139 0
214 139 0
215 139 0
241 139 0
242 139 0
267 139 0
269 139 0
270 139 0
275 139 0
288 139 0
126 140 0
133 140 0
136 140 0
162 140 0
165 140 0
166 140 0
175 140 0
178 140 0
184 140 0
185 140 0
196 140 0
214 140 0
237 140 0
241 140 0
242 140 0
253 140 0
132 141 0
136 141 0
165 141 0
166 141 0
177 141 0
184 141 0
185 141 0
195 141 0
239 141 0
240 141 0
241 141 0
242 141 0
271 141 0
280 141 0
123 142 0
124 142 0
135 142 0
158 142 0
166 142 0
177 142 0
185 142 0
191 142 0
196 142 0
200 142 0
201 142 0
238 142 0
239 142 0
241 142 0
242 142 0
268 142 0
122 143 0
123 143 0
124 143 0
125 143 0
131 143 0
135 143 0
157 143 0
158 143 0
242 143 0
281 143 0
288 143 0
123 144 0
124 144 0
157 144 0
164 144 0
165 144 0
194 144 0
241 144 0
242 144 0
289 144 0
130 145 0
157 145 0
163 145 0
165 145 0
169 145 0
183 145 0
184 145 0
194 145 0
204 145 0
279 145 0
139 146 0
163 146 0
164 146 0
172 146 0
176 146 0
184 146 0
193 146 0
202 146 0
231 146 0
245 146 0
272 146 0
288 146 0
120 147 0
121 147 0
122 147 0
129 147 0
164 147 0
168 147 0
173 147 0
200 147 0
228 147 0
229 147 0
254 147 0
273 147 0
120 148 0
121 148 0
122 148 0
128 148 0
129 148 0
132 148 0
155 148 0
156 148 0
164 148 0
168 148 0
173 148 0
197 148 0
200 148 0
226 148 0
273 148 0
120 149 0
121 149 0
132 149 0
163 149 0
182 149 0
278 149 0
282 149 0
131 150 0
154 150 0
155 150 0
162 150 0
163 150 0
172 150 0
181 150 0
182 150 0
183 150 0
189 150 0
223 150 0
265 150 0
276 150 0
287 150 0
288 150 0
155 151 0
161 151 0
172 151 0
174 151 0
182 151 0
183 151 0
222 151 0
242 151 0
261 151 0
262 151 0
263 151 0
265 151 0
288 151 0
117 152 0
118 152 0
119 152 0
161 152 0
162 152 0
174 152 0
215 152 0
238 152 0
251 152 0
288 152 0
117 153 0
118 153 0
119 153 0
161 153 0
162 153 0
214 153 0
220 153 0
236 153 0
237 153 0
238 153 0
239 153 0
243 153 0
244 153 0
257 153 0
258 153 0
152 154 0
153 154 0
162 154 0
173 154 0
180 154 0
181 154 0
235 154 0
281 154 0
287 154 0
152 155 0
153 155 0
161 155 0
166 155 0
173 155 0
180 155 0
181 155 0
219 155 0
228 155 0
280 155 0
139 156 0
140 156 0
152 156 0
153 156 0
161 156 0
218 156 0
219 156 0
227 156 0
275 156 0
276 156 0
277 156 0
278 156 0
279 156 0
114 157 0
115 157 0
116 157 0
159 157 0
165 157 0
172 157 0
188 157 0
213 157 0
216 157 0
218 157 0
230 157 0
242 157 0
243 157 0
244 157 0
269 157 0
273 157 0
274 157 0
275 157 0
114 158 0
115 158 0
116 158 0
159 158 0
160 158 0
165 158 0
168 158 0
169 158 0
172 158 0
179 158 0
180 158 0
188 158 0
191 158 0
226 158 0
227 158 0
242 158 0
243 158 0
244 158 0
245 158 0
249 158 0
250 158 0
283 158 0
284 158 0
160 159 0
164 159 0
178 159 0
179 159 0
180 159 0
192 159 0
226 159 0
237 159 0
238 159 0
239 159 0
251 159 0
256 159 0
257 159 0
283 159 0
284 159 0
285 159 0
164 160 0
169 160 0
171 160 0
178 160 0
179 160 0
180 160 0
186 160 0
236 160 0
237 160 0
238 160 0
257 160 0
258 160 0
263 160 0
264 160 0
164 161 0
169 161 0
171 161 0
196 161 0
216 161 0
263 161 0
264 161 0
265 161 0
152 162 0
191 162 0
228 162 0
270 162 0
148 163 0
151 163 0
152 163 0
168 163 0
170 163 0
177 163 0
178 163 0
228 163 0
235 163 0
126 164 0
147 164 0
161 164 0
168 164 0
170 164 0
177 164 0
178 164 0
179 164 0
234 164 0
236 164 0
125 165 0
168 165 0
177 165 0
178 165 0
227 165 0
235 165 0
236 165 0
162 166 0
169 166 0
178 166 0
134 167 0
150 167 0
169 167 0
133 168 0
176 168 0
184 168 0
189 168 0
234 168 0
121 169 0
131 169 0
132 169 0
176 169 0
177 169 0
220 169 0
234 169 0
235 169 0
131 170 0
168 170 0
175 170 0
176 170 0
177 170 0
220 170 0
234 170 0
285 170 0
118 171 0
119 171 0
130 171 0
168 171 0
176 171 0
225 171 0
241 171 0
128 172 0
129 172 0
167 172 0
183 172 0
225 172 0
241 172 0
128 173 0
166 173 0
233 173 0
252 173 0
103 174 0
117 174 0
126 174 0
127 174 0
174 174 0
233 174 0
234 174 0
244 174 0
245 174 0
246 174 0
103 175 0
126 175 0
174 175 0
175 175 0
187 175 0
226 175 0
234 175 0
243 175 0
174 176 0
175 176 0
182 176 0
185 176 0
226 176 0
241 176 0
243 176 0
114 177 0
243 177 0
98 178 0
99 178 0
113 178 0
145 178 0
233 178 0
243 178 0
285 178 0
87 179 0
96 179 0
97 179 0
98 179 0
112 179 0
116 179 0
154 179 0
158 179 0
171 179 0
172 179 0
181 179 0
234 179 0
243 179 0
281 179 0
282 179 0
87 180 0
89 180 0
97 180 0
111 180 0
114 180 0
115 180 0
117 180 0
154 180 0
160 180 0
170 180 0
171 180 0
172 180 0
241 180 0
243 180 0
255 180 0
256 180 0
85 181 0
86 181 0
88 181 0
90 181 0
92 181 0
113 181 0
166 181 0
167 181 0
171 181 0
234 181 0
243 181 0
84 182 0
87 182 0
88 182 0
91 182 0
92 182 0
112 182 0
113 182 0
114 182 0
115 182 0
185 182 0
241 182 0
243 182 0
285 182 0
83 183 0
86 183 0
90 183 0
91 183 0
111 183 0
114 183 0
241 183 0
243 183 0
277 183 0
83 184 0
85 184 0
89 184 0
90 184 0
93 184 0
96 184 0
113 184 0
143 184 0
144 184 0
233 184 0
241 184 0
243 184 0
287 184 0
84 185 0
85 185 0
88 185 0
89 185 0
92 185 0
96 185 0
99 185 0
109 185 0
112 185 0
143 185 0
144 185 0
225 185 0
232 185 0
233 185 0
234 185 0
241 185 0
243 185 0
85 186 0
86 186 0
87 186 0
88 186 0
91 186 0
94 186 0
95 186 0
96 186 0
98 186 0
124 186 0
130 186 0
131 186 0
132 186 0
143 186 0
144 186 0
225 186 0
233 186 0
234 186 0
241 186 0
243 186 0
87 187 0
90 187 0
93 187 0
94 187 0
97 187 0
98 187 0
123 187 0
129 187 0
130 187 0
132 187 0
221 187 0
241 187 0
243 187 0
92 188 0
93 188 0
96 188 0
97 188 0
122 188 0
128 188 0
129 188 0
135 188 0
225 188 0
241 188 0
243 188 0
91 189 0
92 189 0
95 189 0
96 189 0
121 189 0
127 189 0
128 189 0
129 189 0
130 189 0
243 189 0
84 190 0
94 190 0
95 190 0
126 190 0
127 190 0
128 190 0
129 190 0
131 190 0
135 190 0
176 190 0
241 190 0
242 190 0
83 191 0
85 191 0
125 191 0
126 191 0
127 191 0
128 191 0
131 191 0
135 191 0
142 191 0
174 191 0
184 191 0
225 191 0
233 191 0
241 191 0
245 191 0
246 191 0
247 191 0
248 191 0
83 192 0
84 192 0
124 192 0
125 192 0
127 192 0
131 192 0
142 192 0
143 192 0
153 192 0
154 192 0
174 192 0
196 192 0
232 192 0
233 192 0
241 192 0
250 192 0
251 192 0
252 192 0
268 192 0
277 192 0
98 193 0
101 193 0
123 193 0
124 193 0
125 193 0
126 193 0
131 193 0
196 193 0
223 193 0
233 193 0
241 193 0
247 193 0
254 193 0
255 193 0
100 194 0
103 194 0
116 194 0
122 194 0
123 194 0
125 194 0
131 194 0
181 194 0
196 194 0
221 194 0
241 194 0
251 194 0
257 194 0
95 195 0
101 195 0
121 195 0
122 195 0
124 195 0
134 195 0
221 195 0
224 195 0
252 195 0
254 195 0
255 195 0
256 195 0
257 195 0
94 196 0
100 196 0
120 196 0
121 196 0
123 196 0
134 196 0
232 196 0
120 197 0
122 197 0
123 197 0
134 197 0
224 197 0
232 197 0
233 197 0
241 197 0
247 197 0
96 198 0
99 198 0
119 198 0
121 198 0
128 198 0
130 198 0
142 198 0
196 198 0
233 198 0
249 198 0
250 198 0
251 198 0
95 199 0
97 199 0
118 199 0
120 199 0
133 199 0
142 199 0
194 199 0
196 199 0
224 199 0
233 199 0
253 199 0
254 199 0
255 199 0
256 199 0
257 199 0
258 199 0
260 199 0
117 200 0
123 200 0
127 200 0
133 200 0
140 200 0
142 200 0
260 200 0
116 201 0
117 201 0
119 201 0
124 201 0
125 201 0
126 201 0
127 201 0
133 201 0
142 201 0
260 201 0
115 202 0
116 202 0
117 202 0
118 202 0
124 202 0
126 202 0
161 202 0
193 202 0
194 202 0
114 203 0
115 203 0
116 203 0
117 203 0
124 203 0
129 203 0
142 203 0
145 203 0
150 203 0
192 203 0
220 203 0
231 203 0
232 203 0
259 203 0
260 203 0
113 204 0
114 204 0
115 204 0
116 204 0
124 204 0
129 204 0
136 204 0
139 204 0
140 204 0
141 204 0
142 204 0
144 204 0
145 204 0
147 204 0
155 204 0
112 205 0
113 205 0
124 205 0
133 205 0
138 205 0
141 205 0
146 205 0
147 205 0
154 205 0
155 205 0
158 205 0
278 205 0
111 206 0
112 206 0
114 206 0
122 206 0
129 206 0
133 206 0
138 206 0
141 206 0
146 206 0
147 206 0
158 206 0
232 206 0
233 206 0
110 207 0
111 207 0
113 207 0
120 207 0
135 207 0
138 207 0
143 207 0
144 207 0
146 207 0
147 207 0
224 207 0
232 207 0
243 207 0
259 207 0
260 207 0
112 208 0
133 208 0
134 208 0
135 208 0
138 208 0
146 208 0
147 208 0
223 208 0
243 208 0
132 209 0
134 209 0
135 209 0
137 209 0
143 209 0
146 209 0
223 209 0
243 209 0
132 210 0
134 210 0
135 210 0
137 210 0
140 210 0
143 210 0
146 210 0
223 210 0
231 210 0
131 211 0
132 211 0
134 211 0
135 211 0
137 211 0
140 211 0
143 211 0
146 211 0
231 211 0
254 211 0
131 212 0
137 212 0
139 212 0
140 212 0
232 212 0
256 212 0
258 212 0
133 213 0
136 213 0
217 213 0
223 213 0
257 213 0
258 213 0
259 213 0
260 213 0
261 214 0
263 214 0
264 214 0
265 214 0
191 217 0
252 217 0
190 218 0
242 218 0
265 218 0
266 218 0
190 219 0
231 219 0
232 219 0
242 219 0
190 220 0
232 220 0
274 220 0
146 221 0
220 221 0
232 221 0
253 221 0
257 222 0
252 223 0
209 224 0
252 224 0
166 225 0
209 225 0
222 225 0
231 225 0
170 226 0
222 226 0
232 226 0
170 227 0
230 227 0
252 227 0
253 227 0
145 229 0
184 232 0
188 234 0
218 235 0
255 235 0
258 235 0
244 236 0
245 236 0
246 236 0
247 236 0
248 236 0
249 236 0
268 236 0
273 236 0
193 237 0
197 238 0
244 238 0
246 238 0
247 238 0
248 238 0
249 238 0
250 238 0
251 238 0
252 238 0
253 238 0
202 240 0
244 241 0
245 241 0
246 241 0
253 241 0
244 242 0
245 242 0
246 242 0
248 242 0
249 242 0
250 242 0
251 242 0
252 242 0
253 242 0
243 243 0
248 243 0
249 243 0
253 244 0
258 244 0
211 245 0
244 245 0
245 245 0
246 245 0
247 245 0
248 245 0
249 245 0
250 245 0
251 245 0
252 245 0
253 245 0
259 245 0
260 245 0
267 245 0
269 245 0
270 245 0
277 245 0
278 245 0
243 246 0
258 246 0
259 246 0
260 246 0
261 246 0
270 246 0
271 246 0
277 246 0
278 246 0
279 246 0
280 246 0
247 247 0
278 247 0
279 247 0
243 249 0
244 249 0
245 249 0
246 249 0
247 249 0
248 249 0
249 249 0
250 249 0
251 249 0
252 249 0
242 250 0
243 250 0
244 250 0
248 250 0
249 250 0
243 252 0
244 252 0
245 252 0
246 252 0
247 252 0
243 253 0
245 253 0
246 253 0
247 253 0
248 253 0
249 253 0
250 253 0
251 253 0
252 253 0
242 255 0
240 256 0
163 61 1
164 61 1
165 61 1
166 61 1
167 61 1
168 61 1
162 62 1
163 62 1
164 62 1
165 62 1
166 62 1
161 63 1
162 63 1
163 63 1
159 64 1
160 64 1
161 64 1
171 64 1
172 64 1
171 65 1
172 65 1
173 65 1
174 65 1
175 65 1
171 66 1
172 66 1
176 66 1
161 67 1
162 67 1
163 67 1
172 67 1
177 67 1
178 67 1
160 68 1
161 68 1
162 68 1
172 68 1
173 68 1
174 68 1
177 68 1
178 68 1
179 68 1
160 69 1
161 69 1
173 69 1
174 69 1
179 69 1
160 70 1
161 70 1
174 70 1
177 70 1
160 71 1
167 71 1
174 71 1
175 71 1
176 71 1
177 71 1
181 71 1
182 71 1
166 72 1
167 72 1
174 72 1
175 72 1
177 72 1
181 72 1
182 72 1
183 72 1
160 73 1
161 73 1
162 73 1
167 73 1
168 73 1
175 73 1
177 73 1
182 73 1
183 73 1
158 74 1
159 74 1
160 74 1
161 74 1
167 74 1
168 74 1
175 74 1
176 74 1
178 74 1
182 74 1
158 75 1
159 75 1
160 75 1
167 75 1
168 75 1
169 75 1
175 75 1
176 75 1
182 75 1
157 76 1
158 76 1
159 76 1
176 76 1
177 76 1
182 76 1
183 76 1
145 77 1
149 77 1
150 77 1
151 77 1
152 77 1
156 77 1
157 77 1
158 77 1
169 77 1
176 77 1
177 77 1
182 77 1
183 77 1
144 78 1
148 78 1
149 78 1
150 78 1
151 78 1
152 78 1
153 78 1
155 78 1
156 78 1
157 78 1
169 78 1
170 78 1
177 78 1
178 78 1
182 78 1
183 78 1
146 79 1
147 79 1
148 79 1
149 79 1
154 79 1
155 79 1
156 79 1
169 79 1
170 79 1
177 79 1
178 79 1
179 79 1
183 79 1
184 79 1
145 80 1
146 80 1
147 80 1
154 80 1
170 80 1
171 80 1
172 80 1
173 80 1
178 80 1
179 80 1
183 80 1
184 80 1
145 81 1
146 81 1
171 81 1
173 81 1
178 81 1
179 81 1
184 81 1
185 81 1
144 82 1
151 82 1
171 82 1
174 82 1
184 82 1
185 82 1
150 83 1
172 83 1
184 83 1
185 83 1
146 84 1
147 84 1
150 84 1
172 84 1
173 84 1
183 84 1
184 84 1
185 84 1
145 85 1
146 85 1
165 85 1
166 85 1
172 85 1
173 85 1
179 85 1
182 85 1
183 85 1
184 85 1
185 85 1
145 86 1
146 86 1
156 86 1
164 86 1
165 86 1
168 86 1
172 86 1
173 86 1
179 86 1
180 86 1
181 86 1
182 86 1
183 86 1
184 86 1
185 86 1
164 87 1
177 87 1
178 87 1
179 87 1
180 87 1
181 87 1
182 87 1
183 87 1
147 88 1
151 88 1
152 88 1
155 88 1
156 88 1
162 88 1
163 88 1
166 88 1
176 88 1
177 88 1
178 88 1
179 88 1
180 88 1
181 88 1
182 88 1
183 88 1
186 88 1
146 89 1
147 89 1
148 89 1
154 89 1
155 89 1
162 89 1
170 89 1
173 89 1
174 89 1
175 89 1
176 89 1
177 89 1
178 89 1
179 89 1
181 89 1
182 89 1
145 90 1
146 90 1
147 90 1
153 90 1
154 90 1
162 90 1
169 90 1
170 90 1
172 90 1
173 90 1
174 90 1
175 90 1
181 90 1
182 90 1
146 91 1
147 91 1
153 91 1
162 91 1
170 91 1
171 91 1
178 91 1
179 91 1
181 91 1
182 91 1
189 91 1
146 92 1
147 92 1
153 92 1
154 92 1
170 92 1
171 92 1
177 92 1
178 92 1
146 93 1
147 93 1
154 93 1
157 93 1
169 93 1
170 93 1
177 93 1
180 93 1
181 93 1
147 94 1
148 94 1
155 94 1
156 94 1
167 94 1
168 94 1
169 94 1
170 94 1
173 94 1
175 94 1
176 94 1
147 95 1
148 95 1
155 95 1
156 95 1
166 95 1
167 95 1
168 95 1
169 95 1
170 95 1
171 95 1
173 95 1
174 95 1
175 95 1
176 95 1
146 96 1
147 96 1
148 96 1
155 96 1
156 96 1
157 96 1
165 96 1
166 96 1
167 96 1
168 96 1
169 96 1
170 96 1
171 96 1
172 96 1
173 96 1
174 96 1
146 97 1
147 97 1
148 97 1
155 97 1
156 97 1
164 97 1
165 97 1
166 97 1
167 97 1
169 97 1
170 97 1
171 97 1
172 97 1
173 97 1
146 98 1
147 98 1
156 98 1
163 98 1
164 98 1
165 98 1
166 98 1
169 98 1
170 98 1
171 98 1
172 98 1
173 98 1
146 99 1
147 99 1
156 99 1
162 99 1
163 99 1
164 99 1
168 99 1
169 99 1
170 99 1
171 99 1
172 99 1
147 100 1
151 100 1
156 100 1
159 100 1
160 100 1
161 100 1
162 100 1
163 100 1
164 100 1
168 100 1
169 100 1
170 100 1
154 101 1
159 101 1
160 101 1
161 101 1
162 101 1
163 101 1
167 101 1
153 102 1
154 102 1
162 102 1
166 102 1
167 102 1
151 103 1
153 103 1
154 103 1
155 103 1
160 103 1
161 103 1
162 103 1
164 103 1
165 103 1
166 103 1
167 103 1
151 104 1
152 104 1
153 104 1
154 104 1
155 104 1
158 104 1
159 104 1
160 104 1
161 104 1
162 104 1
163 104 1
164 104 1
165 104 1
166 104 1
153 105 1
154 105 1
155 105 1
157 105 1
158 105 1
159 105 1
160 105 1
161 105 1
162 105 1
165 105 1
166 105 1
171 105 1
175 105 1
153 106 1
154 106 1
155 106 1
156 106 1
157 106 1
158 106 1
159 106 1
164 106 1
165 106 1
166 106 1
153 107 1
154 107 1
155 107 1
163 107 1
164 107 1
165 107 1
169 107 1
154 108 1
155 108 1
161 108 1
162 108 1
163 108 1
164 108 1
165 108 1
155 109 1
156 109 1
157 109 1
158 109 1
159 109 1
160 109 1
161 109 1
162 109 1
163 109 1
156 110 1
157 110 1
158 110 1
159 110 1
160 110 1
161 110 1
162 110 1
166 110 1
157 111 1
158 111 1
159 111 1
335 151 1
342 161 1
335 162 1
338 162 1
342 162 1
338 163 1
341 163 1
338 164 1
341 164 1
337 165 1
341 165 1
335 166 1
337 166 1
334 167 1
343 167 1
334 168 1
338 168 1
331 169 1
340 170 1
154 2 2
160 2 2
189 2 2
203 2 2
205 2 2
216 2 2
279 2 2
203 3 2
205 3 2
216 3 2
219 3 2
257 3 2
202 4 2
203 4 2
216 4 2
219 4 2
257 4 2
151 5 2
152 5 2
202 5 2
204 5 2
205 5 2
257 5 2
258 5 2
284 5 2
285 5 2
204 6 2
215 6 2
216 6 2
217 6 2
262 6 2
263 6 2
279 6 2
156 7 2
202 7 2
256 7 2
147 8 2
168 8 2
202 8 2
215 8 2
217 8 2
256 8 2
175 9 2
176 9 2
255 9 2
256 9 2
258 9 2
214 10 2
215 10 2
255 10 2
256 10 2
150 11 2
163 11 2
170 11 2
175 11 2
176 11 2
201 11 2
202 11 2
203 11 2
214 11 2
255 11 2
256 11 2
25 12 2
162 12 2
163 12 2
172 12 2
176 12 2
184 12 2
201 12 2
203 12 2
214 12 2
217 12 2
255 12 2
282 12 2
150 13 2
166 13 2
167 13 2
171 13 2
201 13 2
214 13 2
255 13 2
282 13 2
166 14 2
170 14 2
201 14 2
203 14 2
203 15 2
217 15 2
254 15 2
162 16 2
163 16 2
167 16 2
254 16 2
146 17 2
158 19 2
171 19 2
173 19 2
201 21 2
151 22 2
279 22 2
340 120 3
337 121 3
342 121 3
337 122 3
341 122 3
335 123 3
336 123 3
339 123 3
340 123 3
341 123 3
342 123 3
335 124 3
336 124 3
337 124 3
338 124 3
339 124 3
340 124 3
332 125 3
333 125 3
334 125 3
335 125 3
336 125 3
337 125 3
338 125 3
339 125 3
332 126 3
334 126 3
335 126 3
336 126 3
327 129 3
328 129 3
329 129 3
331 129 3
326 130 3
327 130 3
328 130 3
330 130 3
331 130 3
332 130 3
340 130 3
341 130 3
325 131 3
326 131 3
327 131 3
329 131 3
330 131 3
338 131 3
340 131 3
324 132 3
325 132 3
326 132 3
328 132 3
329 132 3
337 132 3
338 132 3
324 133 3
325 133 3
326 133 3
327 133 3
328 133 3
330 133 3
336 133 3
337 133 3
330 134 3
331 134 3
336 134 3
337 134 3
331 135 3
332 135 3
336 135 3
337 135 3
331 136 3
332 136 3
336 136 3
337 136 3
316 137 3
318 137 3
320 137 3
321 137 3
322 137 3
330 137 3
331 137 3
332 137 3
337 137 3
315 138 3
316 138 3
317 138 3
318 138 3
319 138 3
320 138 3
321 138 3
331 138 3
332 138 3
337 138 3
315 139 3
316 139 3
317 139 3
318 139 3
319 139 3
320 139 3
321 139 3
322 139 3
323 139 3
331 139 3
333 139 3
337 139 3
314 140 3
315 140 3
316 140 3
317 140 3
318 140 3
319 140 3
320 140 3
321 140 3
322 140 3
323 140 3
324 140 3
325 140 3
332 140 3
333 140 3
334 140 3
338 140 3
339 140 3
314 141 3
315 141 3
316 141 3
317 141 3
318 141 3
319 141 3
320 141 3
321 141 3
322 141 3
323 141 3
324 141 3
332 141 3
333 141 3
334 141 3
338 141 3
339 141 3
315 142 3
316 142 3
318 142 3
319 142 3
320 142 3
321 142 3
332 142 3
333 142 3
334 142 3
339 142 3
340 142 3
315 143 3
316 143 3
318 143 3
319 143 3
321 143 3
322 143 3
332 143 3
333 143 3
339 143 3
340 143 3
316 144 3
317 144 3
322 144 3
323 144 3
332 144 3
335 144 3
340 144 3
341 144 3
317 145 3
318 145 3
323 145 3
333 145 3
335 145 3
340 145 3
341 145 3
318 146 3
319 146 3
320 146 3
323 146 3
335 146 3
340 146 3
341 146 3
320 147 3
323 147 3
335 147 3
337 147 3
341 147 3
342 147 3
322 148 3
323 148 3
330 148 3
337 148 3
338 148 3
341 148 3
342 148 3
343 148 3
323 149 3
332 149 3
339 149 3
342 149 3
343 149 3
344 149 3
324 150 3
330 150 3
343 150 3
325 151 3
333 151 3
339 151 3
340 151 3
326 152 3
333 152 3
338 152 3
339 152 3
334 153 3
338 153 3
327 154 3
336 154 3
327 155 3
328 155 3
336 155 3
330 157 3
343 164 3
342 165 3
341 166 3
340 167 3
341 167 3
339 168 3
340 168 3
340 169 3
340 170 3
340 171 3
