214 1 0
219 1 0
220 1 0
212 2 0
214 2 0
215 2 0
216 2 0
217 2 0
218 2 0
219 2 0
220 2 0
222 2 0
223 2 0
232 2 0
233 2 0
234 2 0
240 2 0
241 2 0
242 2 0
243 2 0
244 2 0
245 2 0
253 2 0
254 2 0
257 2 0
212 3 0
214 3 0
224 3 0
225 3 0
226 3 0
232 3 0
234 3 0
244 3 0
245 3 0
246 3 0
247 3 0
248 3 0
249 3 0
253 3 0
254 3 0
258 3 0
198 4 0
199 4 0
212 4 0
214 4 0
228 4 0
229 4 0
230 4 0
231 4 0
232 4 0
234 4 0
248 4 0
249 4 0
250 4 0
251 4 0
252 4 0
253 4 0
254 4 0
179 5 0
181 5 0
182 5 0
198 5 0
199 5 0
211 5 0
212 5 0
213 5 0
214 5 0
235 5 0
236 5 0
253 5 0
266 5 0
267 5 0
292 5 0
174 6 0
177 6 0
179 6 0
198 6 0
199 6 0
200 6 0
211 6 0
212 6 0
213 6 0
214 6 0
236 6 0
237 6 0
238 6 0
239 6 0
240 6 0
241 6 0
267 6 0
268 6 0
292 6 0
198 7 0
199 7 0
200 7 0
211 7 0
212 7 0
213 7 0
241 7 0
242 7 0
243 7 0
244 7 0
245 7 0
259 7 0
189 8 0
197 8 0
198 8 0
200 8 0
211 8 0
212 8 0
213 8 0
246 8 0
247 8 0
248 8 0
255 8 0
307 8 0
197 9 0
198 9 0
200 9 0
210 9 0
211 9 0
213 9 0
254 9 0
184 10 0
197 10 0
198 10 0
199 10 0
200 10 0
210 10 0
211 10 0
212 10 0
213 10 0
250 10 0
256 10 0
325 10 0
189 11 0
192 11 0
197 11 0
199 11 0
210 11 0
211 11 0
212 11 0
251 11 0
256 11 0
273 11 0
324 11 0
192 12 0
197 12 0
199 12 0
210 12 0
211 12 0
212 12 0
251 12 0
256 12 0
272 12 0
273 12 0
197 13 0
199 13 0
209 13 0
210 13 0
214 13 0
250 13 0
251 13 0
256 13 0
309 13 0
196 14 0
197 14 0
199 14 0
205 14 0
206 14 0
207 14 0
208 14 0
209 14 0
210 14 0
250 14 0
251 14 0
196 15 0
197 15 0
199 15 0
201 15 0
202 15 0
203 15 0
204 15 0
205 15 0
207 15 0
210 15 0
211 15 0
212 15 0
213 15 0
250 15 0
251 15 0
200 16 0
201 16 0
202 16 0
203 16 0
205 16 0
206 16 0
207 16 0
208 16 0
209 16 0
210 16 0
214 16 0
215 16 0
216 16 0
250 16 0
251 16 0
284 16 0
201 17 0
202 17 0
214 17 0
215 17 0
216 17 0
217 17 0
249 17 0
250 17 0
251 17 0
267 17 0
289 17 0
290 17 0
321 17 0
327 17 0
328 17 0
214 18 0
215 18 0
216 18 0
249 18 0
250 18 0
265 18 0
214 19 0
215 19 0
216 19 0
249 19 0
250 19 0
255 19 0
294 19 0
122 20 0
214 20 0
249 20 0
255 20 0
319 20 0
214 21 0
248 21 0
249 21 0
214 22 0
248 22 0
249 22 0
266 22 0
283 22 0
287 22 0
319 22 0
214 23 0
248 23 0
266 23 0
324 23 0
213 24 0
214 24 0
231 24 0
232 24 0
233 24 0
247 24 0
248 24 0
249 24 0
330 24 0
108 25 0
213 25 0
247 25 0
248 25 0
247 26 0
248 26 0
277 26 0
281 26 0
317 26 0
243 27 0
247 27 0
262 27 0
263 27 0
288 27 0
317 27 0
98 28 0
99 28 0
241 28 0
242 28 0
243 28 0
246 28 0
248 28 0
286 28 0
288 28 0
324 28 0
97 29 0
246 29 0
248 29 0
322 29 0
247 30 0
264 30 0
323 30 0
254 31 0
255 31 0
281 31 0
316 31 0
323 31 0
186 32 0
254 32 0
255 32 0
256 32 0
316 32 0
186 33 0
255 33 0
257 33 0
258 33 0
275 33 0
308 33 0
316 33 0
253 34 0
254 34 0
258 34 0
286 34 0
246 35 0
252 35 0
257 35 0
267 35 0
273 35 0
274 35 0
279 35 0
321 35 0
257 36 0
280 36 0
314 36 0
321 36 0
256 37 0
315 37 0
320 37 0
321 37 0
256 38 0
258 38 0
278 38 0
315 38 0
320 38 0
255 39 0
264 39 0
278 39 0
319 39 0
65 40 0
265 40 0
268 40 0
271 40 0
272 40 0
275 40 0
319 40 0
322 40 0
323 40 0
324 40 0
325 40 0
326 40 0
327 40 0
328 40 0
245 41 0
313 41 0
319 41 0
326 41 0
329 41 0
244 42 0
245 42 0
318 42 0
322 42 0
324 42 0
325 42 0
326 42 0
251 43 0
281 43 0
318 43 0
322 43 0
251 44 0
279 44 0
328 44 0
243 45 0
249 45 0
250 45 0
251 45 0
269 45 0
280 45 0
323 45 0
324 45 0
326 45 0
327 45 0
328 45 0
330 45 0
47 46 0
249 46 0
250 46 0
258 46 0
312 46 0
318 46 0
319 46 0
249 47 0
255 47 0
257 47 0
258 47 0
282 47 0
312 47 0
329 47 0
257 48 0
269 48 0
275 48 0
329 48 0
244 49 0
256 49 0
257 49 0
244 50 0
256 50 0
257 50 0
264 50 0
289 50 0
310 50 0
204 51 0
205 51 0
256 51 0
310 51 0
206 52 0
247 52 0
255 52 0
256 52 0
317 52 0
326 52 0
206 53 0
244 53 0
245 53 0
246 53 0
247 53 0
251 53 0
252 53 0
254 53 0
255 53 0
264 53 0
269 53 0
272 53 0
273 53 0
274 53 0
287 53 0
305 53 0
316 53 0
205 54 0
245 54 0
254 54 0
255 54 0
264 54 0
268 54 0
269 54 0
272 54 0
309 54 0
203 55 0
207 55 0
244 55 0
245 55 0
253 55 0
254 55 0
264 55 0
265 55 0
266 55 0
309 55 0
310 55 0
326 55 0
197 56 0
198 56 0
202 56 0
250 56 0
252 56 0
253 56 0
254 56 0
262 56 0
263 56 0
264 56 0
302 56 0
309 56 0
197 57 0
199 57 0
200 57 0
245 57 0
251 57 0
252 57 0
253 57 0
261 57 0
198 58 0
215 58 0
251 58 0
252 58 0
253 58 0
255 58 0
261 58 0
227 59 0
265 59 0
266 59 0
314 59 0
320 59 0
204 60 0
226 60 0
228 60 0
229 60 0
251 60 0
262 60 0
263 60 0
264 60 0
265 60 0
308 60 0
313 60 0
320 60 0
223 61 0
229 61 0
253 61 0
254 61 0
261 61 0
262 61 0
263 61 0
308 61 0
319 61 0
218 62 0
241 62 0
246 62 0
319 62 0
336 62 0
214 63 0
258 63 0
319 63 0
191 64 0
214 64 0
215 64 0
225 64 0
246 64 0
249 64 0
261 64 0
264 64 0
269 64 0
270 64 0
295 64 0
306 64 0
318 64 0
225 65 0
229 65 0
236 65 0
249 65 0
263 65 0
264 65 0
273 65 0
274 65 0
306 65 0
228 66 0
229 66 0
257 66 0
258 66 0
266 66 0
267 66 0
235 67 0
248 67 0
249 67 0
255 67 0
258 67 0
259 67 0
260 67 0
261 67 0
262 67 0
269 67 0
315 67 0
327 67 0
336 67 0
221 68 0
234 68 0
248 68 0
261 68 0
262 68 0
263 68 0
264 68 0
265 68 0
271 68 0
273 68 0
312 68 0
313 68 0
314 68 0
315 68 0
316 68 0
317 68 0
335 68 0
227 69 0
234 69 0
259 69 0
262 69 0
263 69 0
264 69 0
265 69 0
266 69 0
274 69 0
275 69 0
276 69 0
285 69 0
296 69 0
298 69 0
206 70 0
212 70 0
226 70 0
227 70 0
228 70 0
229 70 0
234 70 0
235 70 0
236 70 0
263 70 0
264 70 0
265 70 0
266 70 0
267 70 0
268 70 0
276 70 0
277 70 0
278 70 0
279 70 0
285 70 0
286 70 0
311 70 0
313 70 0
314 70 0
220 71 0
221 71 0
225 71 0
226 71 0
233 71 0
234 71 0
263 71 0
270 71 0
271 71 0
272 71 0
279 71 0
280 71 0
282 71 0
289 71 0
290 71 0
312 71 0
313 71 0
314 71 0
197 72 0
198 72 0
218 72 0
220 72 0
221 72 0
225 72 0
232 72 0
233 72 0
262 72 0
275 72 0
276 72 0
282 72 0
283 72 0
289 72 0
290 72 0
293 72 0
310 72 0
311 72 0
312 72 0
313 72 0
314 72 0
315 72 0
318 72 0
319 72 0
217 73 0
218 73 0
219 73 0
220 73 0
224 73 0
225 73 0
232 73 0
233 73 0
237 73 0
238 73 0
252 73 0
256 73 0
261 73 0
266 73 0
278 73 0
279 73 0
284 73 0
285 73 0
286 73 0
294 73 0
310 73 0
311 73 0
312 73 0
314 73 0
315 73 0
206 74 0
209 74 0
216 74 0
217 74 0
219 74 0
222 74 0
224 74 0
225 74 0
233 74 0
234 74 0
236 74 0
237 74 0
256 74 0
266 74 0
268 74 0
287 74 0
310 74 0
311 74 0
312 74 0
313 74 0
314 74 0
216 75 0
225 75 0
226 75 0
227 75 0
228 75 0
229 75 0
239 75 0
251 75 0
255 75 0
289 75 0
291 75 0
309 75 0
313 75 0
314 75 0
208 76 0
209 76 0
210 76 0
211 76 0
212 76 0
218 76 0
221 76 0
222 76 0
225 76 0
227 76 0
229 76 0
230 76 0
238 76 0
239 76 0
251 76 0
259 76 0
268 76 0
284 76 0
285 76 0
292 76 0
293 76 0
294 76 0
295 76 0
310 76 0
311 76 0
312 76 0
313 76 0
314 76 0
207 77 0
208 77 0
223 77 0
224 77 0
225 77 0
226 77 0
227 77 0
229 77 0
254 77 0
294 77 0
295 77 0
296 77 0
297 77 0
303 77 0
307 77 0
216 78 0
219 78 0
224 78 0
225 78 0
226 78 0
228 78 0
229 78 0
230 78 0
231 78 0
232 78 0
233 78 0
234 78 0
235 78 0
297 78 0
298 78 0
299 78 0
229 79 0
230 79 0
232 79 0
233 79 0
234 79 0
235 79 0
236 79 0
237 79 0
238 79 0
257 79 0
272 79 0
273 79 0
274 79 0
232 80 0
233 80 0
262 80 0
303 80 0
304 80 0
262 81 0
264 81 0
305 81 0
306 81 0
331 81 0
332 81 0
334 81 0
217 82 0
231 82 0
255 82 0
261 82 0
263 82 0
307 82 0
308 82 0
309 82 0
328 82 0
331 82 0
332 82 0
250 83 0
255 83 0
262 83 0
288 83 0
289 83 0
290 83 0
310 83 0
311 83 0
330 83 0
331 83 0
209 84 0
212 84 0
213 84 0
214 84 0
249 84 0
254 84 0
255 84 0
283 84 0
288 84 0
289 84 0
311 84 0
312 84 0
313 84 0
330 84 0
331 84 0
212 85 0
213 85 0
214 85 0
215 85 0
249 85 0
254 85 0
259 85 0
264 85 0
270 85 0
289 85 0
316 85 0
328 85 0
210 86 0
212 86 0
213 86 0
214 86 0
215 86 0
216 86 0
217 86 0
218 86 0
231 86 0
232 86 0
248 86 0
270 86 0
209 87 0
214 87 0
215 87 0
217 87 0
218 87 0
241 87 0
243 87 0
267 87 0
333 87 0
208 88 0
213 88 0
214 88 0
220 88 0
221 88 0
223 88 0
247 88 0
252 88 0
267 88 0
274 88 0
276 88 0
277 88 0
278 88 0
279 88 0
284 88 0
285 88 0
232 89 0
246 89 0
267 89 0
279 89 0
281 89 0
284 89 0
212 90 0
227 90 0
280 90 0
283 90 0
212 91 0
216 91 0
217 91 0
223 91 0
224 91 0
225 91 0
226 91 0
260 91 0
289 91 0
210 92 0
216 92 0
223 92 0
245 92 0
246 92 0
270 92 0
274 92 0
278 92 0
289 92 0
210 93 0
215 93 0
222 93 0
224 93 0
208 94 0
214 94 0
215 94 0
222 94 0
223 94 0
264 94 0
265 94 0
266 94 0
278 94 0
280 94 0
281 94 0
282 94 0
209 95 0
214 95 0
217 95 0
223 95 0
224 95 0
248 95 0
264 95 0
265 95 0
266 95 0
276 95 0
277 95 0
281 95 0
213 96 0
222 96 0
226 96 0
236 96 0
237 96 0
238 96 0
239 96 0
248 96 0
250 96 0
251 96 0
252 96 0
253 96 0
255 96 0
268 96 0
269 96 0
278 96 0
279 96 0
283 96 0
212 97 0
213 97 0
219 97 0
236 97 0
237 97 0
241 97 0
248 97 0
249 97 0
251 97 0
255 97 0
272 97 0
273 97 0
248 98 0
249 98 0
250 98 0
251 98 0
252 98 0
254 98 0
256 98 0
264 98 0
265 98 0
267 98 0
268 98 0
269 98 0
270 98 0
211 99 0
235 99 0
241 99 0
245 99 0
252 99 0
254 99 0
255 99 0
256 99 0
267 99 0
269 99 0
270 99 0
278 99 0
279 99 0
280 99 0
281 99 0
282 99 0
290 99 0
210 100 0
241 100 0
264 100 0
265 100 0
269 100 0
278 100 0
155 101 0
156 101 0
157 101 0
221 101 0
226 101 0
232 101 0
233 101 0
234 101 0
264 101 0
265 101 0
266 101 0
267 101 0
268 101 0
269 101 0
283 101 0
288 101 0
209 102 0
223 102 0
224 102 0
225 102 0
226 102 0
266 102 0
267 102 0
268 102 0
269 102 0
270 102 0
271 102 0
281 102 0
282 102 0
283 102 0
288 102 0
156 103 0
157 103 0
208 103 0
225 103 0
226 103 0
233 103 0
236 103 0
253 103 0
267 103 0
287 103 0
288 103 0
154 104 0
157 104 0
158 104 0
154 105 0
157 105 0
158 105 0
210 105 0
211 105 0
243 105 0
264 105 0
266 105 0
267 105 0
268 105 0
218 106 0
264 106 0
265 106 0
266 106 0
267 106 0
268 106 0
151 107 0
152 107 0
155 107 0
157 107 0
223 107 0
268 107 0
270 107 0
205 108 0
220 108 0
221 108 0
245 108 0
270 108 0
227 109 0
228 109 0
246 109 0
226 110 0
232 110 0
233 110 0
234 110 0
251 110 0
259 110 0
272 110 0
273 110 0
161 111 0
203 111 0
208 111 0
223 111 0
226 111 0
207 112 0
147 113 0
202 113 0
264 113 0
145 114 0
151 114 0
206 114 0
285 114 0
145 115 0
146 115 0
150 115 0
268 115 0
269 115 0
150 116 0
156 116 0
157 116 0
210 116 0
277 116 0
278 116 0
141 117 0
142 117 0
143 117 0
155 117 0
156 117 0
157 117 0
273 117 0
280 117 0
281 117 0
282 117 0
153 118 0
154 118 0
156 118 0
205 118 0
249 118 0
252 118 0
255 118 0
262 118 0
263 118 0
280 118 0
281 118 0
282 118 0
151 119 0
155 119 0
156 119 0
159 119 0
160 119 0
161 119 0
209 119 0
217 119 0
218 119 0
261 119 0
262 119 0
266 119 0
267 119 0
280 119 0
281 119 0
282 119 0
283 119 0
155 120 0
208 120 0
225 120 0
246 120 0
277 120 0
141 121 0
153 121 0
154 121 0
155 121 0
245 121 0
253 121 0
187 122 0
188 122 0
194 122 0
219 122 0
250 122 0
251 122 0
252 122 0
187 123 0
188 123 0
246 123 0
248 123 0
258 123 0
203 124 0
215 124 0
238 124 0
239 124 0
265 124 0
269 124 0
270 124 0
135 125 0
137 125 0
186 125 0
214 125 0
215 125 0
217 125 0
223 125 0
283 125 0
284 125 0
132 126 0
133 126 0
134 126 0
135 126 0
136 126 0
137 126 0
186 126 0
187 126 0
204 126 0
207 126 0
236 126 0
238 126 0
239 126 0
240 126 0
243 126 0
284 126 0
286 126 0
287 126 0
133 127 0
134 127 0
136 127 0
187 127 0
203 127 0
222 127 0
239 127 0
242 127 0
243 127 0
248 127 0
135 128 0
182 128 0
185 128 0
187 128 0
236 128 0
241 128 0
242 128 0
269 128 0
270 128 0
271 128 0
272 128 0
273 128 0
274 128 0
284 128 0
285 128 0
179 129 0
181 129 0
186 129 0
187 129 0
189 129 0
190 129 0
241 129 0
242 129 0
277 129 0
283 129 0
284 129 0
135 130 0
167 130 0
181 130 0
183 130 0
184 130 0
186 130 0
188 130 0
189 130 0
191 130 0
208 130 0
241 130 0
286 130 0
287 130 0
138 131 0
167 131 0
178 131 0
179 131 0
180 131 0
183 131 0
184 131 0
186 131 0
188 131 0
189 131 0
191 131 0
241 131 0
278 131 0
279 131 0
280 131 0
281 131 0
282 131 0
138 132 0
165 132 0
180 132 0
183 132 0
185 132 0
186 132 0
188 132 0
190 132 0
191 132 0
241 132 0
281 132 0
282 132 0
159 133 0
165 133 0
166 133 0
187 133 0
190 133 0
191 133 0
214 133 0
240 133 0
241 133 0
278 133 0
279 133 0
284 133 0
285 133 0
139 134 0
158 134 0
159 134 0
160 134 0
165 134 0
166 134 0
170 134 0
177 134 0
184 134 0
211 134 0
214 134 0
260 134 0
285 134 0
158 135 0
160 135 0
164 135 0
184 135 0
198 135 0
267 135 0
140 136 0
141 136 0
146 136 0
158 136 0
159 136 0
164 136 0
176 136 0
184 136 0
195 136 0
209 136 0
210 136 0
240 136 0
124 137 0
125 137 0
132 137 0
135 137 0
149 137 0
158 137 0
165 137 0
176 137 0
195 137 0
209 137 0
235 137 0
236 137 0
259 137 0
124 138 0
131 138 0
135 138 0
154 138 0
155 138 0
156 138 0
183 138 0
194 138 0
237 138 0
134 139 0
163 139 0
182 139 0
183 139 0
206 139 0
235 139 0
236 139 0
237 139 0
286 139 0
287 139 0
130 140 0
134 140 0
183 140 0
236 140 0
238 140 0
240 140 0
121 141 0
130 141 0
156 141 0
163 141 0
240 141 0
277 141 0
121 142 0
122 142 0
162 142 0
163 142 0
192 142 0
194 142 0
204 142 0
277 142 0
154 143 0
163 143 0
174 143 0
182 143 0
200 143 0
201 143 0
286 143 0
174 144 0
182 144 0
199 144 0
227 144 0
228 144 0
127 145 0
162 145 0
171 145 0
188 145 0
224 145 0
225 145 0
271 145 0
118 146 0
119 146 0
120 146 0
127 146 0
130 146 0
154 146 0
159 146 0
160 146 0
286 146 0
118 147 0
119 147 0
130 147 0
222 147 0
263 147 0
264 147 0
274 147 0
286 147 0
129 148 0
130 148 0
161 148 0
180 148 0
181 148 0
210 148 0
221 148 0
261 148 0
266 148 0
153 149 0
170 149 0
180 149 0
181 149 0
258 149 0
116 150 0
170 150 0
194 150 0
234 150 0
235 150 0
237 150 0
238 150 0
240 150 0
242 150 0
253 150 0
254 150 0
255 150 0
256 150 0
257 150 0
115 151 0
116 151 0
117 151 0
160 151 0
179 151 0
205 151 0
234 151 0
235 151 0
255 151 0
279 151 0
286 151 0
116 152 0
152 152 0
160 152 0
179 152 0
278 152 0
286 152 0
179 153 0
180 153 0
260 153 0
273 153 0
274 153 0
275 153 0
276 153 0
159 154 0
179 154 0
241 154 0
242 154 0
243 154 0
269 154 0
271 154 0
272 154 0
113 155 0
189 155 0
190 155 0
211 155 0
225 155 0
226 155 0
228 155 0
240 155 0
241 155 0
242 155 0
243 155 0
247 155 0
248 155 0
249 155 0
281 155 0
282 155 0
283 155 0
114 156 0
157 156 0
177 156 0
216 156 0
225 156 0
236 156 0
237 156 0
248 156 0
249 156 0
250 156 0
255 156 0
256 156 0
281 156 0
282 156 0
158 157 0
191 157 0
235 157 0
236 157 0
237 157 0
255 157 0
256 157 0
261 157 0
262 157 0
158 158 0
177 158 0
178 158 0
235 158 0
261 158 0
262 158 0
263 158 0
268 158 0
269 158 0
162 159 0
193 159 0
214 159 0
215 159 0
267 159 0
268 159 0
269 159 0
276 159 0
233 160 0
269 160 0
276 160 0
176 161 0
166 162 0
234 162 0
262 162 0
176 163 0
177 163 0
233 163 0
267 163 0
268 163 0
278 163 0
165 164 0
176 164 0
177 164 0
247 164 0
267 164 0
268 164 0
269 164 0
270 164 0
272 164 0
165 165 0
232 165 0
247 165 0
267 165 0
270 165 0
271 165 0
281 165 0
282 165 0
132 166 0
167 166 0
187 166 0
233 166 0
281 166 0
282 166 0
174 167 0
175 167 0
219 167 0
220 167 0
221 167 0
222 167 0
224 167 0
233 167 0
243 167 0
244 167 0
130 168 0
175 168 0
223 168 0
232 168 0
233 168 0
274 168 0
128 170 0
165 170 0
223 170 0
232 170 0
155 171 0
164 171 0
242 171 0
243 171 0
244 171 0
245 171 0
249 171 0
173 172 0
242 172 0
246 172 0
248 172 0
268 172 0
269 172 0
101 173 0
136 173 0
172 173 0
173 173 0
232 173 0
253 173 0
266 173 0
267 173 0
268 173 0
173 174 0
257 174 0
258 174 0
139 175 0
284 175 0
285 175 0
96 177 0
145 177 0
146 177 0
153 177 0
157 177 0
170 177 0
96 178 0
113 178 0
153 178 0
156 178 0
157 178 0
158 178 0
159 178 0
163 178 0
164 178 0
165 178 0
170 178 0
171 178 0
232 178 0
95 179 0
163 179 0
164 179 0
165 179 0
166 179 0
183 180 0
253 180 0
276 180 0
277 180 0
282 180 0
283 180 0
89 181 0
231 181 0
278 181 0
283 181 0
285 181 0
84 182 0
252 182 0
253 182 0
254 182 0
86 184 0
142 184 0
232 184 0
85 185 0
128 185 0
142 185 0
127 186 0
126 187 0
128 187 0
129 187 0
241 187 0
242 187 0
243 187 0
93 188 0
125 188 0
174 188 0
183 188 0
220 188 0
242 188 0
243 188 0
244 188 0
245 188 0
246 188 0
247 188 0
92 189 0
182 189 0
246 189 0
247 189 0
248 189 0
249 189 0
250 189 0
251 189 0
252 189 0
123 190 0
126 190 0
245 190 0
246 190 0
247 190 0
251 190 0
252 190 0
253 190 0
254 190 0
255 190 0
122 191 0
123 191 0
167 191 0
247 191 0
248 191 0
249 191 0
250 191 0
251 191 0
255 191 0
121 192 0
129 192 0
189 192 0
190 192 0
250 192 0
251 192 0
252 192 0
253 192 0
254 192 0
120 193 0
121 193 0
129 193 0
192 193 0
254 193 0
129 194 0
257 194 0
119 195 0
121 195 0
240 195 0
241 195 0
247 195 0
248 195 0
249 195 0
250 195 0
97 196 0
118 196 0
240 196 0
241 196 0
242 196 0
243 196 0
251 196 0
252 196 0
253 196 0
254 196 0
255 196 0
256 196 0
275 196 0
276 196 0
117 197 0
119 197 0
132 197 0
231 197 0
243 197 0
244 197 0
179 198 0
249 198 0
250 198 0
125 199 0
220 199 0
250 199 0
114 200 0
124 200 0
231 200 0
246 200 0
254 200 0
255 200 0
113 201 0
248 201 0
258 201 0
259 201 0
112 202 0
113 202 0
122 202 0
135 202 0
247 202 0
251 202 0
252 202 0
253 202 0
260 202 0
111 203 0
247 203 0
256 203 0
111 204 0
151 204 0
231 204 0
242 204 0
243 204 0
248 204 0
249 204 0
258 204 0
259 204 0
260 204 0
261 204 0
109 205 0
249 205 0
269 205 0
139 206 0
245 206 0
256 206 0
257 206 0
253 207 0
254 207 0
259 207 0
273 207 0
107 208 0
246 208 0
252 208 0
253 208 0
264 208 0
136 209 0
144 209 0
255 209 0
257 209 0
130 210 0
248 210 0
255 210 0
256 210 0
257 210 0
258 210 0
259 210 0
260 210 0
261 210 0
135 211 0
231 211 0
255 211 0
256 211 0
259 211 0
260 211 0
261 211 0
262 211 0
263 211 0
264 211 0
266 211 0
267 211 0
256 212 0
257 212 0
263 212 0
268 212 0
269 212 0
257 213 0
258 213 0
259 213 0
260 213 0
270 213 0
271 213 0
230 214 0
259 214 0
263 214 0
264 214 0
271 214 0
264 215 0
265 215 0
271 215 0
272 215 0
270 216 0
271 216 0
272 216 0
230 218 0
163 221 0
183 221 0
208 221 0
186 222 0
187 222 0
188 223 0
189 223 0
207 223 0
281 223 0
282 223 0
143 228 0
179 228 0
202 228 0
279 228 0
296 228 0
179 229 0
220 229 0
187 231 0
244 231 0
253 232 0
255 232 0
257 232 0
258 232 0
261 232 0
262 232 0
263 232 0
264 232 0
265 232 0
267 232 0
268 232 0
269 232 0
187 233 0
188 233 0
243 233 0
244 233 0
245 233 0
246 233 0
247 233 0
248 233 0
249 233 0
250 233 0
251 233 0
252 233 0
189 234 0
190 234 0
191 234 0
191 235 0
197 235 0
243 235 0
244 235 0
245 235 0
246 235 0
247 235 0
248 235 0
249 235 0
250 235 0
251 235 0
252 235 0
242 236 0
243 236 0
244 236 0
247 236 0
248 236 0
249 236 0
250 236 0
251 236 0
197 237 0
199 237 0
248 237 0
251 237 0
252 237 0
199 238 0
200 238 0
242 238 0
243 238 0
244 238 0
245 238 0
246 238 0
247 238 0
248 238 0
180 239 0
206 239 0
207 239 0
243 239 0
244 239 0
245 239 0
246 239 0
247 239 0
248 239 0
249 239 0
250 239 0
251 239 0
206 240 0
245 240 0
246 240 0
247 240 0
248 240 0
249 240 0
250 240 0
251 240 0
207 241 0
208 241 0
257 241 0
258 241 0
259 241 0
266 241 0
268 241 0
188 242 0
242 242 0
243 242 0
244 242 0
245 242 0
246 242 0
247 242 0
248 242 0
249 242 0
250 242 0
251 242 0
257 242 0
274 242 0
275 242 0
276 242 0
277 242 0
278 242 0
256 243 0
257 243 0
258 243 0
259 243 0
266 243 0
267 243 0
268 243 0
275 243 0
276 243 0
277 243 0
278 243 0
247 244 0
242 245 0
243 245 0
246 245 0
250 245 0
197 246 0
241 246 0
242 246 0
243 246 0
244 246 0
245 246 0
246 246 0
247 246 0
248 246 0
250 246 0
197 247 0
200 247 0
242 247 0
243 247 0
244 247 0
245 247 0
246 247 0
247 247 0
248 247 0
249 247 0
250 247 0
250 248 0
241 249 0
242 249 0
243 249 0
244 249 0
245 249 0
246 249 0
247 249 0
248 249 0
249 249 0
250 249 0
247 250 0
248 250 0
249 250 0
250 250 0
242 252 0
243 252 0
274 252 0
216 254 0
244 254 0
245 254 0
272 256 0
224 257 0
234 257 0
138 2 1
140 2 1
199 2 1
200 2 1
205 2 1
250 2 1
251 2 1
143 3 1
161 3 1
172 3 1
195 3 1
172 4 1
196 4 1
197 4 1
198 4 1
199 4 1
204 4 1
137 5 1
170 5 1
194 5 1
195 5 1
196 5 1
205 5 1
135 6 1
139 6 1
161 6 1
196 6 1
197 6 1
203 6 1
204 6 1
187 7 1
191 7 1
193 7 1
194 7 1
196 7 1
197 7 1
140 8 1
141 8 1
158 8 1
194 8 1
266 8 1
135 9 1
156 9 1
201 9 1
136 10 1
267 10 1
134 11 1
173 11 1
196 12 1
129 13 1
183 13 1
196 13 1
129 14 1
161 14 1
128 15 1
129 15 1
276 15 1
158 16 1
137 17 1
139 23 1
341 39 1
335 46 1
342 58 1
342 61 1
342 62 1
338 64 1
339 64 1
337 65 1
333 69 1
174 67 2
174 68 2
175 68 2
176 68 2
180 68 2
172 69 2
173 69 2
174 69 2
171 70 2
172 70 2
173 70 2
170 71 2
171 71 2
181 71 2
182 71 2
183 71 2
185 71 2
169 72 2
170 72 2
183 72 2
183 73 2
188 73 2
173 74 2
184 74 2
188 74 2
189 74 2
171 75 2
172 75 2
185 75 2
171 76 2
185 76 2
188 76 2
189 76 2
170 77 2
171 77 2
186 77 2
188 77 2
189 77 2
193 77 2
194 77 2
195 77 2
171 78 2
177 78 2
186 78 2
187 78 2
193 78 2
194 78 2
195 78 2
177 79 2
178 79 2
187 79 2
188 79 2
190 79 2
193 79 2
194 79 2
171 80 2
178 80 2
188 80 2
189 80 2
190 80 2
191 80 2
193 80 2
194 80 2
170 81 2
171 81 2
179 81 2
189 81 2
190 81 2
194 81 2
165 82 2
169 82 2
170 82 2
179 82 2
180 82 2
190 82 2
194 82 2
195 82 2
168 83 2
169 83 2
190 83 2
191 83 2
195 83 2
196 83 2
167 84 2
168 84 2
181 84 2
191 84 2
192 84 2
195 84 2
196 84 2
166 85 2
167 85 2
182 85 2
183 85 2
191 85 2
192 85 2
196 85 2
197 85 2
159 86 2
160 86 2
161 86 2
162 86 2
165 86 2
166 86 2
182 86 2
183 86 2
197 86 2
198 86 2
156 87 2
157 87 2
158 87 2
159 87 2
160 87 2
165 87 2
166 87 2
183 87 2
185 87 2
193 87 2
197 87 2
198 87 2
155 88 2
156 88 2
157 88 2
158 88 2
184 88 2
187 88 2
197 88 2
198 88 2
199 88 2
155 89 2
156 89 2
157 89 2
185 89 2
195 89 2
197 89 2
198 89 2
199 89 2
155 90 2
156 90 2
160 90 2
185 90 2
186 90 2
194 90 2
197 90 2
198 90 2
155 91 2
186 91 2
196 91 2
197 91 2
198 91 2
177 92 2
186 92 2
187 92 2
195 92 2
196 92 2
156 93 2
157 93 2
159 93 2
160 93 2
177 93 2
186 93 2
187 93 2
193 93 2
195 93 2
196 93 2
197 93 2
155 94 2
156 94 2
192 94 2
193 94 2
194 94 2
195 94 2
196 94 2
155 95 2
156 95 2
174 95 2
191 95 2
192 95 2
193 95 2
194 95 2
155 96 2
156 96 2
162 96 2
174 96 2
185 96 2
190 96 2
191 96 2
192 96 2
196 96 2
197 96 2
156 97 2
162 97 2
165 97 2
166 97 2
184 97 2
185 97 2
189 97 2
196 97 2
197 97 2
163 98 2
165 98 2
166 98 2
184 98 2
185 98 2
196 98 2
165 99 2
184 99 2
185 99 2
191 99 2
195 99 2
182 100 2
183 100 2
184 100 2
185 100 2
190 100 2
191 100 2
169 101 2
182 101 2
183 101 2
184 101 2
190 101 2
191 101 2
192 101 2
165 102 2
181 102 2
182 102 2
183 102 2
184 102 2
185 102 2
187 102 2
188 102 2
189 102 2
190 102 2
181 103 2
182 103 2
183 103 2
184 103 2
185 103 2
186 103 2
187 103 2
166 104 2
180 104 2
181 104 2
182 104 2
183 104 2
184 104 2
185 104 2
186 104 2
187 104 2
179 105 2
180 105 2
181 105 2
184 105 2
185 105 2
186 105 2
189 105 2
177 106 2
178 106 2
179 106 2
158 107 2
159 107 2
176 107 2
177 107 2
178 107 2
164 108 2
175 108 2
176 108 2
177 108 2
165 109 2
175 109 2
176 109 2
177 109 2
159 110 2
165 110 2
178 110 2
160 111 2
161 111 2
177 111 2
178 111 2
179 111 2
175 112 2
176 112 2
177 112 2
178 112 2
179 112 2
164 113 2
167 113 2
168 113 2
169 113 2
174 113 2
175 113 2
176 113 2
177 113 2
178 113 2
179 113 2
164 114 2
165 114 2
167 114 2
168 114 2
169 114 2
172 114 2
173 114 2
174 114 2
175 114 2
178 114 2
179 114 2
167 115 2
168 115 2
169 115 2
171 115 2
172 115 2
173 115 2
178 115 2
179 115 2
167 116 2
168 116 2
169 116 2
168 117 2
164 118 2
337 151 2
328 118 3
325 119 3
331 119 3
333 119 3
325 120 3
329 120 3
330 120 3
331 120 3
335 120 3
326 121 3
332 121 3
333 121 3
334 121 3
326 122 3
327 122 3
330 122 3
331 122 3
332 122 3
333 122 3
340 122 3
323 123 3
324 123 3
325 123 3
326 123 3
327 123 3
328 123 3
329 123 3
330 123 3
331 123 3
339 123 3
340 123 3
323 124 3
324 124 3
325 124 3
326 124 3
327 124 3
328 124 3
331 124 3
337 124 3
338 124 3
325 125 3
336 125 3
337 125 3
320 127 3
321 127 3
342 127 3
318 128 3
319 128 3
320 128 3
321 128 3
322 128 3
342 128 3
316 129 3
317 129 3
318 129 3
321 129 3
322 129 3
316 130 3
317 130 3
318 130 3
319 130 3
320 130 3
321 130 3
329 130 3
330 130 3
315 131 3
316 131 3
317 131 3
318 131 3
319 131 3
320 131 3
328 131 3
315 132 3
316 132 3
317 132 3
318 132 3
327 132 3
328 132 3
317 133 3
327 133 3
328 133 3
323 134 3
328 134 3
307 135 3
323 135 3
328 135 3
306 136 3
307 136 3
309 136 3
311 136 3
312 136 3
328 136 3
306 137 3
308 137 3
309 137 3
310 137 3
311 137 3
312 137 3
323 137 3
324 137 3
305 138 3
306 138 3
308 138 3
310 138 3
311 138 3
313 138 3
323 138 3
324 138 3
330 138 3
305 139 3
306 139 3
307 139 3
308 139 3
310 139 3
311 139 3
312 139 3
313 139 3
314 139 3
323 139 3
324 139 3
330 139 3
305 140 3
306 140 3
307 140 3
308 140 3
310 140 3
311 140 3
312 140 3
313 140 3
314 140 3
315 140 3
323 140 3
324 140 3
325 140 3
330 140 3
306 141 3
309 141 3
311 141 3
312 141 3
322 141 3
323 141 3
325 141 3
330 141 3
306 142 3
307 142 3
310 142 3
312 142 3
323 142 3
331 142 3
332 142 3
307 143 3
308 143 3
323 143 3
331 143 3
333 143 3
308 144 3
309 144 3
314 144 3
327 144 3
332 144 3
333 144 3
309 145 3
310 145 3
314 145 3
327 145 3
332 145 3
333 145 3
314 146 3
332 146 3
333 146 3
334 146 3
314 147 3
329 147 3
333 147 3
334 147 3
315 148 3
322 148 3
334 148 3
332 149 3
316 150 3
324 150 3
331 150 3
329 151 3
330 151 3
325 152 3
328 152 3
329 152 3
318 153 3
327 153 3
319 154 3
338 155 3
338 156 3
337 161 3
339 161 3
335 162 3
336 162 3
337 162 3
341 162 3
342 162 3
343 162 3
344 162 3
334 163 3
335 163 3
336 163 3
337 163 3
338 163 3
339 163 3
341 163 3
342 163 3
343 163 3
333 164 3
334 164 3
335 164 3
338 164 3
341 164 3
342 164 3
332 165 3
333 165 3
340 165 3
341 165 3
342 165 3
330 166 3
331 166 3
332 166 3
340 166 3
341 166 3
342 166 3
330 167 3
331 167 3
340 167 3
341 167 3
342 167 3
330 168 3
331 168 3
341 168 3
342 168 3
343 168 3
330 169 3
331 169 3
341 169 3
342 169 3
343 169 3
331 170 3
340 170 3
341 170 3
342 170 3
343 170 3
332 171 3
339 171 3
340 171 3
344 171 3
334 172 3
338 172 3
339 172 3
