196 1 0
177 2 0
193 2 0
194 2 0
195 2 0
196 2 0
207 2 0
208 2 0
209 2 0
236 2 0
177 3 0
193 3 0
194 3 0
195 3 0
196 3 0
207 3 0
208 3 0
209 3 0
235 3 0
236 3 0
237 3 0
238 3 0
239 3 0
240 3 0
241 3 0
242 3 0
193 4 0
194 4 0
195 4 0
196 4 0
206 4 0
207 4 0
208 4 0
209 4 0
242 4 0
243 4 0
244 4 0
185 5 0
193 5 0
194 5 0
195 5 0
196 5 0
206 5 0
207 5 0
208 5 0
209 5 0
184 6 0
193 6 0
194 6 0
195 6 0
196 6 0
206 6 0
207 6 0
208 6 0
209 6 0
193 7 0
194 7 0
195 7 0
196 7 0
206 7 0
207 7 0
208 7 0
209 7 0
269 7 0
193 8 0
194 8 0
195 8 0
206 8 0
207 8 0
208 8 0
209 8 0
247 8 0
248 8 0
252 8 0
276 8 0
185 9 0
188 9 0
192 9 0
193 9 0
194 9 0
195 9 0
206 9 0
207 9 0
208 9 0
246 9 0
247 9 0
253 9 0
276 9 0
186 10 0
192 10 0
193 10 0
194 10 0
195 10 0
204 10 0
205 10 0
206 10 0
246 10 0
247 10 0
276 10 0
280 10 0
192 11 0
193 11 0
194 11 0
195 11 0
200 11 0
201 11 0
202 11 0
203 11 0
204 11 0
208 11 0
209 11 0
246 11 0
247 11 0
280 11 0
192 12 0
193 12 0
194 12 0
195 12 0
197 12 0
198 12 0
199 12 0
200 12 0
201 12 0
202 12 0
203 12 0
204 12 0
205 12 0
206 12 0
207 12 0
208 12 0
209 12 0
210 12 0
211 12 0
212 12 0
213 12 0
246 12 0
247 12 0
197 13 0
198 13 0
199 13 0
200 13 0
201 13 0
202 13 0
203 13 0
204 13 0
205 13 0
210 13 0
211 13 0
212 13 0
213 13 0
245 13 0
246 13 0
247 13 0
259 13 0
197 14 0
198 14 0
199 14 0
203 14 0
210 14 0
211 14 0
212 14 0
213 14 0
245 14 0
246 14 0
247 14 0
191 15 0
192 15 0
193 15 0
210 15 0
211 15 0
212 15 0
213 15 0
245 15 0
246 15 0
251 15 0
252 15 0
279 15 0
124 16 0
210 16 0
211 16 0
212 16 0
213 16 0
245 16 0
246 16 0
279 16 0
287 16 0
321 16 0
210 17 0
211 17 0
244 17 0
245 17 0
246 17 0
285 17 0
286 17 0
321 17 0
210 18 0
244 18 0
245 18 0
246 18 0
267 18 0
321 18 0
210 19 0
221 19 0
244 19 0
245 19 0
262 19 0
320 19 0
321 19 0
322 19 0
323 19 0
210 20 0
227 20 0
244 20 0
245 20 0
322 20 0
209 21 0
210 21 0
230 21 0
231 21 0
243 21 0
244 21 0
245 21 0
274 21 0
314 21 0
209 22 0
210 22 0
243 22 0
244 22 0
245 22 0
273 22 0
274 22 0
315 22 0
211 23 0
243 23 0
245 23 0
284 23 0
321 23 0
238 24 0
239 24 0
242 24 0
243 24 0
261 24 0
269 24 0
283 24 0
237 25 0
239 25 0
243 25 0
244 25 0
273 25 0
277 25 0
278 25 0
243 26 0
244 26 0
277 26 0
278 26 0
94 27 0
95 27 0
243 27 0
251 27 0
252 27 0
313 27 0
243 28 0
250 28 0
251 28 0
252 28 0
254 28 0
318 28 0
319 28 0
87 29 0
182 29 0
183 29 0
254 29 0
255 29 0
307 29 0
319 29 0
87 30 0
183 30 0
184 30 0
185 30 0
242 30 0
243 30 0
250 30 0
254 30 0
268 30 0
269 30 0
270 30 0
271 30 0
276 30 0
185 31 0
242 31 0
250 31 0
253 31 0
254 31 0
267 31 0
269 31 0
312 31 0
250 32 0
251 32 0
253 32 0
305 32 0
318 32 0
76 33 0
77 33 0
248 33 0
249 33 0
253 33 0
280 33 0
252 34 0
253 34 0
282 34 0
316 34 0
317 34 0
318 34 0
319 34 0
320 34 0
321 34 0
251 35 0
252 35 0
253 35 0
259 35 0
261 35 0
262 35 0
264 35 0
265 35 0
268 35 0
269 35 0
272 35 0
310 35 0
316 35 0
319 35 0
320 35 0
322 35 0
323 35 0
324 35 0
325 35 0
326 35 0
262 36 0
266 36 0
310 36 0
316 36 0
319 36 0
320 36 0
325 36 0
247 37 0
279 37 0
315 37 0
319 37 0
320 37 0
325 37 0
246 38 0
247 38 0
315 38 0
319 38 0
61 39 0
315 39 0
320 39 0
321 39 0
325 39 0
247 40 0
248 40 0
261 40 0
309 40 0
323 40 0
326 40 0
327 40 0
247 41 0
261 41 0
277 41 0
288 41 0
327 41 0
245 42 0
246 42 0
247 42 0
255 42 0
276 42 0
327 42 0
252 43 0
254 43 0
255 43 0
269 43 0
272 43 0
304 43 0
239 44 0
246 44 0
252 44 0
254 44 0
255 44 0
266 44 0
238 45 0
239 45 0
241 45 0
250 45 0
251 45 0
254 45 0
261 45 0
308 45 0
238 46 0
239 46 0
240 46 0
241 46 0
253 46 0
254 46 0
261 46 0
308 46 0
240 47 0
252 47 0
253 47 0
254 47 0
257 47 0
314 47 0
201 48 0
202 48 0
252 48 0
257 48 0
285 48 0
302 48 0
313 48 0
314 48 0
203 49 0
243 49 0
244 49 0
248 49 0
249 49 0
251 49 0
252 49 0
257 49 0
261 49 0
269 49 0
313 49 0
324 49 0
327 49 0
203 50 0
240 50 0
242 50 0
243 50 0
247 50 0
251 50 0
252 50 0
261 50 0
269 50 0
306 50 0
313 50 0
241 51 0
242 51 0
243 51 0
250 51 0
251 51 0
261 51 0
262 51 0
263 51 0
307 51 0
312 51 0
195 52 0
200 52 0
247 52 0
250 52 0
251 52 0
258 52 0
259 52 0
261 52 0
263 52 0
312 52 0
194 53 0
240 53 0
247 53 0
249 53 0
250 53 0
255 53 0
258 53 0
259 53 0
312 53 0
318 53 0
195 54 0
216 54 0
243 54 0
248 54 0
249 54 0
250 54 0
321 54 0
195 55 0
223 55 0
263 55 0
305 55 0
317 55 0
217 56 0
260 56 0
261 56 0
262 56 0
263 56 0
276 56 0
317 56 0
223 57 0
251 57 0
252 57 0
258 57 0
259 57 0
260 57 0
274 57 0
284 57 0
318 57 0
232 58 0
233 58 0
235 58 0
236 58 0
252 58 0
254 58 0
304 58 0
316 58 0
215 59 0
255 59 0
256 59 0
222 60 0
241 60 0
258 60 0
259 60 0
263 60 0
267 60 0
292 60 0
304 60 0
222 61 0
246 61 0
247 61 0
260 61 0
262 61 0
271 61 0
296 61 0
334 61 0
335 61 0
221 62 0
222 62 0
226 62 0
227 62 0
253 62 0
254 62 0
263 62 0
264 62 0
265 62 0
266 62 0
272 62 0
288 62 0
295 62 0
316 62 0
317 62 0
318 62 0
226 63 0
245 63 0
246 63 0
253 63 0
257 63 0
258 63 0
266 63 0
267 63 0
268 63 0
270 63 0
294 63 0
310 63 0
311 63 0
312 63 0
313 63 0
315 63 0
317 63 0
205 64 0
214 64 0
218 64 0
219 64 0
225 64 0
226 64 0
245 64 0
246 64 0
257 64 0
258 64 0
259 64 0
260 64 0
261 64 0
268 64 0
270 64 0
279 64 0
295 64 0
296 64 0
309 64 0
314 64 0
315 64 0
205 65 0
217 65 0
218 65 0
231 65 0
233 65 0
240 65 0
256 65 0
259 65 0
260 65 0
261 65 0
262 65 0
263 65 0
264 65 0
272 65 0
273 65 0
282 65 0
283 65 0
309 65 0
311 65 0
314 65 0
218 66 0
233 66 0
261 66 0
262 66 0
263 66 0
264 66 0
265 66 0
275 66 0
283 66 0
284 66 0
310 66 0
311 66 0
312 66 0
314 66 0
203 67 0
218 67 0
219 67 0
226 67 0
230 67 0
231 67 0
232 67 0
233 67 0
260 67 0
267 67 0
268 67 0
269 67 0
270 67 0
277 67 0
278 67 0
287 67 0
288 67 0
308 67 0
309 67 0
310 67 0
311 67 0
312 67 0
322 67 0
326 67 0
327 67 0
218 68 0
222 68 0
223 68 0
230 68 0
231 68 0
267 68 0
273 68 0
274 68 0
275 68 0
280 68 0
281 68 0
287 68 0
290 68 0
291 68 0
309 68 0
312 68 0
313 68 0
215 69 0
217 69 0
218 69 0
222 69 0
223 69 0
229 69 0
230 69 0
233 69 0
235 69 0
254 69 0
267 69 0
276 69 0
277 69 0
282 69 0
284 69 0
291 69 0
292 69 0
307 69 0
214 70 0
215 70 0
216 70 0
218 70 0
221 70 0
222 70 0
229 70 0
230 70 0
249 70 0
253 70 0
266 70 0
286 70 0
306 70 0
307 70 0
312 70 0
183 71 0
203 71 0
204 71 0
214 71 0
216 71 0
222 71 0
223 71 0
228 71 0
231 71 0
232 71 0
235 71 0
267 71 0
281 71 0
288 71 0
289 71 0
290 71 0
307 71 0
308 71 0
309 71 0
310 71 0
311 71 0
312 71 0
182 72 0
213 72 0
214 72 0
216 72 0
219 72 0
223 72 0
225 72 0
231 72 0
246 72 0
248 72 0
252 72 0
256 72 0
266 72 0
281 72 0
291 72 0
325 72 0
181 73 0
182 73 0
207 73 0
208 73 0
209 73 0
219 73 0
220 73 0
222 73 0
224 73 0
227 73 0
248 73 0
265 73 0
276 73 0
292 73 0
293 73 0
294 73 0
299 73 0
304 73 0
324 73 0
180 74 0
181 74 0
204 74 0
205 74 0
220 74 0
222 74 0
223 74 0
224 74 0
225 74 0
226 74 0
227 74 0
230 74 0
250 74 0
251 74 0
264 74 0
296 74 0
304 74 0
179 75 0
213 75 0
216 75 0
217 75 0
222 75 0
223 75 0
225 75 0
226 75 0
227 75 0
228 75 0
229 75 0
230 75 0
231 75 0
233 75 0
234 75 0
235 75 0
250 75 0
255 75 0
270 75 0
271 75 0
272 75 0
330 75 0
333 75 0
178 76 0
231 76 0
233 76 0
234 76 0
255 76 0
270 76 0
273 76 0
301 76 0
329 76 0
330 76 0
177 77 0
178 77 0
211 77 0
222 77 0
229 77 0
328 77 0
329 77 0
330 77 0
176 78 0
177 78 0
248 78 0
259 78 0
261 78 0
306 78 0
307 78 0
308 78 0
328 78 0
329 78 0
333 78 0
175 79 0
179 79 0
225 79 0
228 79 0
248 79 0
253 79 0
258 79 0
260 79 0
286 79 0
309 79 0
310 79 0
311 79 0
321 79 0
328 79 0
329 79 0
173 80 0
174 80 0
177 80 0
178 80 0
247 80 0
252 80 0
270 80 0
275 80 0
281 80 0
286 80 0
287 80 0
313 80 0
318 80 0
319 80 0
320 80 0
173 81 0
176 81 0
177 81 0
210 81 0
238 81 0
246 81 0
257 81 0
262 81 0
280 81 0
285 81 0
171 82 0
172 82 0
175 82 0
176 82 0
177 82 0
178 82 0
209 82 0
210 82 0
211 82 0
212 82 0
232 82 0
246 82 0
284 82 0
170 83 0
171 83 0
174 83 0
175 83 0
207 83 0
209 83 0
214 83 0
237 83 0
238 83 0
239 83 0
245 83 0
260 83 0
263 83 0
264 83 0
283 83 0
284 83 0
169 84 0
170 84 0
173 84 0
174 84 0
175 84 0
206 84 0
207 84 0
208 84 0
212 84 0
216 84 0
217 84 0
225 84 0
240 84 0
241 84 0
245 84 0
249 84 0
250 84 0
274 84 0
282 84 0
283 84 0
290 84 0
168 85 0
169 85 0
172 85 0
206 85 0
207 85 0
208 85 0
210 85 0
218 85 0
219 85 0
236 85 0
237 85 0
244 85 0
261 85 0
276 85 0
278 85 0
282 85 0
167 86 0
168 86 0
171 86 0
172 86 0
208 86 0
210 86 0
211 86 0
215 86 0
166 87 0
167 87 0
169 87 0
170 87 0
206 87 0
215 87 0
221 87 0
233 87 0
234 87 0
165 88 0
169 88 0
207 88 0
209 88 0
214 88 0
217 88 0
221 88 0
238 88 0
239 88 0
271 88 0
272 88 0
276 88 0
162 89 0
163 89 0
164 89 0
167 89 0
168 89 0
213 89 0
220 89 0
221 89 0
222 89 0
162 90 0
163 90 0
209 90 0
210 90 0
213 90 0
220 90 0
221 90 0
222 90 0
236 90 0
262 90 0
264 90 0
265 90 0
266 90 0
274 90 0
275 90 0
278 90 0
279 90 0
287 90 0
161 91 0
210 91 0
211 91 0
212 91 0
221 91 0
222 91 0
256 91 0
262 91 0
263 91 0
264 91 0
274 91 0
161 92 0
211 92 0
212 92 0
215 92 0
221 92 0
245 92 0
246 92 0
247 92 0
248 92 0
249 92 0
250 92 0
251 92 0
261 92 0
267 92 0
277 92 0
278 92 0
160 93 0
161 93 0
220 93 0
235 93 0
236 93 0
237 93 0
242 93 0
243 93 0
245 93 0
246 93 0
247 93 0
248 93 0
250 93 0
251 93 0
253 93 0
270 93 0
216 94 0
217 94 0
234 94 0
246 94 0
247 94 0
254 94 0
262 94 0
263 94 0
264 94 0
265 94 0
266 94 0
246 95 0
247 95 0
248 95 0
249 95 0
250 95 0
251 95 0
252 95 0
253 95 0
254 95 0
265 95 0
266 95 0
267 95 0
268 95 0
269 95 0
276 95 0
278 95 0
279 95 0
280 95 0
286 95 0
288 95 0
158 96 0
159 96 0
239 96 0
242 96 0
250 96 0
261 96 0
262 96 0
265 96 0
267 96 0
279 96 0
158 97 0
263 97 0
264 97 0
265 97 0
267 97 0
281 97 0
286 97 0
156 98 0
157 98 0
230 98 0
266 98 0
267 98 0
268 98 0
280 98 0
281 98 0
286 98 0
161 99 0
162 99 0
231 99 0
265 99 0
269 99 0
285 99 0
286 99 0
160 100 0
162 100 0
216 100 0
222 100 0
269 100 0
160 101 0
216 101 0
264 101 0
266 101 0
269 101 0
270 101 0
271 101 0
283 101 0
288 101 0
153 102 0
159 102 0
160 102 0
217 102 0
240 102 0
264 102 0
265 102 0
266 102 0
151 103 0
153 103 0
155 103 0
159 103 0
160 103 0
265 103 0
285 103 0
267 104 0
268 104 0
149 105 0
157 105 0
218 105 0
219 105 0
148 106 0
224 106 0
225 106 0
226 106 0
274 106 0
277 106 0
284 106 0
147 107 0
224 107 0
232 107 0
284 107 0
223 109 0
262 109 0
269 109 0
218 110 0
283 110 0
267 111 0
275 112 0
276 112 0
277 112 0
142 113 0
143 113 0
217 113 0
252 113 0
264 113 0
275 113 0
277 113 0
278 113 0
279 113 0
280 113 0
142 114 0
143 114 0
151 114 0
152 114 0
154 114 0
273 114 0
278 114 0
279 114 0
280 114 0
153 115 0
154 115 0
260 115 0
261 115 0
262 115 0
265 115 0
275 115 0
278 115 0
279 115 0
280 115 0
281 115 0
282 115 0
147 116 0
153 116 0
154 116 0
244 116 0
256 116 0
259 116 0
275 116 0
278 116 0
152 117 0
153 117 0
157 117 0
244 117 0
268 117 0
277 117 0
278 117 0
152 118 0
153 118 0
243 118 0
249 118 0
250 118 0
251 118 0
256 118 0
277 118 0
150 119 0
152 119 0
153 119 0
222 119 0
244 119 0
247 119 0
248 119 0
249 119 0
151 120 0
152 120 0
222 120 0
244 120 0
246 120 0
258 120 0
268 120 0
213 121 0
236 121 0
237 121 0
266 121 0
282 121 0
283 121 0
213 122 0
242 122 0
284 122 0
285 122 0
133 123 0
134 123 0
135 123 0
205 123 0
237 123 0
238 123 0
241 123 0
282 123 0
284 123 0
286 123 0
129 124 0
132 124 0
134 124 0
205 124 0
220 124 0
240 124 0
241 124 0
267 124 0
270 124 0
271 124 0
282 124 0
283 124 0
130 125 0
133 125 0
134 125 0
240 125 0
241 125 0
269 125 0
281 125 0
282 125 0
283 125 0
130 126 0
131 126 0
133 126 0
219 126 0
239 126 0
240 126 0
278 126 0
284 126 0
285 126 0
130 127 0
132 127 0
133 127 0
219 127 0
239 127 0
240 127 0
276 127 0
277 127 0
278 127 0
279 127 0
280 127 0
165 128 0
212 128 0
213 128 0
279 128 0
280 128 0
281 128 0
133 129 0
165 129 0
277 129 0
278 129 0
280 129 0
282 129 0
283 129 0
135 130 0
212 130 0
239 130 0
246 130 0
258 130 0
277 130 0
283 130 0
135 131 0
157 131 0
163 131 0
164 131 0
168 131 0
258 131 0
124 132 0
156 132 0
157 132 0
162 132 0
163 132 0
164 132 0
168 132 0
212 132 0
243 132 0
266 132 0
272 132 0
123 133 0
124 133 0
156 133 0
157 133 0
158 133 0
162 133 0
163 133 0
164 133 0
181 133 0
182 133 0
238 133 0
139 134 0
156 134 0
157 134 0
158 134 0
162 134 0
163 134 0
172 134 0
182 134 0
206 134 0
208 134 0
234 134 0
239 134 0
157 135 0
161 135 0
162 135 0
163 135 0
172 135 0
174 135 0
192 135 0
205 135 0
233 135 0
234 135 0
235 135 0
239 135 0
285 135 0
286 135 0
121 136 0
122 136 0
129 136 0
132 136 0
161 136 0
162 136 0
172 136 0
174 136 0
205 136 0
234 136 0
235 136 0
236 136 0
238 136 0
239 136 0
285 136 0
121 137 0
129 137 0
132 137 0
153 137 0
158 137 0
161 137 0
162 137 0
180 137 0
181 137 0
235 137 0
239 137 0
275 137 0
128 138 0
131 138 0
132 138 0
162 138 0
181 138 0
207 138 0
239 138 0
128 139 0
131 139 0
173 139 0
229 139 0
285 139 0
127 140 0
131 140 0
153 140 0
154 140 0
161 140 0
187 140 0
190 140 0
191 140 0
200 140 0
240 140 0
285 140 0
119 141 0
120 141 0
130 141 0
159 141 0
160 141 0
161 141 0
179 141 0
190 141 0
227 141 0
238 141 0
239 141 0
240 141 0
270 141 0
118 142 0
151 142 0
165 142 0
172 142 0
179 142 0
180 142 0
197 142 0
223 142 0
224 142 0
225 142 0
264 142 0
285 142 0
172 143 0
267 143 0
273 143 0
285 143 0
158 144 0
160 144 0
164 144 0
171 144 0
220 144 0
221 144 0
260 144 0
261 144 0
262 144 0
263 144 0
116 145 0
117 145 0
124 145 0
125 145 0
151 145 0
152 145 0
159 145 0
171 145 0
178 145 0
219 145 0
220 145 0
238 145 0
115 146 0
116 146 0
117 146 0
124 146 0
128 146 0
151 146 0
152 146 0
159 146 0
168 146 0
178 146 0
179 146 0
218 146 0
219 146 0
256 146 0
279 146 0
285 146 0
150 147 0
151 147 0
158 147 0
168 147 0
179 147 0
213 147 0
218 147 0
234 147 0
235 147 0
236 147 0
252 147 0
253 147 0
254 147 0
255 147 0
278 147 0
285 147 0
127 148 0
149 148 0
150 148 0
159 148 0
168 148 0
188 148 0
277 148 0
285 148 0
158 149 0
210 149 0
230 149 0
273 149 0
274 149 0
275 149 0
276 149 0
178 150 0
261 150 0
262 150 0
266 150 0
271 150 0
272 150 0
277 150 0
113 151 0
114 151 0
148 151 0
158 151 0
176 151 0
177 151 0
214 151 0
224 151 0
227 151 0
228 151 0
240 151 0
280 151 0
281 151 0
282 151 0
113 152 0
148 152 0
149 152 0
157 152 0
177 152 0
210 152 0
227 152 0
239 152 0
240 152 0
241 152 0
246 152 0
247 152 0
248 152 0
249 152 0
281 152 0
282 152 0
157 153 0
184 153 0
186 153 0
209 153 0
224 153 0
227 153 0
234 153 0
235 153 0
240 153 0
247 153 0
248 153 0
249 153 0
254 153 0
255 153 0
157 154 0
234 154 0
235 154 0
236 154 0
260 154 0
261 154 0
110 155 0
175 155 0
189 155 0
196 155 0
234 155 0
235 155 0
262 155 0
267 155 0
268 155 0
269 155 0
275 155 0
111 156 0
156 156 0
168 156 0
176 156 0
205 156 0
213 156 0
225 156 0
267 156 0
268 156 0
269 156 0
275 156 0
110 157 0
160 157 0
225 157 0
232 157 0
160 158 0
165 158 0
167 158 0
186 158 0
232 158 0
233 158 0
276 158 0
165 159 0
225 159 0
232 159 0
233 159 0
263 159 0
276 159 0
277 159 0
164 160 0
174 160 0
175 160 0
224 160 0
232 160 0
233 160 0
242 160 0
268 160 0
271 160 0
277 160 0
278 160 0
164 161 0
174 161 0
175 161 0
265 161 0
266 161 0
267 161 0
268 161 0
280 161 0
281 161 0
164 162 0
174 162 0
175 162 0
231 162 0
272 162 0
280 162 0
281 162 0
282 162 0
121 163 0
231 163 0
232 163 0
282 163 0
120 164 0
186 164 0
232 164 0
130 165 0
165 165 0
173 165 0
220 165 0
165 166 0
172 166 0
173 166 0
174 166 0
173 167 0
222 167 0
250 167 0
164 168 0
173 168 0
180 168 0
241 168 0
242 168 0
243 168 0
164 169 0
245 169 0
248 169 0
259 169 0
260 169 0
265 169 0
125 170 0
231 170 0
281 170 0
124 171 0
171 171 0
281 171 0
283 171 0
284 171 0
99 172 0
172 172 0
241 172 0
97 173 0
98 173 0
172 173 0
220 174 0
230 174 0
252 174 0
231 175 0
169 176 0
231 176 0
276 176 0
281 176 0
282 176 0
95 177 0
167 177 0
168 177 0
169 177 0
223 177 0
241 177 0
282 177 0
283 177 0
285 177 0
163 178 0
278 178 0
177 179 0
179 179 0
223 179 0
230 179 0
252 179 0
253 179 0
270 179 0
230 180 0
241 180 0
87 181 0
110 181 0
223 181 0
231 181 0
241 181 0
86 182 0
107 182 0
109 182 0
231 182 0
79 183 0
85 183 0
108 183 0
218 183 0
92 184 0
127 184 0
94 185 0
126 185 0
242 185 0
243 185 0
244 185 0
245 185 0
246 185 0
119 186 0
124 186 0
125 186 0
183 186 0
244 186 0
245 186 0
246 186 0
247 186 0
248 186 0
249 186 0
250 186 0
251 186 0
88 187 0
89 187 0
93 187 0
182 187 0
245 187 0
246 187 0
252 187 0
253 187 0
254 187 0
123 188 0
126 188 0
247 188 0
248 188 0
249 188 0
250 188 0
255 188 0
257 188 0
90 189 0
122 189 0
124 189 0
181 189 0
251 189 0
252 189 0
253 189 0
254 189 0
81 190 0
121 190 0
139 190 0
218 190 0
222 190 0
249 190 0
254 190 0
78 191 0
120 191 0
121 191 0
123 191 0
139 191 0
255 191 0
278 191 0
279 191 0
122 192 0
222 192 0
245 192 0
246 192 0
247 192 0
248 192 0
249 192 0
250 192 0
112 193 0
119 193 0
121 193 0
222 193 0
240 193 0
241 193 0
246 193 0
252 193 0
253 193 0
254 193 0
255 193 0
256 193 0
120 194 0
194 194 0
230 194 0
231 194 0
243 194 0
97 195 0
96 196 0
115 196 0
116 196 0
193 196 0
115 197 0
126 197 0
137 197 0
139 197 0
114 198 0
191 198 0
230 198 0
245 198 0
259 198 0
113 199 0
190 199 0
260 199 0
276 199 0
106 200 0
113 200 0
115 200 0
123 200 0
156 200 0
189 200 0
112 201 0
126 201 0
230 201 0
231 201 0
248 201 0
259 201 0
110 202 0
141 202 0
130 203 0
141 203 0
109 204 0
130 204 0
143 204 0
258 204 0
108 205 0
110 205 0
258 205 0
129 206 0
138 206 0
139 206 0
143 206 0
247 206 0
255 206 0
257 206 0
282 206 0
143 207 0
248 207 0
255 207 0
257 207 0
258 207 0
260 207 0
261 207 0
262 207 0
263 207 0
131 208 0
143 208 0
221 208 0
230 208 0
231 208 0
255 208 0
258 208 0
259 208 0
261 208 0
262 208 0
263 208 0
264 208 0
268 208 0
140 209 0
250 209 0
256 209 0
269 209 0
128 210 0
129 210 0
257 210 0
258 210 0
259 210 0
260 210 0
271 210 0
128 211 0
262 211 0
263 211 0
271 211 0
190 212 0
272 212 0
270 213 0
189 214 0
230 216 0
220 227 0
245 229 0
246 229 0
248 229 0
257 229 0
267 229 0
268 229 0
274 229 0
277 229 0
278 229 0
245 230 0
246 230 0
247 230 0
251 231 0
188 232 0
243 232 0
245 232 0
247 232 0
243 233 0
245 233 0
247 233 0
248 233 0
249 233 0
250 233 0
251 233 0
252 233 0
245 234 0
197 235 0
198 235 0
199 235 0
250 235 0
243 236 0
244 236 0
245 236 0
246 236 0
247 236 0
248 236 0
250 236 0
251 236 0
243 237 0
244 237 0
245 237 0
250 237 0
251 237 0
252 237 0
259 238 0
260 238 0
268 238 0
245 239 0
246 239 0
248 239 0
251 239 0
257 239 0
258 239 0
259 239 0
260 239 0
266 239 0
267 239 0
269 239 0
278 239 0
243 240 0
245 240 0
246 240 0
249 240 0
258 240 0
259 240 0
266 240 0
267 240 0
268 240 0
276 240 0
277 240 0
278 240 0
247 241 0
248 241 0
249 241 0
241 242 0
243 243 0
244 243 0
245 243 0
246 243 0
248 243 0
245 244 0
246 244 0
247 244 0
248 244 0
249 244 0
250 245 0
251 245 0
244 247 0
246 247 0
247 247 0
248 247 0
249 247 0
250 247 0
251 247 0
134 1 1
130 2 1
134 2 1
158 2 1
191 2 1
192 2 1
194 2 1
195 2 1
268 2 1
305 2 1
128 3 1
130 3 1
135 3 1
147 3 1
153 3 1
161 3 1
189 3 1
191 3 1
260 3 1
302 3 1
303 3 1
135 4 1
179 4 1
231 4 1
128 5 1
135 5 1
187 5 1
188 5 1
189 5 1
231 5 1
128 6 1
149 6 1
188 6 1
189 6 1
223 6 1
144 7 1
219 7 1
255 7 1
256 7 1
279 7 1
123 8 1
279 8 1
330 8 1
120 9 1
149 9 1
159 9 1
294 9 1
295 9 1
136 10 1
248 10 1
295 10 1
297 10 1
208 11 1
256 11 1
315 11 1
120 12 1
136 12 1
140 12 1
137 13 1
342 13 1
150 15 1
186 16 1
227 16 1
131 17 1
331 20 1
333 20 1
337 34 1
336 37 1
342 43 1
325 48 1
341 49 1
335 51 1
341 51 1
335 52 1
331 60 1
318 115 2
319 116 2
324 116 2
316 117 2
319 117 2
320 117 2
321 117 2
325 117 2
326 117 2
316 118 2
317 118 2
318 118 2
324 118 2
325 118 2
326 118 2
317 119 2
318 119 2
320 119 2
321 119 2
322 119 2
323 119 2
330 119 2
316 120 2
317 120 2
318 120 2
319 120 2
320 120 2
321 120 2
322 120 2
324 120 2
313 121 2
314 121 2
315 121 2
316 121 2
317 121 2
318 121 2
319 121 2
320 121 2
322 121 2
328 121 2
329 121 2
315 122 2
316 122 2
317 122 2
327 122 2
332 122 2
332 123 2
333 124 2
309 125 2
310 125 2
311 125 2
333 125 2
307 126 2
308 126 2
309 126 2
310 126 2
312 126 2
313 126 2
306 127 2
307 127 2
308 127 2
310 127 2
311 127 2
312 127 2
313 127 2
306 128 2
307 128 2
308 128 2
309 128 2
310 128 2
311 128 2
318 128 2
319 128 2
305 129 2
306 129 2
307 129 2
308 129 2
309 129 2
318 129 2
319 129 2
306 130 2
307 130 2
308 130 2
318 130 2
334 130 2
335 130 2
336 130 2
318 131 2
319 132 2
297 133 2
298 133 2
312 133 2
319 133 2
296 134 2
297 134 2
299 134 2
300 134 2
301 134 2
302 134 2
312 134 2
296 135 2
298 135 2
299 135 2
300 135 2
301 135 2
302 135 2
304 135 2
313 135 2
314 135 2
320 135 2
296 136 2
297 136 2
298 136 2
299 136 2
300 136 2
301 136 2
302 136 2
304 136 2
305 136 2
306 136 2
313 136 2
314 136 2
320 136 2
337 136 2
296 137 2
297 137 2
298 137 2
299 137 2
300 137 2
301 137 2
302 137 2
303 137 2
304 137 2
313 137 2
314 137 2
315 137 2
321 137 2
337 137 2
296 138 2
297 138 2
298 138 2
299 138 2
300 138 2
301 138 2
302 138 2
304 138 2
306 138 2
312 138 2
313 138 2
315 138 2
322 138 2
336 138 2
337 138 2
342 138 2
343 138 2
296 139 2
297 139 2
299 139 2
300 139 2
302 139 2
313 139 2
315 139 2
322 139 2
336 139 2
343 139 2
296 140 2
297 140 2
299 140 2
300 140 2
303 140 2
304 140 2
313 140 2
322 140 2
323 140 2
343 140 2
344 140 2
297 141 2
298 141 2
304 141 2
314 141 2
317 141 2
322 141 2
323 141 2
324 141 2
342 141 2
343 141 2
298 142 2
299 142 2
305 142 2
314 142 2
323 142 2
324 142 2
342 142 2
305 143 2
323 143 2
324 143 2
337 143 2
305 144 2
306 144 2
319 144 2
324 144 2
325 144 2
337 144 2
343 144 2
305 145 2
312 145 2
313 145 2
319 145 2
324 145 2
325 145 2
338 145 2
340 145 2
305 146 2
324 146 2
325 146 2
306 147 2
315 147 2
322 147 2
323 147 2
326 147 2
340 147 2
343 147 2
344 147 2
315 148 2
321 148 2
322 148 2
327 148 2
342 148 2
343 148 2
320 149 2
342 149 2
308 150 2
318 150 2
319 150 2
309 151 2
316 151 2
317 151 2
343 151 2
310 152 2
316 152 2
341 152 2
315 153 2
334 153 2
341 153 2
335 155 2
328 159 2
325 160 2
326 160 2
327 160 2
328 160 2
333 160 2
334 160 2
324 161 2
325 161 2
326 161 2
329 161 2
330 161 2
331 161 2
332 161 2
333 161 2
334 161 2
323 162 2
324 162 2
325 162 2
328 162 2
331 162 2
332 162 2
333 162 2
337 162 2
322 163 2
323 163 2
330 163 2
331 163 2
332 163 2
337 163 2
321 164 2
322 164 2
323 164 2
331 164 2
332 164 2
333 164 2
338 164 2
321 165 2
322 165 2
331 165 2
332 165 2
333 165 2
338 165 2
339 165 2
321 166 2
331 166 2
332 166 2
333 166 2
334 166 2
339 166 2
340 166 2
321 167 2
331 167 2
332 167 2
333 167 2
334 167 2
339 167 2
340 167 2
321 168 2
322 168 2
324 168 2
331 168 2
332 168 2
333 168 2
334 168 2
335 168 2
340 168 2
341 168 2
322 169 2
330 169 2
331 169 2
332 169 2
334 169 2
335 169 2
342 169 2
323 170 2
329 170 2
330 170 2
331 170 2
335 170 2
336 170 2
339 170 2
342 170 2
343 170 2
328 171 2
329 171 2
335 171 2
336 171 2
338 171 2
339 171 2
336 172 2
337 172 2
339 172 2
340 172 2
337 173 2
340 173 2
183 75 3
184 75 3
185 75 3
186 75 3
182 76 3
183 76 3
184 76 3
185 76 3
182 77 3
183 77 3
191 77 3
192 77 3
193 77 3
181 78 3
193 78 3
194 78 3
178 79 3
180 80 3
194 80 3
195 80 3
179 81 3
180 81 3
184 81 3
184 82 3
197 82 3
179 83 3
182 83 3
183 83 3
197 83 3
179 84 3
182 84 3
178 85 3
181 85 3
182 85 3
181 86 3
182 86 3
189 86 3
180 87 3
181 87 3
182 87 3
189 87 3
180 88 3
181 88 3
178 89 3
179 89 3
180 89 3
181 89 3
191 89 3
177 90 3
178 90 3
179 90 3
180 90 3
192 90 3
176 91 3
177 91 3
178 91 3
179 91 3
177 92 3
178 92 3
193 92 3
194 92 3
193 93 3
195 93 3
168 95 3
169 95 3
170 95 3
174 95 3
175 95 3
196 95 3
166 96 3
167 96 3
168 96 3
169 96 3
173 96 3
174 96 3
175 96 3
191 96 3
198 96 3
163 97 3
165 97 3
166 97 3
167 97 3
198 97 3
163 98 3
164 98 3
165 98 3
166 98 3
199 98 3
163 99 3
164 99 3
165 99 3
187 99 3
200 99 3
162 100 3
163 100 3
164 100 3
189 100 3
202 100 3
208 100 3
209 100 3
192 101 3
193 101 3
206 101 3
207 101 3
208 101 3
209 101 3
210 101 3
211 101 3
166 102 3
206 102 3
207 102 3
208 102 3
210 102 3
211 102 3
165 103 3
166 103 3
205 103 3
206 103 3
209 103 3
210 103 3
211 103 3
161 104 3
165 104 3
166 104 3
199 104 3
200 104 3
209 104 3
210 104 3
164 105 3
165 105 3
198 105 3
199 105 3
205 105 3
206 105 3
207 105 3
208 105 3
165 106 3
198 106 3
199 106 3
204 106 3
205 106 3
206 106 3
165 107 3
166 107 3
198 107 3
199 107 3
205 107 3
206 107 3
165 108 3
166 108 3
197 108 3
198 108 3
203 108 3
204 108 3
162 109 3
165 109 3
166 109 3
196 109 3
197 109 3
198 109 3
165 110 3
195 110 3
196 110 3
197 110 3
198 110 3
199 110 3
166 111 3
194 111 3
195 111 3
196 111 3
197 111 3
198 111 3
199 111 3
166 112 3
167 112 3
193 112 3
194 112 3
197 112 3
198 112 3
167 113 3
168 113 3
192 113 3
193 113 3
195 113 3
196 113 3
168 114 3
169 114 3
191 114 3
192 114 3
168 115 3
169 115 3
189 115 3
190 115 3
191 115 3
169 116 3
188 116 3
189 116 3
190 116 3
191 116 3
168 117 3
169 117 3
170 117 3
188 117 3
189 117 3
190 117 3
168 118 3
169 118 3
189 118 3
169 119 3
170 119 3
171 119 3
185 119 3
189 119 3
190 119 3
191 119 3
192 119 3
178 120 3
185 120 3
189 120 3
190 120 3
191 120 3
192 120 3
178 121 3
188 121 3
189 121 3
190 121 3
192 121 3
193 121 3
173 122 3
175 122 3
176 122 3
182 122 3
187 122 3
188 122 3
189 122 3
191 122 3
192 122 3
175 123 3
179 123 3
180 123 3
181 123 3
182 123 3
186 123 3
190 123 3
191 123 3
192 123 3
172 124 3
175 124 3
176 124 3
177 124 3
178 124 3
179 124 3
180 124 3
181 124 3
190 124 3
176 125 3
177 125 3
178 125 3
181 125 3
182 125 3
187 125 3
188 125 3
189 125 3
176 126 3
177 126 3
178 126 3
179 126 3
180 126 3
181 126 3
186 126 3
187 126 3
188 126 3
181 127 3
184 127 3
185 127 3
186 127 3
187 127 3
180 128 3
181 128 3
182 128 3
185 128 3
186 128 3
186 129 3
