336 1 0
95 6 0
443 6 0
623 6 0
95 7 0
443 7 0
449 8 0
450 8 0
258 11 0
259 11 0
151 12 0
259 12 0
173 13 0
174 13 0
622 13 0
44 14 0
45 14 0
173 14 0
174 14 0
592 14 0
382 17 0
453 17 0
454 17 0
358 18 0
359 18 0
369 18 0
358 19 0
359 19 0
369 19 0
561 19 0
562 19 0
406 20 0
561 20 0
562 20 0
406 21 0
151 22 0
151 23 0
453 23 0
454 23 0
363 24 0
364 24 0
363 25 0
364 25 0
590 26 0
591 26 0
602 26 0
590 27 0
591 27 0
602 27 0
346 28 0
352 28 0
377 28 0
270 29 0
352 29 0
365 32 0
366 32 0
369 32 0
370 32 0
49 33 0
50 33 0
365 33 0
366 33 0
49 34 0
50 34 0
260 38 0
273 38 0
204 39 0
213 39 0
571 39 0
572 39 0
571 40 0
572 40 0
630 41 0
631 41 0
589 42 0
108 43 0
109 43 0
488 43 0
489 43 0
589 43 0
488 44 0
489 44 0
529 45 0
530 45 0
514 46 0
515 46 0
529 46 0
530 46 0
179 48 0
497 48 0
93 49 0
497 49 0
183 52 0
88 53 0
497 53 0
409 55 0
63 56 0
382 56 0
383 56 0
523 56 0
63 57 0
382 57 0
383 57 0
618 57 0
619 57 0
153 58 0
154 58 0
618 58 0
619 58 0
154 59 0
531 62 0
217 65 0
217 66 0
624 66 0
100 67 0
160 67 0
161 67 0
624 67 0
88 75 0
223 75 0
224 75 0
385 75 0
386 75 0
385 76 0
386 76 0
43 78 0
44 78 0
90 78 0
426 79 0
259 81 0
260 81 0
199 82 0
432 82 0
479 82 0
479 83 0
213 85 0
277 85 0
278 85 0
515 85 0
516 85 0
82 86 0
213 86 0
214 86 0
277 86 0
278 86 0
81 87 0
82 87 0
511 87 0
511 88 0
262 91 0
263 91 0
598 91 0
599 91 0
262 92 0
263 92 0
630 92 0
631 92 0
262 94 0
263 94 0
262 95 0
263 95 0
523 96 0
390 97 0
523 97 0
480 98 0
481 98 0
221 99 0
222 99 0
480 99 0
596 99 0
597 99 0
221 100 0
222 100 0
252 100 0
31 101 0
32 101 0
251 101 0
252 101 0
6 102 0
7 102 0
31 102 0
32 102 0
106 102 0
7 103 0
626 103 0
13 106 0
96 106 0
494 106 0
495 106 0
96 107 0
494 107 0
495 107 0
101 108 0
102 108 0
636 108 0
314 109 0
315 109 0
201 110 0
314 110 0
315 110 0
201 111 0
209 111 0
60 112 0
352 112 0
353 112 0
31 113 0
32 113 0
60 113 0
353 113 0
31 114 0
32 114 0
367 114 0
438 114 0
268 115 0
437 115 0
438 115 0
267 116 0
268 116 0
117 120 0
495 120 0
145 121 0
495 121 0
5 122 0
6 122 0
560 124 0
612 124 0
613 124 0
612 125 0
613 125 0
161 126 0
161 127 0
200 127 0
201 127 0
633 127 0
157 128 0
200 128 0
201 128 0
157 129 0
109 130 0
109 131 0
356 131 0
375 132 0
464 132 0
479 132 0
375 133 0
479 133 0
250 134 0
599 134 0
600 134 0
207 135 0
511 135 0
206 136 0
207 136 0
425 137 0
445 137 0
446 137 0
445 138 0
446 138 0
381 140 0
216 141 0
381 141 0
422 141 0
423 141 0
445 141 0
446 141 0
482 141 0
620 141 0
621 141 0
151 142 0
275 142 0
445 142 0
446 142 0
523 142 0
150 143 0
151 143 0
199 144 0
146 148 0
147 148 0
628 148 0
628 149 0
561 155 0
210 156 0
211 156 0
387 156 0
561 156 0
570 156 0
571 156 0
210 157 0
395 157 0
484 157 0
570 157 0
571 157 0
8 158 0
470 158 0
471 158 0
484 158 0
470 159 0
471 159 0
1 161 0
186 163 0
344 163 0
345 163 0
513 163 0
514 163 0
344 164 0
345 164 0
51 165 0
404 165 0
405 165 0
51 166 0
286 175 0
286 176 0
467 176 0
467 177 0
72 178 0
73 178 0
72 179 0
73 179 0
94 181 0
95 181 0
157 181 0
158 181 0
95 182 0
158 182 0
207 182 0
80 183 0
81 183 0
207 183 0
94 184 0
584 184 0
94 185 0
584 185 0
253 187 0
461 187 0
171 188 0
5 195 0
369 195 0
370 195 0
333 196 0
369 196 0
370 196 0
146 197 0
147 197 0
182 197 0
333 197 0
334 197 0
524 197 0
557 197 0
146 198 0
147 198 0
182 198 0
349 198 0
350 198 0
390 198 0
391 198 0
463 198 0
464 198 0
524 198 0
2 199 0
3 199 0
390 199 0
391 199 0
2 200 0
3 200 0
44 200 0
45 200 0
45 201 0
262 201 0
377 201 0
378 201 0
104 204 0
455 205 0
34 206 0
35 206 0
345 206 0
479 207 0
276 209 0
470 210 0
470 211 0
146 214 0
482 214 0
483 214 0
145 215 0
146 215 0
483 215 0
136 216 0
153 216 0
376 216 0
377 216 0
136 217 0
153 217 0
236 217 0
479 217 0
480 217 0
325 218 0
442 218 0
443 218 0
479 218 0
480 218 0
442 219 0
443 219 0
384 220 0
401 220 0
520 220 0
350 221 0
378 222 0
379 222 0
343 223 0
102 225 0
202 225 0
203 225 0
102 226 0
434 226 0
138 230 0
138 231 0
139 231 0
300 231 0
291 233 0
297 233 0
131 234 0
389 234 0
390 234 0
527 234 0
528 234 0
368 235 0
484 235 0
527 235 0
528 235 0
529 237 0
530 237 0
325 238 0
326 238 0
405 239 0
542 239 0
614 240 0
185 244 0
619 244 0
249 245 0
332 246 0
272 247 0
435 247 0
51 248 0
382 248 0
383 248 0
90 249 0
329 249 0
62 250 0
63 250 0
90 250 0
156 250 0
159 250 0
160 250 0
175 250 0
532 250 0
62 251 0
532 251 0
408 252 0
458 252 0
465 252 0
466 252 0
273 253 0
422 253 0
423 253 0
466 253 0
125 254 0
126 254 0
202 254 0
203 254 0
354 254 0
423 254 0
254 256 0
527 257 0
527 258 0
233 263 0
234 263 0
593 264 0
75 265 0
76 265 0
593 265 0
601 265 0
602 265 0
330 266 0
407 266 0
601 266 0
602 266 0
275 267 0
532 267 0
366 268 0
541 268 0
608 268 0
402 269 0
85 270 0
86 270 0
177 271 0
233 271 0
323 271 0
339 271 0
385 271 0
386 271 0
401 271 0
177 272 0
9 273 0
10 273 0
9 274 0
10 274 0
334 274 0
123 275 0
303 275 0
497 275 0
519 275 0
520 275 0
519 276 0
520 276 0
325 278 0
347 279 0
348 279 0
347 280 0
9 281 0
10 281 0
551 281 0
552 281 0
602 286 0
487 288 0
488 288 0
429 289 0
487 289 0
488 289 0
429 290 0
162 291 0
138 292 0
162 292 0
48 293 0
485 293 0
486 293 0
235 294 0
485 294 0
486 294 0
136 300 0
137 300 0
137 301 0
162 301 0
378 301 0
379 301 0
162 302 0
269 302 0
275 302 0
378 302 0
379 302 0
227 303 0
59 305 0
382 306 0
383 306 0
396 306 0
182 307 0
241 307 0
242 307 0
382 307 0
383 307 0
396 307 0
49 308 0
222 308 0
223 308 0
241 308 0
242 308 0
222 309 0
223 309 0
271 310 0
390 310 0
271 311 0
390 311 0
394 312 0
394 313 0
395 313 0
108 314 0
109 314 0
161 314 0
162 314 0
247 314 0
333 314 0
334 314 0
162 315 0
333 315 0
334 315 0
14 316 0
15 316 0
628 316 0
629 316 0
14 317 0
15 317 0
331 317 0
332 317 0
370 317 0
629 317 0
58 318 0
59 318 0
184 318 0
185 318 0
331 318 0
332 318 0
59 319 0
577 320 0
578 320 0
569 322 0
591 322 0
569 323 0
570 323 0
591 323 0
214 325 0
443 325 0
444 325 0
341 326 0
342 326 0
443 326 0
444 326 0
30 327 0
192 327 0
341 327 0
342 327 0
20 328 0
29 328 0
30 328 0
101 330 0
378 330 0
446 330 0
447 330 0
179 331 0
606 333 0
607 333 0
612 335 0
613 335 0
482 336 0
612 336 0
613 336 0
636 339 0
599 341 0
266 342 0
599 342 0
265 343 0
266 343 0
523 343 0
524 343 0
340 344 0
341 344 0
523 344 0
524 344 0
587 344 0
412 345 0
141 346 0
194 346 0
195 346 0
583 346 0
54 347 0
194 347 0
195 347 0
149 348 0
150 348 0
72 349 0
149 349 0
150 349 0
72 350 0
73 350 0
270 353 0
127 354 0
604 356 0
41 357 0
102 358 0
451 358 0
452 358 0
451 359 0
452 359 0
421 360 0
542 360 0
543 360 0
420 361 0
421 361 0
542 361 0
543 361 0
378 363 0
379 363 0
593 366 0
13 367 0
14 367 0
295 367 0
593 367 0
280 368 0
295 368 0
310 368 0
280 369 0
310 369 0
311 369 0
423 370 0
424 370 0
423 371 0
571 372 0
572 372 0
533 378 0
533 379 0
628 379 0
629 379 0
476 380 0
218 381 0
219 381 0
218 382 0
219 382 0
308 383 0
378 384 0
435 385 0
450 385 0
450 386 0
10 387 0
339 387 0
373 387 0
374 387 0
10 388 0
48 388 0
339 388 0
624 388 0
47 389 0
48 389 0
295 389 0
424 389 0
425 389 0
624 389 0
289 390 0
295 390 0
289 391 0
23 393 0
24 393 0
480 393 0
24 394 0
417 394 0
418 394 0
443 395 0
371 396 0
372 396 0
97 397 0
98 397 0
371 397 0
372 397 0
303 398 0
241 399 0
303 399 0
304 399 0
241 400 0
443 400 0
443 401 0
129 402 0
150 403 0
150 404 0
498 405 0
293 406 0
13 407 0
293 407 0
535 407 0
13 408 0
395 411 0
151 412 0
149 413 0
263 413 0
263 414 0
264 414 0
578 417 0
579 417 0
438 419 0
439 419 0
438 420 0
439 420 0
37 421 0
38 421 0
574 421 0
37 422 0
38 422 0
89 422 0
89 423 0
221 423 0
460 425 0
104 426 0
105 426 0
144 426 0
456 426 0
105 427 0
144 427 0
602 427 0
92 428 0
93 428 0
172 428 0
265 428 0
316 428 0
317 428 0
316 429 0
317 429 0
606 429 0
192 430 0
193 430 0
606 430 0
193 431 0
629 432 0
630 432 0
7 434 0
420 434 0
505 434 0
506 434 0
270 435 0
420 435 0
505 435 0
83 436 0
183 436 0
160 440 0
161 440 0
55 442 0
177 442 0
178 442 0
177 443 0
178 443 0
295 445 0
443 451 0
444 451 0
498 451 0
208 452 0
423 456 0
334 457 0
335 457 0
422 457 0
423 457 0
334 458 0
335 458 0
635 458 0
636 458 0
635 459 0
444 460 0
445 460 0
220 464 0
220 465 0
221 465 0
18 466 0
478 469 0
479 469 0
240 471 0
32 472 0
240 472 0
32 473 0
125 475 0
125 476 0
126 476 0
472 476 0
425 477 0
472 477 0
414 478 0
425 478 0
331 85 1
319 88 1
329 89 1
326 90 1
328 90 1
329 90 1
335 90 1
327 91 1
328 91 1
333 91 1
325 92 1
326 92 1
327 92 1
333 92 1
326 93 1
327 93 1
328 93 1
332 93 1
333 93 1
325 94 1
326 94 1
327 94 1
331 94 1
332 94 1
333 94 1
334 94 1
326 95 1
327 95 1
329 95 1
330 95 1
332 95 1
333 95 1
334 95 1
325 96 1
326 96 1
327 96 1
328 96 1
329 96 1
332 96 1
333 96 1
334 96 1
335 96 1
326 97 1
327 97 1
331 97 1
332 97 1
333 97 1
334 97 1
335 97 1
325 98 1
326 98 1
327 98 1
332 98 1
333 98 1
334 98 1
335 98 1
325 99 1
326 99 1
327 99 1
332 99 1
333 99 1
334 99 1
325 100 1
326 100 1
330 100 1
332 100 1
333 100 1
334 100 1
325 101 1
326 101 1
332 101 1
333 101 1
334 101 1
324 102 1
325 102 1
326 102 1
327 102 1
332 102 1
333 102 1
334 102 1
324 103 1
325 103 1
332 103 1
333 103 1
334 103 1
324 104 1
325 104 1
332 104 1
333 104 1
324 105 1
325 105 1
332 105 1
333 105 1
323 106 1
324 106 1
331 106 1
332 106 1
333 106 1
323 107 1
324 107 1
325 107 1
330 107 1
331 107 1
332 107 1
333 107 1
293 108 1
323 108 1
324 108 1
325 108 1
330 108 1
331 108 1
332 108 1
333 108 1
293 109 1
294 109 1
301 109 1
303 109 1
304 109 1
323 109 1
324 109 1
325 109 1
326 109 1
330 109 1
331 109 1
332 109 1
293 110 1
294 110 1
301 110 1
303 110 1
304 110 1
322 110 1
323 110 1
324 110 1
325 110 1
330 110 1
331 110 1
332 110 1
293 111 1
294 111 1
295 111 1
321 111 1
322 111 1
323 111 1
324 111 1
325 111 1
326 111 1
327 111 1
328 111 1
329 111 1
330 111 1
331 111 1
293 112 1
294 112 1
295 112 1
305 112 1
319 112 1
320 112 1
321 112 1
322 112 1
323 112 1
324 112 1
325 112 1
326 112 1
327 112 1
328 112 1
329 112 1
330 112 1
331 112 1
293 113 1
294 113 1
319 113 1
320 113 1
321 113 1
322 113 1
323 113 1
324 113 1
325 113 1
326 113 1
327 113 1
328 113 1
329 113 1
330 113 1
331 113 1
293 114 1
294 114 1
319 114 1
320 114 1
321 114 1
322 114 1
323 114 1
324 114 1
325 114 1
326 114 1
327 114 1
328 114 1
329 114 1
330 114 1
331 114 1
292 115 1
293 115 1
294 115 1
295 115 1
320 115 1
321 115 1
322 115 1
323 115 1
324 115 1
325 115 1
326 115 1
327 115 1
328 115 1
329 115 1
330 115 1
292 116 1
293 116 1
322 116 1
323 116 1
324 116 1
325 116 1
326 116 1
327 116 1
328 116 1
292 117 1
293 117 1
294 117 1
301 117 1
302 117 1
313 117 1
322 117 1
323 117 1
324 117 1
325 117 1
326 117 1
327 117 1
294 118 1
295 118 1
296 118 1
298 118 1
299 118 1
300 118 1
301 118 1
320 118 1
321 118 1
322 118 1
323 118 1
324 118 1
325 118 1
326 118 1
327 118 1
295 119 1
296 119 1
297 119 1
300 119 1
301 119 1
305 119 1
309 119 1
320 119 1
322 119 1
323 119 1
324 119 1
325 119 1
326 119 1
327 119 1
296 120 1
297 120 1
299 120 1
300 120 1
301 120 1
303 120 1
308 120 1
309 120 1
310 120 1
319 120 1
322 120 1
323 120 1
324 120 1
325 120 1
296 121 1
297 121 1
300 121 1
307 121 1
308 121 1
309 121 1
310 121 1
321 121 1
322 121 1
323 121 1
324 121 1
325 121 1
297 122 1
309 122 1
310 122 1
311 122 1
318 122 1
319 122 1
320 122 1
321 122 1
322 122 1
323 122 1
324 122 1
297 123 1
298 123 1
300 123 1
301 123 1
309 123 1
310 123 1
311 123 1
315 123 1
318 123 1
320 123 1
322 123 1
297 124 1
298 124 1
300 124 1
301 124 1
309 124 1
310 124 1
311 124 1
315 124 1
318 124 1
319 124 1
320 124 1
321 124 1
322 124 1
323 124 1
297 125 1
298 125 1
300 125 1
301 125 1
309 125 1
310 125 1
311 125 1
317 125 1
318 125 1
319 125 1
320 125 1
321 125 1
298 126 1
299 126 1
301 126 1
302 126 1
309 126 1
310 126 1
311 126 1
320 126 1
321 126 1
298 127 1
299 127 1
301 127 1
309 127 1
310 127 1
311 127 1
318 127 1
319 127 1
320 127 1
321 127 1
322 127 1
298 128 1
299 128 1
309 128 1
310 128 1
311 128 1
317 128 1
318 128 1
319 128 1
320 128 1
321 128 1
299 129 1
300 129 1
303 129 1
310 129 1
311 129 1
312 129 1
318 129 1
319 129 1
320 129 1
321 129 1
299 130 1
300 130 1
302 130 1
310 130 1
311 130 1
317 130 1
318 130 1
319 130 1
320 130 1
299 131 1
300 131 1
301 131 1
302 131 1
303 131 1
310 131 1
311 131 1
312 131 1
318 131 1
319 131 1
320 131 1
321 131 1
300 132 1
301 132 1
303 132 1
306 132 1
311 132 1
312 132 1
318 132 1
319 132 1
320 132 1
300 133 1
301 133 1
303 133 1
304 133 1
310 133 1
311 133 1
312 133 1
317 133 1
318 133 1
319 133 1
320 133 1
300 134 1
301 134 1
303 134 1
304 134 1
306 134 1
311 134 1
312 134 1
316 134 1
317 134 1
318 134 1
319 134 1
300 135 1
301 135 1
302 135 1
304 135 1
309 135 1
311 135 1
312 135 1
313 135 1
316 135 1
317 135 1
318 135 1
319 135 1
301 136 1
302 136 1
303 136 1
304 136 1
305 136 1
312 136 1
313 136 1
315 136 1
316 136 1
317 136 1
318 136 1
319 136 1
301 137 1
302 137 1
303 137 1
304 137 1
305 137 1
306 137 1
307 137 1
309 137 1
312 137 1
313 137 1
315 137 1
316 137 1
317 137 1
318 137 1
302 138 1
303 138 1
305 138 1
306 138 1
307 138 1
308 138 1
312 138 1
313 138 1
314 138 1
315 138 1
316 138 1
317 138 1
318 138 1
302 139 1
303 139 1
305 139 1
306 139 1
307 139 1
308 139 1
312 139 1
313 139 1
314 139 1
315 139 1
316 139 1
317 139 1
302 140 1
303 140 1
304 140 1
306 140 1
307 140 1
312 140 1
313 140 1
314 140 1
315 140 1
316 140 1
317 140 1
302 141 1
303 141 1
304 141 1
306 141 1
307 141 1
308 141 1
310 141 1
312 141 1
313 141 1
314 141 1
315 141 1
316 141 1
317 141 1
303 142 1
304 142 1
306 142 1
307 142 1
308 142 1
309 142 1
310 142 1
311 142 1
313 142 1
314 142 1
315 142 1
316 142 1
303 143 1
304 143 1
305 143 1
306 143 1
307 143 1
308 143 1
309 143 1
310 143 1
311 143 1
313 143 1
314 143 1
303 144 1
304 144 1
307 144 1
308 144 1
309 144 1
311 144 1
313 144 1
314 144 1
303 145 1
304 145 1
307 145 1
308 145 1
310 145 1
311 145 1
312 145 1
313 145 1
314 145 1
303 146 1
304 146 1
306 146 1
307 146 1
308 146 1
309 146 1
310 146 1
311 146 1
312 146 1
313 146 1
314 146 1
315 146 1
303 147 1
304 147 1
305 147 1
306 147 1
307 147 1
308 147 1
309 147 1
310 147 1
311 147 1
312 147 1
313 147 1
314 147 1
315 147 1
304 148 1
305 148 1
306 148 1
307 148 1
308 148 1
309 148 1
310 148 1
311 148 1
312 148 1
313 148 1
314 148 1
304 149 1
305 149 1
306 149 1
307 149 1
308 149 1
309 149 1
310 149 1
311 149 1
312 149 1
313 149 1
314 149 1
304 150 1
305 150 1
306 150 1
307 150 1
308 150 1
309 150 1
311 150 1
312 150 1
313 150 1
304 151 1
305 151 1
306 151 1
307 151 1
308 151 1
309 151 1
310 151 1
311 151 1
312 151 1
313 151 1
303 152 1
304 152 1
305 152 1
306 152 1
307 152 1
308 152 1
309 152 1
310 152 1
311 152 1
312 152 1
313 152 1
302 153 1
303 153 1
304 153 1
305 153 1
306 153 1
307 153 1
308 153 1
309 153 1
310 153 1
311 153 1
312 153 1
313 153 1
304 154 1
305 154 1
306 154 1
307 154 1
308 154 1
309 154 1
310 154 1
311 154 1
312 154 1
313 154 1
302 155 1
304 155 1
306 155 1
307 155 1
308 155 1
309 155 1
310 155 1
311 155 1
312 155 1
304 156 1
306 156 1
307 156 1
308 156 1
309 156 1
310 156 1
311 156 1
312 156 1
313 156 1
304 157 1
306 157 1
307 157 1
308 157 1
309 157 1
310 157 1
311 157 1
304 158 1
306 158 1
307 158 1
308 158 1
309 158 1
310 158 1
301 159 1
304 159 1
309 159 1
310 159 1
304 160 1
305 160 1
306 160 1
301 161 1
303 161 1
304 161 1
310 161 1
311 161 1
312 161 1
314 161 1
304 162 1
310 162 1
311 162 1
312 162 1
304 163 1
305 163 1
307 163 1
309 163 1
310 163 1
311 163 1
312 163 1
304 164 1
305 164 1
309 164 1
311 164 1
314 164 1
301 165 1
304 165 1
305 165 1
308 165 1
311 165 1
312 165 1
314 165 1
299 166 1
304 166 1
305 166 1
308 166 1
310 166 1
311 166 1
314 166 1
300 167 1
304 167 1
305 167 1
311 167 1
314 167 1
315 167 1
333 167 1
334 167 1
300 168 1
301 168 1
304 168 1
305 168 1
308 168 1
310 168 1
311 168 1
314 168 1
315 168 1
334 168 1
335 168 1
300 169 1
303 169 1
305 169 1
306 169 1
308 169 1
311 169 1
313 169 1
314 169 1
315 169 1
335 169 1
300 170 1
303 170 1
304 170 1
305 170 1
306 170 1
307 170 1
308 170 1
309 170 1
310 170 1
311 170 1
313 170 1
314 170 1
315 170 1
303 171 1
304 171 1
305 171 1
306 171 1
307 171 1
308 171 1
309 171 1
310 171 1
311 171 1
312 171 1
313 171 1
314 171 1
315 171 1
305 172 1
306 172 1
307 172 1
308 172 1
309 172 1
310 172 1
311 172 1
312 172 1
314 172 1
315 172 1
305 173 1
306 173 1
307 173 1
308 173 1
309 173 1
310 173 1
311 173 1
312 173 1
313 173 1
314 173 1
315 173 1
304 174 1
306 174 1
307 174 1
308 174 1
309 174 1
310 174 1
311 174 1
312 174 1
313 174 1
314 174 1
315 174 1
302 175 1
306 175 1
307 175 1
308 175 1
309 175 1
310 175 1
311 175 1
312 175 1
313 175 1
314 175 1
315 175 1
302 176 1
306 176 1
307 176 1
308 176 1
309 176 1
310 176 1
312 176 1
313 176 1
314 176 1
315 176 1
302 177 1
306 177 1
307 177 1
308 177 1
309 177 1
310 177 1
313 177 1
314 177 1
315 177 1
303 178 1
306 178 1
307 178 1
308 178 1
310 178 1
311 178 1
312 178 1
313 178 1
314 178 1
315 178 1
316 178 1
303 179 1
307 179 1
308 179 1
312 179 1
313 179 1
314 179 1
315 179 1
316 179 1
317 179 1
303 180 1
306 180 1
307 180 1
308 180 1
311 180 1
314 180 1
315 180 1
316 180 1
317 180 1
318 180 1
304 181 1
306 181 1
307 181 1
308 181 1
314 181 1
315 181 1
316 181 1
317 181 1
304 182 1
307 182 1
308 182 1
309 182 1
314 182 1
315 182 1
316 182 1
317 182 1
307 183 1
308 183 1
309 183 1
310 183 1
311 183 1
312 183 1
313 183 1
314 183 1
315 183 1
316 183 1
317 183 1
307 184 1
308 184 1
309 184 1
310 184 1
311 184 1
312 184 1
313 184 1
314 184 1
315 184 1
316 184 1
317 184 1
307 185 1
308 185 1
309 185 1
310 185 1
311 185 1
312 185 1
313 185 1
314 185 1
315 185 1
316 185 1
317 185 1
307 186 1
308 186 1
309 186 1
311 186 1
312 186 1
313 186 1
314 186 1
315 186 1
316 186 1
317 186 1
308 187 1
309 187 1
311 187 1
312 187 1
313 187 1
314 187 1
315 187 1
316 187 1
317 187 1
307 188 1
308 188 1
309 188 1
310 188 1
311 188 1
312 188 1
315 188 1
316 188 1
317 188 1
309 189 1
311 189 1
312 189 1
315 189 1
316 189 1
317 189 1
318 189 1
319 189 1
320 189 1
307 190 1
309 190 1
310 190 1
311 190 1
312 190 1
313 190 1
314 190 1
315 190 1
318 190 1
319 190 1
320 190 1
321 190 1
309 191 1
310 191 1
311 191 1
312 191 1
313 191 1
315 191 1
316 191 1
317 191 1
318 191 1
319 191 1
320 191 1
321 191 1
309 192 1
310 192 1
311 192 1
312 192 1
313 192 1
314 192 1
315 192 1
316 192 1
317 192 1
318 192 1
319 192 1
320 192 1
321 192 1
308 193 1
309 193 1
310 193 1
312 193 1
313 193 1
314 193 1
315 193 1
316 193 1
317 193 1
318 193 1
319 193 1
320 193 1
321 193 1
322 193 1
309 194 1
310 194 1
311 194 1
312 194 1
313 194 1
314 194 1
315 194 1
316 194 1
317 194 1
318 194 1
319 194 1
320 194 1
321 194 1
322 194 1
323 194 1
308 195 1
309 195 1
310 195 1
311 195 1
312 195 1
313 195 1
314 195 1
315 195 1
316 195 1
317 195 1
318 195 1
319 195 1
320 195 1
321 195 1
322 195 1
323 195 1
308 196 1
309 196 1
310 196 1
311 196 1
312 196 1
313 196 1
314 196 1
315 196 1
316 196 1
317 196 1
318 196 1
319 196 1
320 196 1
321 196 1
322 196 1
309 197 1
310 197 1
311 197 1
312 197 1
313 197 1
314 197 1
315 197 1
316 197 1
317 197 1
318 197 1
319 197 1
320 197 1
310 198 1
311 198 1
312 198 1
313 198 1
314 198 1
315 198 1
316 198 1
317 198 1
318 198 1
310 199 1
311 199 1
312 199 1
313 199 1
314 199 1
315 199 1
316 199 1
317 199 1
318 199 1
311 200 1
312 200 1
313 200 1
314 200 1
315 200 1
316 200 1
317 200 1
318 200 1
312 201 1
313 201 1
314 201 1
315 201 1
316 201 1
317 201 1
318 201 1
313 202 1
314 202 1
315 202 1
316 202 1
317 202 1
319 202 1
315 203 1
316 203 1
317 203 1
317 204 1
318 204 1
627 473 1
627 474 1
628 474 1
628 475 1
629 475 1
629 476 1
630 477 1
630 478 1
290 71 2
289 72 2
290 72 2
291 72 2
288 73 2
289 73 2
290 73 2
291 73 2
293 73 2
288 74 2
289 74 2
290 74 2
291 74 2
292 74 2
293 74 2
288 75 2
289 75 2
290 75 2
291 75 2
292 75 2
293 75 2
287 76 2
288 76 2
289 76 2
290 76 2
291 76 2
292 76 2
293 76 2
286 77 2
287 77 2
288 77 2
289 77 2
290 77 2
291 77 2
292 77 2
293 77 2
294 77 2
286 78 2
287 78 2
288 78 2
290 78 2
291 78 2
292 78 2
293 78 2
294 78 2
297 78 2
286 79 2
287 79 2
288 79 2
289 79 2
290 79 2
291 79 2
292 79 2
293 79 2
294 79 2
286 80 2
287 80 2
288 80 2
289 80 2
290 80 2
291 80 2
292 80 2
293 80 2
286 81 2
287 81 2
288 81 2
289 81 2
290 81 2
291 81 2
292 81 2
293 81 2
294 81 2
295 81 2
287 82 2
288 82 2
289 82 2
290 82 2
291 82 2
292 82 2
293 82 2
294 82 2
295 82 2
287 83 2
288 83 2
289 83 2
290 83 2
291 83 2
292 83 2
293 83 2
294 83 2
287 84 2
288 84 2
289 84 2
290 84 2
291 84 2
292 84 2
293 84 2
294 84 2
287 85 2
288 85 2
289 85 2
290 85 2
291 85 2
292 85 2
293 85 2
294 85 2
295 85 2
296 85 2
287 86 2
288 86 2
289 86 2
290 86 2
291 86 2
292 86 2
293 86 2
294 86 2
295 86 2
296 86 2
300 86 2
286 87 2
287 87 2
288 87 2
289 87 2
290 87 2
291 87 2
292 87 2
293 87 2
294 87 2
295 87 2
296 87 2
301 87 2
287 88 2
288 88 2
289 88 2
290 88 2
291 88 2
292 88 2
293 88 2
294 88 2
295 88 2
296 88 2
288 89 2
289 89 2
290 89 2
291 89 2
292 89 2
293 89 2
294 89 2
295 89 2
296 89 2
297 89 2
298 89 2
299 89 2
289 90 2
290 90 2
291 90 2
292 90 2
293 90 2
294 90 2
295 90 2
296 90 2
297 90 2
298 90 2
299 90 2
300 90 2
301 90 2
287 91 2
289 91 2
290 91 2
291 91 2
292 91 2
293 91 2
294 91 2
295 91 2
296 91 2
297 91 2
298 91 2
299 91 2
300 91 2
290 92 2
291 92 2
292 92 2
293 92 2
294 92 2
295 92 2
296 92 2
297 92 2
298 92 2
299 92 2
300 92 2
301 92 2
291 93 2
292 93 2
293 93 2
294 93 2
295 93 2
296 93 2
297 93 2
298 93 2
299 93 2
300 93 2
301 93 2
302 93 2
303 93 2
304 93 2
293 94 2
294 94 2
295 94 2
296 94 2
297 94 2
298 94 2
299 94 2
300 94 2
301 94 2
302 94 2
303 94 2
304 94 2
305 94 2
306 94 2
307 94 2
294 95 2
295 95 2
296 95 2
297 95 2
298 95 2
299 95 2
300 95 2
301 95 2
302 95 2
303 95 2
304 95 2
306 95 2
307 95 2
308 95 2
309 95 2
293 96 2
294 96 2
295 96 2
296 96 2
297 96 2
298 96 2
299 96 2
300 96 2
301 96 2
302 96 2
303 96 2
304 96 2
305 96 2
306 96 2
307 96 2
308 96 2
309 96 2
310 96 2
295 97 2
296 97 2
297 97 2
298 97 2
299 97 2
300 97 2
301 97 2
302 97 2
303 97 2
304 97 2
305 97 2
306 97 2
307 97 2
309 97 2
310 97 2
311 97 2
291 98 2
297 98 2
298 98 2
299 98 2
300 98 2
301 98 2
302 98 2
303 98 2
304 98 2
305 98 2
306 98 2
307 98 2
310 98 2
299 99 2
300 99 2
301 99 2
302 99 2
303 99 2
304 99 2
305 99 2
306 99 2
307 99 2
308 99 2
299 100 2
300 100 2
301 100 2
302 100 2
303 100 2
304 100 2
305 100 2
306 100 2
309 100 2
306 101 2
309 101 2
309 102 2
306 10 3
307 10 3
308 10 3
309 10 3
307 11 3
308 11 3
299 14 3
324 14 3
325 14 3
326 14 3
299 15 3
300 15 3
301 15 3
306 15 3
307 15 3
324 15 3
325 15 3
326 15 3
306 16 3
307 16 3
308 16 3
314 30 3
317 30 3
311 31 3
312 31 3
310 32 3
311 32 3
312 32 3
320 32 3
309 33 3
310 33 3
311 33 3
322 33 3
309 34 3
310 34 3
319 34 3
320 34 3
322 34 3
323 34 3
308 35 3
309 35 3
319 35 3
320 35 3
323 35 3
324 35 3
307 36 3
308 36 3
309 36 3
317 36 3
318 36 3
319 36 3
323 36 3
324 36 3
307 37 3
308 37 3
309 37 3
315 37 3
316 37 3
317 37 3
318 37 3
324 37 3
325 37 3
306 38 3
307 38 3
308 38 3
314 38 3
315 38 3
316 38 3
324 38 3
325 38 3
326 38 3
305 39 3
306 39 3
307 39 3
308 39 3
313 39 3
314 39 3
315 39 3
324 39 3
325 39 3
326 39 3
305 40 3
306 40 3
307 40 3
308 40 3
312 40 3
313 40 3
314 40 3
315 40 3
318 40 3
324 40 3
325 40 3
326 40 3
305 41 3
306 41 3
307 41 3
309 41 3
312 41 3
313 41 3
316 41 3
317 41 3
318 41 3
322 41 3
323 41 3
324 41 3
325 41 3
326 41 3
327 41 3
305 42 3
306 42 3
307 42 3
308 42 3
311 42 3
312 42 3
313 42 3
316 42 3
320 42 3
321 42 3
322 42 3
324 42 3
325 42 3
326 42 3
327 42 3
305 43 3
306 43 3
307 43 3
318 43 3
319 43 3
320 43 3
321 43 3
322 43 3
325 43 3
326 43 3
327 43 3
306 44 3
307 44 3
308 44 3
323 44 3
324 44 3
325 44 3
326 44 3
327 44 3
306 45 3
307 45 3
308 45 3
323 45 3
324 45 3
325 45 3
326 45 3
327 45 3
305 46 3
306 46 3
310 46 3
319 46 3
323 46 3
324 46 3
325 46 3
326 46 3
327 46 3
305 47 3
306 47 3
308 47 3
310 47 3
311 47 3
323 47 3
324 47 3
325 47 3
326 47 3
327 47 3
304 48 3
305 48 3
306 48 3
308 48 3
309 48 3
310 48 3
311 48 3
322 48 3
323 48 3
326 48 3
327 48 3
304 49 3
305 49 3
322 49 3
323 49 3
327 49 3
303 50 3
304 50 3
305 50 3
308 50 3
322 50 3
323 50 3
327 50 3
302 51 3
303 51 3
304 51 3
321 51 3
322 51 3
328 51 3
300 52 3
301 52 3
302 52 3
303 52 3
320 52 3
321 52 3
328 52 3
300 53 3
301 53 3
302 53 3
303 53 3
319 53 3
320 53 3
321 53 3
328 53 3
329 53 3
298 54 3
299 54 3
300 54 3
301 54 3
302 54 3
303 54 3
314 54 3
319 54 3
327 54 3
328 54 3
331 54 3
297 55 3
298 55 3
299 55 3
300 55 3
301 55 3
302 55 3
317 55 3
318 55 3
328 55 3
331 55 3
298 56 3
299 56 3
300 56 3
301 56 3
323 56 3
328 56 3
329 56 3
331 56 3
332 56 3
300 57 3
301 57 3
313 57 3
323 57 3
330 57 3
331 57 3
332 57 3
323 58 3
331 58 3
332 58 3
294 59 3
318 59 3
319 59 3
322 59 3
327 59 3
332 59 3
333 59 3
314 60 3
318 60 3
327 60 3
332 60 3
333 60 3
317 61 3
318 61 3
327 61 3
333 61 3
317 62 3
320 62 3
322 62 3
330 62 3
331 62 3
333 62 3
334 62 3
317 63 3
320 63 3
329 63 3
330 63 3
333 63 3
334 63 3
335 63 3
317 64 3
318 64 3
319 64 3
320 64 3
330 64 3
331 64 3
334 64 3
335 64 3
318 65 3
334 65 3
335 65 3
302 66 3
334 66 3
335 66 3
334 67 3
335 67 3
315 68 3
335 68 3
336 68 3
314 69 3
315 69 3
316 69 3
335 69 3
313 70 3
314 70 3
315 70 3
316 70 3
317 70 3
318 70 3
335 70 3
336 70 3
304 71 3
312 71 3
313 71 3
314 71 3
315 71 3
316 71 3
317 71 3
318 71 3
319 71 3
335 71 3
336 71 3
308 72 3
309 72 3
310 72 3
311 72 3
312 72 3
313 72 3
314 72 3
315 72 3
316 72 3
317 72 3
318 72 3
319 72 3
307 73 3
308 73 3
309 73 3
310 73 3
311 73 3
312 73 3
313 73 3
314 73 3
316 73 3
317 73 3
318 73 3
319 73 3
321 73 3
322 73 3
323 73 3
324 73 3
307 74 3
308 74 3
309 74 3
310 74 3
311 74 3
312 74 3
313 74 3
314 74 3
315 74 3
316 74 3
318 74 3
319 74 3
320 74 3
321 74 3
322 74 3
323 74 3
324 74 3
325 74 3
307 75 3
308 75 3
309 75 3
310 75 3
311 75 3
312 75 3
313 75 3
314 75 3
315 75 3
316 75 3
317 75 3
318 75 3
319 75 3
320 75 3
321 75 3
322 75 3
323 75 3
324 75 3
325 75 3
310 76 3
311 76 3
312 76 3
313 76 3
314 76 3
315 76 3
316 76 3
317 76 3
318 76 3
319 76 3
320 76 3
314 77 3
315 77 3
316 77 3
317 77 3
318 77 3
319 77 3
314 78 3
315 78 3
316 78 3
317 78 3
318 78 3
319 78 3
315 79 3
316 79 3
317 79 3
318 79 3
316 80 3
317 80 3
336 82 3
327 83 3
336 83 3
337 83 3
311 96 4
312 97 4
313 97 4
317 97 4
318 97 4
319 97 4
311 98 4
316 98 4
317 98 4
318 98 4
319 98 4
326 98 4
310 99 4
311 99 4
312 99 4
315 99 4
316 99 4
317 99 4
318 99 4
326 99 4
310 100 4
311 100 4
312 100 4
314 100 4
315 100 4
316 100 4
317 100 4
325 100 4
326 100 4
310 101 4
311 101 4
312 101 4
313 101 4
314 101 4
315 101 4
316 101 4
317 101 4
318 101 4
324 101 4
325 101 4
312 102 4
313 102 4
314 102 4
315 102 4
316 102 4
317 102 4
318 102 4
319 102 4
324 102 4
325 102 4
310 103 4
311 103 4
312 103 4
313 103 4
314 103 4
315 103 4
316 103 4
317 103 4
318 103 4
319 103 4
324 103 4
311 104 4
312 104 4
313 104 4
314 104 4
315 104 4
316 104 4
317 104 4
318 104 4
323 104 4
324 104 4
312 105 4
313 105 4
314 105 4
315 105 4
316 105 4
317 105 4
323 105 4
324 105 4
296 86 5
297 89 5
292 90 5
297 90 5
297 91 5
297 92 5
296 93 5
297 93 5
296 94 5
297 94 5
296 95 5
297 95 5
297 96 5
296 97 5
296 98 5
296 99 5
296 101 5
