95 6 0
387 6 0
443 6 0
95 7 0
387 7 0
151 12 0
173 13 0
174 13 0
622 13 0
44 14 0
45 14 0
173 14 0
174 14 0
449 14 0
592 14 0
453 17 0
454 17 0
512 17 0
515 17 0
358 18 0
359 18 0
369 18 0
515 18 0
516 18 0
358 19 0
359 19 0
369 19 0
561 19 0
562 19 0
561 20 0
562 20 0
392 21 0
406 21 0
151 22 0
151 23 0
238 23 0
453 23 0
363 24 0
364 24 0
363 25 0
364 25 0
590 26 0
591 26 0
602 26 0
590 27 0
591 27 0
238 28 0
346 28 0
408 28 0
352 29 0
178 31 0
178 32 0
179 32 0
365 32 0
49 33 0
50 33 0
365 33 0
366 33 0
49 34 0
50 34 0
583 34 0
584 34 0
187 36 0
204 39 0
571 39 0
572 39 0
571 40 0
572 40 0
630 41 0
631 41 0
589 42 0
108 43 0
109 43 0
488 43 0
489 43 0
589 43 0
488 44 0
489 44 0
126 45 0
529 45 0
530 45 0
186 46 0
187 46 0
514 46 0
515 46 0
530 46 0
186 47 0
406 47 0
497 48 0
497 49 0
183 52 0
497 53 0
431 54 0
405 55 0
409 55 0
53 56 0
54 56 0
63 56 0
382 56 0
383 56 0
63 57 0
382 57 0
383 57 0
618 57 0
619 57 0
129 58 0
153 58 0
154 58 0
180 58 0
618 58 0
619 58 0
219 61 0
217 65 0
217 66 0
624 66 0
624 67 0
404 69 0
221 71 0
404 73 0
482 74 0
223 75 0
224 75 0
385 75 0
482 75 0
483 75 0
194 76 0
195 76 0
385 76 0
386 76 0
194 77 0
457 79 0
259 81 0
260 81 0
445 81 0
199 82 0
445 82 0
213 85 0
277 85 0
278 85 0
515 85 0
516 85 0
213 86 0
214 86 0
277 86 0
278 86 0
511 87 0
511 88 0
137 91 0
139 91 0
562 92 0
352 94 0
390 97 0
523 97 0
125 98 0
221 99 0
222 99 0
596 99 0
597 99 0
221 100 0
222 100 0
31 101 0
32 101 0
139 101 0
251 101 0
252 101 0
566 101 0
6 102 0
7 102 0
31 102 0
32 102 0
7 103 0
209 103 0
210 103 0
626 103 0
209 104 0
210 104 0
140 105 0
18 106 0
96 106 0
244 106 0
494 106 0
495 106 0
96 107 0
494 107 0
495 107 0
171 108 0
236 108 0
60 112 0
31 113 0
32 113 0
60 113 0
31 114 0
32 114 0
367 114 0
438 114 0
437 115 0
438 115 0
458 115 0
209 116 0
117 120 0
145 121 0
5 122 0
6 122 0
560 124 0
612 124 0
613 124 0
445 125 0
612 125 0
613 125 0
200 127 0
201 127 0
633 127 0
157 128 0
200 128 0
201 128 0
157 129 0
109 131 0
356 131 0
404 131 0
74 133 0
375 133 0
74 134 0
599 134 0
600 134 0
207 135 0
511 135 0
206 136 0
207 136 0
424 137 0
425 137 0
445 137 0
446 137 0
445 138 0
446 138 0
482 139 0
381 140 0
381 141 0
408 141 0
422 141 0
445 141 0
446 141 0
620 141 0
621 141 0
151 142 0
445 142 0
446 142 0
513 142 0
523 142 0
150 143 0
151 143 0
130 148 0
146 148 0
147 148 0
628 148 0
130 149 0
218 149 0
431 149 0
433 149 0
434 149 0
522 149 0
457 150 0
561 155 0
210 156 0
211 156 0
561 156 0
570 156 0
571 156 0
210 157 0
385 157 0
402 157 0
484 157 0
570 157 0
470 158 0
471 158 0
484 158 0
470 159 0
471 159 0
484 159 0
263 162 0
458 162 0
186 163 0
263 163 0
344 163 0
268 164 0
269 164 0
344 164 0
51 165 0
404 165 0
405 165 0
51 166 0
336 169 0
274 170 0
336 170 0
89 171 0
571 173 0
609 173 0
283 175 0
286 175 0
286 176 0
72 178 0
73 178 0
72 179 0
73 179 0
95 181 0
157 181 0
158 181 0
95 182 0
158 182 0
343 182 0
80 183 0
81 183 0
207 183 0
312 183 0
343 183 0
344 183 0
310 184 0
311 184 0
312 184 0
584 184 0
310 185 0
311 185 0
312 185 0
321 185 0
584 185 0
310 186 0
311 186 0
312 186 0
320 186 0
321 186 0
244 187 0
252 187 0
253 187 0
294 187 0
311 187 0
312 187 0
320 187 0
321 187 0
476 187 0
309 188 0
311 188 0
312 188 0
320 188 0
321 188 0
13 189 0
309 189 0
310 189 0
311 189 0
312 189 0
320 189 0
321 189 0
309 190 0
310 190 0
311 190 0
320 190 0
321 190 0
307 191 0
308 191 0
309 191 0
310 191 0
311 191 0
320 191 0
321 191 0
307 192 0
308 192 0
309 192 0
311 192 0
312 192 0
320 192 0
321 192 0
305 193 0
307 193 0
308 193 0
309 193 0
310 193 0
311 193 0
312 193 0
254 194 0
307 194 0
310 194 0
311 194 0
312 194 0
369 195 0
370 195 0
333 196 0
369 196 0
370 196 0
146 197 0
147 197 0
333 197 0
334 197 0
524 197 0
146 198 0
147 198 0
182 198 0
222 198 0
323 198 0
349 198 0
350 198 0
390 198 0
391 198 0
464 198 0
524 198 0
2 199 0
3 199 0
390 199 0
391 199 0
2 200 0
3 200 0
45 200 0
262 201 0
104 204 0
222 205 0
320 205 0
321 205 0
322 205 0
323 205 0
208 206 0
222 206 0
222 207 0
222 208 0
276 208 0
276 209 0
243 210 0
470 210 0
470 211 0
274 213 0
239 214 0
483 214 0
483 215 0
376 216 0
153 217 0
479 217 0
480 217 0
325 218 0
442 218 0
443 218 0
479 218 0
480 218 0
442 219 0
443 219 0
401 220 0
350 221 0
28 222 0
378 222 0
379 222 0
287 223 0
343 223 0
102 225 0
118 225 0
102 226 0
138 231 0
300 231 0
306 232 0
291 233 0
273 234 0
389 234 0
390 234 0
527 234 0
484 235 0
527 235 0
528 235 0
264 236 0
159 237 0
266 237 0
529 237 0
530 237 0
325 238 0
614 240 0
615 240 0
291 242 0
357 243 0
146 244 0
147 244 0
185 244 0
619 244 0
172 245 0
181 245 0
182 245 0
183 245 0
187 245 0
200 245 0
249 245 0
619 245 0
332 246 0
272 247 0
435 247 0
51 248 0
90 249 0
274 249 0
329 249 0
62 250 0
90 250 0
159 250 0
175 250 0
532 250 0
62 251 0
532 251 0
273 252 0
408 252 0
458 252 0
465 252 0
466 252 0
273 253 0
422 253 0
423 253 0
466 253 0
202 254 0
203 254 0
354 254 0
527 258 0
233 263 0
234 263 0
593 264 0
633 264 0
634 264 0
75 265 0
76 265 0
593 265 0
602 265 0
330 266 0
493 266 0
601 266 0
602 266 0
402 269 0
85 270 0
86 270 0
177 271 0
323 271 0
339 271 0
386 271 0
177 272 0
10 273 0
9 274 0
10 274 0
334 274 0
507 274 0
123 275 0
497 275 0
519 275 0
520 275 0
354 276 0
519 276 0
520 276 0
316 277 0
347 279 0
348 279 0
266 280 0
347 280 0
222 284 0
331 284 0
609 284 0
610 284 0
249 288 0
487 288 0
488 288 0
259 289 0
270 289 0
429 289 0
487 289 0
488 289 0
429 290 0
138 292 0
162 292 0
48 293 0
264 293 0
268 293 0
235 294 0
258 294 0
267 294 0
258 295 0
260 295 0
267 295 0
230 296 0
258 296 0
260 296 0
271 297 0
151 298 0
255 298 0
255 299 0
136 300 0
137 300 0
137 301 0
378 301 0
379 301 0
546 301 0
162 302 0
255 302 0
378 302 0
379 302 0
376 303 0
584 303 0
376 304 0
254 305 0
251 306 0
255 306 0
382 306 0
383 306 0
396 306 0
181 307 0
182 307 0
241 307 0
242 307 0
382 307 0
383 307 0
396 307 0
49 308 0
222 308 0
223 308 0
241 308 0
242 308 0
222 309 0
223 309 0
271 310 0
271 311 0
390 311 0
416 311 0
421 311 0
251 312 0
394 312 0
414 312 0
394 313 0
395 313 0
108 314 0
109 314 0
161 314 0
162 314 0
261 314 0
333 314 0
334 314 0
162 315 0
333 315 0
334 315 0
14 316 0
15 316 0
628 316 0
629 316 0
14 317 0
15 317 0
331 317 0
332 317 0
58 318 0
59 318 0
331 318 0
59 319 0
424 319 0
577 320 0
578 320 0
569 322 0
591 322 0
569 323 0
570 323 0
591 323 0
214 325 0
443 325 0
444 325 0
341 326 0
443 326 0
444 326 0
191 327 0
192 327 0
341 327 0
342 327 0
29 328 0
30 328 0
101 330 0
378 330 0
446 330 0
447 330 0
179 331 0
179 332 0
606 333 0
607 333 0
612 335 0
613 335 0
434 336 0
482 336 0
612 336 0
613 336 0
115 337 0
173 338 0
173 339 0
636 339 0
236 341 0
599 341 0
600 341 0
266 342 0
302 342 0
599 342 0
265 343 0
266 343 0
523 343 0
524 343 0
340 344 0
341 344 0
523 344 0
524 344 0
587 344 0
141 345 0
412 345 0
141 346 0
194 346 0
195 346 0
54 347 0
194 347 0
195 347 0
149 348 0
150 348 0
149 349 0
150 349 0
158 349 0
72 350 0
73 350 0
152 350 0
152 351 0
298 353 0
127 354 0
102 355 0
102 358 0
379 358 0
451 358 0
452 358 0
451 359 0
452 359 0
421 360 0
542 360 0
543 360 0
420 361 0
421 361 0
542 361 0
543 361 0
378 363 0
379 363 0
29 366 0
593 366 0
29 367 0
295 367 0
593 367 0
280 368 0
295 368 0
310 368 0
280 369 0
310 369 0
311 369 0
424 369 0
423 370 0
424 370 0
423 371 0
571 372 0
572 372 0
18 375 0
191 376 0
543 376 0
544 376 0
395 378 0
476 380 0
578 380 0
218 381 0
219 381 0
218 382 0
219 382 0
517 383 0
390 385 0
450 386 0
10 387 0
10 388 0
47 388 0
48 388 0
624 388 0
47 389 0
48 389 0
295 389 0
424 389 0
425 389 0
624 389 0
237 390 0
288 390 0
289 390 0
295 390 0
425 390 0
289 391 0
117 392 0
24 393 0
46 395 0
443 395 0
371 396 0
372 396 0
371 397 0
372 397 0
303 398 0
241 399 0
303 399 0
304 399 0
423 399 0
466 399 0
467 399 0
443 400 0
444 400 0
467 400 0
443 401 0
444 401 0
95 403 0
150 403 0
151 403 0
267 403 0
268 403 0
150 404 0
151 404 0
498 405 0
49 407 0
535 407 0
395 411 0
347 412 0
149 413 0
263 414 0
264 414 0
300 420 0
438 420 0
439 420 0
37 421 0
38 421 0
37 422 0
38 422 0
89 422 0
46 423 0
89 423 0
90 423 0
221 423 0
363 423 0
460 425 0
104 426 0
105 426 0
144 426 0
105 427 0
144 427 0
92 428 0
93 428 0
316 428 0
317 428 0
295 429 0
316 429 0
317 429 0
606 429 0
192 430 0
193 430 0
606 430 0
192 431 0
193 431 0
629 432 0
630 432 0
420 434 0
505 434 0
420 435 0
183 436 0
23 437 0
23 438 0
48 439 0
160 440 0
161 440 0
55 442 0
178 442 0
177 443 0
178 443 0
295 445 0
443 451 0
498 451 0
499 451 0
208 452 0
327 452 0
423 456 0
181 457 0
334 457 0
335 457 0
422 457 0
423 457 0
334 458 0
335 458 0
343 462 0
374 463 0
220 464 0
220 465 0
221 465 0
240 471 0
125 475 0
125 476 0
126 476 0
472 476 0
295 477 0
472 477 0
295 478 0
414 478 0
308 10 1
307 11 1
308 11 1
258 12 1
306 12 1
307 12 1
300 15 1
301 15 1
325 15 1
326 15 1
300 16 1
308 16 1
324 16 1
325 16 1
306 17 1
307 17 1
308 17 1
323 17 1
324 17 1
306 18 1
307 18 1
318 30 1
319 30 1
320 30 1
321 30 1
319 31 1
320 31 1
321 31 1
322 31 1
323 31 1
322 32 1
323 32 1
324 32 1
323 33 1
324 33 1
325 33 1
311 34 1
324 34 1
325 34 1
326 34 1
311 35 1
324 35 1
325 35 1
326 35 1
327 35 1
310 36 1
318 36 1
324 36 1
325 36 1
326 36 1
327 36 1
309 37 1
310 37 1
325 37 1
326 37 1
327 37 1
328 37 1
309 38 1
310 38 1
326 38 1
327 38 1
328 38 1
308 39 1
309 39 1
316 39 1
326 39 1
327 39 1
328 39 1
329 39 1
308 40 1
309 40 1
311 40 1
326 40 1
327 40 1
328 40 1
329 40 1
307 41 1
308 41 1
309 41 1
310 41 1
311 41 1
312 41 1
313 41 1
319 41 1
320 41 1
321 41 1
322 41 1
325 41 1
326 41 1
327 41 1
328 41 1
329 41 1
307 42 1
308 42 1
309 42 1
310 42 1
312 42 1
327 42 1
328 42 1
329 42 1
307 43 1
308 43 1
309 43 1
310 43 1
317 43 1
318 43 1
319 43 1
320 43 1
321 43 1
324 43 1
325 43 1
327 43 1
328 43 1
329 43 1
307 44 1
308 44 1
309 44 1
319 44 1
320 44 1
321 44 1
324 44 1
325 44 1
326 44 1
327 44 1
328 44 1
307 45 1
308 45 1
309 45 1
310 45 1
324 45 1
325 45 1
326 45 1
327 45 1
328 45 1
307 46 1
308 46 1
310 46 1
311 46 1
312 46 1
313 46 1
323 46 1
324 46 1
325 46 1
326 46 1
327 46 1
328 46 1
307 47 1
308 47 1
310 47 1
311 47 1
312 47 1
313 47 1
318 47 1
319 47 1
322 47 1
323 47 1
324 47 1
325 47 1
326 47 1
327 47 1
328 47 1
306 48 1
307 48 1
308 48 1
310 48 1
313 48 1
314 48 1
325 48 1
326 48 1
327 48 1
328 48 1
306 49 1
307 49 1
309 49 1
313 49 1
314 49 1
324 49 1
325 49 1
326 49 1
327 49 1
328 49 1
329 49 1
306 50 1
314 50 1
315 50 1
324 50 1
325 50 1
326 50 1
327 50 1
328 50 1
329 50 1
306 51 1
315 51 1
316 51 1
324 51 1
327 51 1
328 51 1
329 51 1
330 51 1
304 52 1
305 52 1
315 52 1
316 52 1
317 52 1
318 52 1
322 52 1
323 52 1
324 52 1
329 52 1
330 52 1
303 53 1
304 53 1
305 53 1
316 53 1
317 53 1
318 53 1
319 53 1
320 53 1
321 53 1
324 53 1
328 53 1
329 53 1
330 53 1
304 54 1
305 54 1
329 54 1
330 54 1
331 54 1
303 55 1
304 55 1
305 55 1
317 55 1
330 55 1
331 55 1
303 56 1
304 56 1
317 56 1
322 56 1
330 56 1
331 56 1
332 56 1
303 57 1
315 57 1
322 57 1
331 57 1
332 57 1
333 57 1
303 58 1
322 58 1
329 58 1
332 58 1
333 58 1
334 58 1
298 59 1
303 59 1
305 59 1
306 59 1
333 59 1
334 59 1
335 59 1
297 60 1
304 60 1
305 60 1
307 60 1
325 60 1
334 60 1
335 60 1
336 60 1
296 61 1
297 61 1
304 61 1
305 61 1
308 61 1
321 61 1
329 61 1
333 61 1
334 61 1
335 61 1
336 61 1
337 61 1
306 62 1
331 62 1
332 62 1
335 62 1
336 62 1
337 62 1
320 63 1
331 63 1
332 63 1
336 63 1
337 63 1
338 63 1
306 64 1
320 64 1
321 64 1
332 64 1
337 64 1
338 64 1
296 65 1
320 65 1
321 65 1
324 65 1
332 65 1
337 65 1
338 65 1
296 66 1
305 66 1
321 66 1
322 66 1
328 66 1
332 66 1
334 66 1
337 66 1
338 66 1
306 67 1
308 67 1
314 67 1
337 67 1
338 67 1
300 68 1
304 68 1
306 68 1
337 68 1
338 68 1
300 69 1
303 69 1
304 69 1
306 69 1
318 69 1
319 69 1
337 69 1
338 69 1
339 69 1
298 70 1
300 70 1
303 70 1
306 70 1
307 70 1
318 70 1
319 70 1
320 70 1
321 70 1
337 70 1
338 70 1
339 70 1
301 71 1
306 71 1
307 71 1
317 71 1
318 71 1
319 71 1
320 71 1
321 71 1
322 71 1
337 71 1
338 71 1
339 71 1
299 72 1
301 72 1
302 72 1
305 72 1
307 72 1
315 72 1
316 72 1
317 72 1
318 72 1
319 72 1
320 72 1
321 72 1
322 72 1
337 72 1
338 72 1
339 72 1
299 73 1
302 73 1
305 73 1
308 73 1
312 73 1
313 73 1
314 73 1
316 73 1
317 73 1
318 73 1
319 73 1
320 73 1
321 73 1
322 73 1
323 73 1
337 73 1
338 73 1
339 73 1
284 74 1
297 74 1
298 74 1
299 74 1
300 74 1
301 74 1
302 74 1
307 74 1
312 74 1
313 74 1
314 74 1
315 74 1
316 74 1
317 74 1
318 74 1
319 74 1
320 74 1
321 74 1
322 74 1
323 74 1
324 74 1
325 74 1
326 74 1
327 74 1
328 74 1
329 74 1
337 74 1
338 74 1
339 74 1
298 75 1
299 75 1
300 75 1
301 75 1
302 75 1
305 75 1
311 75 1
312 75 1
313 75 1
314 75 1
315 75 1
316 75 1
317 75 1
318 75 1
321 75 1
322 75 1
323 75 1
324 75 1
325 75 1
326 75 1
327 75 1
328 75 1
329 75 1
337 75 1
297 76 1
298 76 1
299 76 1
300 76 1
301 76 1
302 76 1
303 76 1
309 76 1
310 76 1
311 76 1
312 76 1
313 76 1
314 76 1
315 76 1
316 76 1
317 76 1
318 76 1
319 76 1
320 76 1
321 76 1
322 76 1
323 76 1
324 76 1
325 76 1
326 76 1
327 76 1
328 76 1
337 76 1
339 76 1
296 77 1
297 77 1
298 77 1
299 77 1
300 77 1
301 77 1
302 77 1
303 77 1
311 77 1
312 77 1
313 77 1
317 77 1
318 77 1
319 77 1
320 77 1
321 77 1
322 77 1
339 77 1
296 78 1
297 78 1
298 78 1
299 78 1
300 78 1
302 78 1
303 78 1
317 78 1
318 78 1
319 78 1
320 78 1
321 78 1
322 78 1
323 78 1
337 78 1
339 78 1
340 78 1
296 79 1
297 79 1
298 79 1
299 79 1
301 79 1
302 79 1
303 79 1
304 79 1
318 79 1
319 79 1
320 79 1
321 79 1
322 79 1
323 79 1
339 79 1
340 79 1
296 80 1
297 80 1
298 80 1
299 80 1
301 80 1
302 80 1
303 80 1
304 80 1
306 80 1
318 80 1
319 80 1
320 80 1
321 80 1
336 80 1
339 80 1
340 80 1
297 81 1
298 81 1
299 81 1
300 81 1
302 81 1
303 81 1
304 81 1
305 81 1
319 81 1
320 81 1
321 81 1
336 81 1
339 81 1
340 81 1
297 82 1
298 82 1
299 82 1
301 82 1
302 82 1
303 82 1
304 82 1
305 82 1
336 82 1
337 82 1
340 82 1
344 82 1
297 83 1
298 83 1
299 83 1
300 83 1
301 83 1
302 83 1
303 83 1
304 83 1
305 83 1
306 83 1
337 83 1
339 83 1
340 83 1
297 84 1
298 84 1
299 84 1
300 84 1
301 84 1
302 84 1
303 84 1
304 84 1
305 84 1
306 84 1
329 84 1
336 84 1
340 84 1
341 84 1
297 85 1
298 85 1
299 85 1
300 85 1
301 85 1
302 85 1
303 85 1
304 85 1
305 85 1
306 85 1
328 85 1
336 85 1
340 85 1
341 85 1
295 86 1
298 86 1
299 86 1
300 86 1
301 86 1
302 86 1
303 86 1
304 86 1
305 86 1
306 86 1
307 86 1
313 86 1
336 86 1
340 86 1
341 86 1
295 87 1
298 87 1
299 87 1
300 87 1
301 87 1
302 87 1
303 87 1
304 87 1
305 87 1
306 87 1
307 87 1
308 87 1
309 87 1
336 87 1
340 87 1
341 87 1
295 88 1
300 88 1
301 88 1
302 88 1
303 88 1
304 88 1
305 88 1
306 88 1
307 88 1
308 88 1
309 88 1
331 88 1
336 88 1
341 88 1
295 89 1
296 89 1
300 89 1
301 89 1
302 89 1
303 89 1
304 89 1
305 89 1
306 89 1
307 89 1
308 89 1
309 89 1
310 89 1
335 89 1
336 89 1
341 89 1
295 90 1
296 90 1
301 90 1
302 90 1
303 90 1
304 90 1
305 90 1
306 90 1
307 90 1
308 90 1
309 90 1
310 90 1
311 90 1
312 90 1
313 90 1
319 90 1
320 90 1
335 90 1
336 90 1
341 90 1
296 91 1
302 91 1
303 91 1
304 91 1
305 91 1
306 91 1
307 91 1
308 91 1
309 91 1
310 91 1
311 91 1
312 91 1
313 91 1
314 91 1
317 91 1
320 91 1
335 91 1
336 91 1
341 91 1
296 92 1
297 92 1
304 92 1
305 92 1
306 92 1
307 92 1
308 92 1
309 92 1
310 92 1
311 92 1
312 92 1
313 92 1
314 92 1
315 92 1
316 92 1
319 92 1
320 92 1
321 92 1
327 92 1
335 92 1
341 92 1
342 92 1
296 93 1
297 93 1
298 93 1
305 93 1
306 93 1
307 93 1
308 93 1
309 93 1
310 93 1
311 93 1
312 93 1
313 93 1
314 93 1
315 93 1
316 93 1
317 93 1
318 93 1
320 93 1
321 93 1
322 93 1
327 93 1
335 93 1
341 93 1
342 93 1
295 94 1
296 94 1
297 94 1
298 94 1
308 94 1
309 94 1
310 94 1
311 94 1
312 94 1
313 94 1
314 94 1
315 94 1
316 94 1
317 94 1
318 94 1
319 94 1
320 94 1
323 94 1
324 94 1
331 94 1
332 94 1
333 94 1
335 94 1
336 94 1
342 94 1
297 95 1
298 95 1
299 95 1
309 95 1
310 95 1
311 95 1
312 95 1
313 95 1
314 95 1
315 95 1
316 95 1
317 95 1
318 95 1
319 95 1
320 95 1
321 95 1
324 95 1
325 95 1
326 95 1
327 95 1
331 95 1
332 95 1
335 95 1
336 95 1
342 95 1
299 96 1
300 96 1
311 96 1
312 96 1
313 96 1
314 96 1
315 96 1
316 96 1
317 96 1
318 96 1
319 96 1
320 96 1
321 96 1
322 96 1
323 96 1
326 96 1
327 96 1
328 96 1
331 96 1
332 96 1
333 96 1
335 96 1
336 96 1
342 96 1
299 97 1
300 97 1
313 97 1
314 97 1
315 97 1
316 97 1
317 97 1
318 97 1
319 97 1
320 97 1
321 97 1
322 97 1
323 97 1
324 97 1
328 97 1
329 97 1
330 97 1
331 97 1
332 97 1
333 97 1
334 97 1
335 97 1
336 97 1
342 97 1
343 97 1
299 98 1
300 98 1
315 98 1
316 98 1
317 98 1
318 98 1
319 98 1
320 98 1
321 98 1
322 98 1
323 98 1
324 98 1
328 98 1
329 98 1
330 98 1
331 98 1
332 98 1
333 98 1
334 98 1
335 98 1
336 98 1
342 98 1
343 98 1
299 99 1
300 99 1
303 99 1
317 99 1
318 99 1
319 99 1
320 99 1
321 99 1
322 99 1
323 99 1
324 99 1
328 99 1
329 99 1
333 99 1
334 99 1
335 99 1
336 99 1
342 99 1
343 99 1
299 100 1
300 100 1
302 100 1
303 100 1
304 100 1
319 100 1
320 100 1
321 100 1
322 100 1
323 100 1
324 100 1
329 100 1
333 100 1
334 100 1
335 100 1
336 100 1
342 100 1
343 100 1
299 101 1
300 101 1
301 101 1
302 101 1
323 101 1
324 101 1
326 101 1
330 101 1
331 101 1
333 101 1
334 101 1
335 101 1
336 101 1
338 101 1
342 101 1
343 101 1
299 102 1
300 102 1
301 102 1
302 102 1
333 102 1
334 102 1
335 102 1
336 102 1
338 102 1
342 102 1
343 102 1
299 103 1
300 103 1
301 103 1
332 103 1
333 103 1
334 103 1
335 103 1
336 103 1
342 103 1
343 103 1
344 103 1
298 104 1
299 104 1
300 104 1
301 104 1
332 104 1
333 104 1
334 104 1
335 104 1
336 104 1
342 104 1
343 104 1
344 104 1
299 105 1
300 105 1
301 105 1
331 105 1
332 105 1
333 105 1
334 105 1
335 105 1
336 105 1
342 105 1
343 105 1
344 105 1
299 106 1
300 106 1
301 106 1
306 106 1
322 106 1
331 106 1
332 106 1
333 106 1
334 106 1
335 106 1
336 106 1
342 106 1
343 106 1
344 106 1
299 107 1
300 107 1
301 107 1
306 107 1
322 107 1
323 107 1
327 107 1
331 107 1
332 107 1
333 107 1
334 107 1
335 107 1
336 107 1
337 107 1
343 107 1
344 107 1
292 108 1
299 108 1
300 108 1
301 108 1
323 108 1
324 108 1
333 108 1
334 108 1
335 108 1
336 108 1
337 108 1
342 108 1
343 108 1
344 108 1
300 109 1
301 109 1
305 109 1
313 109 1
314 109 1
323 109 1
324 109 1
333 109 1
334 109 1
335 109 1
336 109 1
337 109 1
342 109 1
343 109 1
344 109 1
300 110 1
301 110 1
311 110 1
312 110 1
313 110 1
314 110 1
324 110 1
332 110 1
333 110 1
334 110 1
335 110 1
336 110 1
341 110 1
342 110 1
343 110 1
344 110 1
300 111 1
301 111 1
311 111 1
312 111 1
324 111 1
333 111 1
334 111 1
335 111 1
336 111 1
343 111 1
344 111 1
300 112 1
301 112 1
333 112 1
334 112 1
335 112 1
336 112 1
337 112 1
343 112 1
344 112 1
352 112 1
300 113 1
301 113 1
302 113 1
315 113 1
333 113 1
334 113 1
335 113 1
336 113 1
337 113 1
342 113 1
343 113 1
350 113 1
351 113 1
352 113 1
300 114 1
301 114 1
302 114 1
318 114 1
333 114 1
334 114 1
336 114 1
337 114 1
341 114 1
342 114 1
343 114 1
349 114 1
350 114 1
300 115 1
301 115 1
333 115 1
334 115 1
336 115 1
337 115 1
338 115 1
339 115 1
340 115 1
341 115 1
342 115 1
343 115 1
344 115 1
300 116 1
301 116 1
302 116 1
332 116 1
333 116 1
334 116 1
336 116 1
337 116 1
338 116 1
339 116 1
340 116 1
341 116 1
342 116 1
343 116 1
344 116 1
299 117 1
300 117 1
301 117 1
332 117 1
333 117 1
334 117 1
336 117 1
337 117 1
338 117 1
339 117 1
340 117 1
341 117 1
342 117 1
343 117 1
300 118 1
301 118 1
302 118 1
332 118 1
333 118 1
334 118 1
337 118 1
338 118 1
339 118 1
340 118 1
341 118 1
342 118 1
343 118 1
300 119 1
301 119 1
302 119 1
330 119 1
333 119 1
334 119 1
336 119 1
337 119 1
338 119 1
339 119 1
340 119 1
341 119 1
342 119 1
300 120 1
301 120 1
331 120 1
333 120 1
334 120 1
335 120 1
336 120 1
337 120 1
338 120 1
339 120 1
340 120 1
341 120 1
300 121 1
301 121 1
315 121 1
331 121 1
333 121 1
334 121 1
337 121 1
300 122 1
301 122 1
316 122 1
330 122 1
331 122 1
332 122 1
334 122 1
300 123 1
302 123 1
303 123 1
306 123 1
307 123 1
308 123 1
309 123 1
330 123 1
331 123 1
332 123 1
302 124 1
303 124 1
308 124 1
328 124 1
329 124 1
330 124 1
331 124 1
332 124 1
302 125 1
303 125 1
306 125 1
316 125 1
317 125 1
328 125 1
329 125 1
330 125 1
331 125 1
302 126 1
303 126 1
304 126 1
316 126 1
317 126 1
322 126 1
328 126 1
329 126 1
330 126 1
331 126 1
302 127 1
303 127 1
304 127 1
316 127 1
317 127 1
326 127 1
328 127 1
329 127 1
330 127 1
331 127 1
303 128 1
304 128 1
316 128 1
317 128 1
322 128 1
328 128 1
329 128 1
330 128 1
331 128 1
303 129 1
304 129 1
316 129 1
317 129 1
318 129 1
321 129 1
328 129 1
329 129 1
330 129 1
331 129 1
304 130 1
305 130 1
316 130 1
317 130 1
318 130 1
328 130 1
329 130 1
330 130 1
331 130 1
304 131 1
311 131 1
316 131 1
317 131 1
318 131 1
327 131 1
328 131 1
329 131 1
330 131 1
331 131 1
304 132 1
305 132 1
317 132 1
318 132 1
320 132 1
327 132 1
328 132 1
329 132 1
330 132 1
304 133 1
305 133 1
306 133 1
316 133 1
317 133 1
318 133 1
329 133 1
330 133 1
305 134 1
306 134 1
307 134 1
317 134 1
318 134 1
320 134 1
328 134 1
329 134 1
330 134 1
305 135 1
306 135 1
317 135 1
318 135 1
320 135 1
327 135 1
328 135 1
329 135 1
330 135 1
306 136 1
317 136 1
318 136 1
319 136 1
321 136 1
328 136 1
329 136 1
330 136 1
306 137 1
318 137 1
319 137 1
321 137 1
328 137 1
329 137 1
330 137 1
313 138 1
314 138 1
317 138 1
318 138 1
319 138 1
327 138 1
328 138 1
329 138 1
330 138 1
307 139 1
313 139 1
315 139 1
317 139 1
318 139 1
319 139 1
320 139 1
328 139 1
329 139 1
307 140 1
313 140 1
315 140 1
318 140 1
319 140 1
320 140 1
327 140 1
328 140 1
329 140 1
307 141 1
317 141 1
319 141 1
320 141 1
327 141 1
328 141 1
329 141 1
308 142 1
313 142 1
319 142 1
320 142 1
327 142 1
328 142 1
329 142 1
308 143 1
318 143 1
319 143 1
320 143 1
327 143 1
328 143 1
329 143 1
308 144 1
309 144 1
312 144 1
319 144 1
320 144 1
321 144 1
326 144 1
327 144 1
328 144 1
308 145 1
310 145 1
313 145 1
314 145 1
315 145 1
316 145 1
319 145 1
323 145 1
326 145 1
327 145 1
328 145 1
308 146 1
309 146 1
310 146 1
311 146 1
314 146 1
316 146 1
317 146 1
319 146 1
320 146 1
321 146 1
323 146 1
324 146 1
326 146 1
327 146 1
328 146 1
309 147 1
310 147 1
312 147 1
313 147 1
314 147 1
318 147 1
320 147 1
321 147 1
324 147 1
325 147 1
326 147 1
327 147 1
328 147 1
319 148 1
320 148 1
321 148 1
325 148 1
326 148 1
327 148 1
310 149 1
314 149 1
316 149 1
319 149 1
320 149 1
321 149 1
324 149 1
325 149 1
326 149 1
327 149 1
321 150 1
324 150 1
325 150 1
326 150 1
327 150 1
320 151 1
321 151 1
322 151 1
324 151 1
325 151 1
326 151 1
327 151 1
315 152 1
319 152 1
320 152 1
321 152 1
322 152 1
323 152 1
324 152 1
325 152 1
326 152 1
310 153 1
315 153 1
316 153 1
317 153 1
319 153 1
320 153 1
323 153 1
324 153 1
325 153 1
326 153 1
327 153 1
310 154 1
311 154 1
314 154 1
315 154 1
316 154 1
318 154 1
319 154 1
321 154 1
322 154 1
323 154 1
324 154 1
325 154 1
326 154 1
315 155 1
318 155 1
319 155 1
320 155 1
321 155 1
323 155 1
324 155 1
325 155 1
326 155 1
327 155 1
311 156 1
314 156 1
316 156 1
318 156 1
320 156 1
321 156 1
322 156 1
323 156 1
324 156 1
325 156 1
326 156 1
327 156 1
313 157 1
316 157 1
318 157 1
319 157 1
320 157 1
322 157 1
323 157 1
324 157 1
325 157 1
326 157 1
310 158 1
314 158 1
315 158 1
316 158 1
318 158 1
319 158 1
322 158 1
323 158 1
324 158 1
325 158 1
326 158 1
318 159 1
319 159 1
321 159 1
322 159 1
323 159 1
324 159 1
325 159 1
313 160 1
314 160 1
315 160 1
316 160 1
317 160 1
318 160 1
319 160 1
321 160 1
322 160 1
323 160 1
324 160 1
325 160 1
316 161 1
317 161 1
320 161 1
321 161 1
322 161 1
323 161 1
324 161 1
305 162 1
315 162 1
317 162 1
318 162 1
320 162 1
321 162 1
322 162 1
323 162 1
308 163 1
309 163 1
310 163 1
312 163 1
314 163 1
315 163 1
317 163 1
318 163 1
319 163 1
320 163 1
321 163 1
322 163 1
308 164 1
309 164 1
316 164 1
319 164 1
320 164 1
321 164 1
308 165 1
309 165 1
316 165 1
319 165 1
320 165 1
308 166 1
309 166 1
318 166 1
319 166 1
307 167 1
308 167 1
309 167 1
318 167 1
319 167 1
306 168 1
307 168 1
308 168 1
309 168 1
314 168 1
316 168 1
318 168 1
305 169 1
306 169 1
307 169 1
308 169 1
309 169 1
314 169 1
302 170 1
303 170 1
305 170 1
306 170 1
308 170 1
309 170 1
304 171 1
305 171 1
308 171 1
309 171 1
310 171 1
315 171 1
304 172 1
305 172 1
308 172 1
303 173 1
304 173 1
308 173 1
300 174 1
301 174 1
302 174 1
303 174 1
308 174 1
300 175 1
301 175 1
302 175 1
303 175 1
308 175 1
300 176 1
301 176 1
302 176 1
303 176 1
304 176 1
308 176 1
314 176 1
300 177 1
301 177 1
302 177 1
303 177 1
306 177 1
308 177 1
309 177 1
314 177 1
315 177 1
300 178 1
301 178 1
302 178 1
303 178 1
304 178 1
308 178 1
309 178 1
312 178 1
315 178 1
300 179 1
301 179 1
302 179 1
303 179 1
304 179 1
309 179 1
310 179 1
311 179 1
313 179 1
300 180 1
301 180 1
302 180 1
303 180 1
304 180 1
309 180 1
310 180 1
317 180 1
318 180 1
301 181 1
302 181 1
303 181 1
304 181 1
309 181 1
302 182 1
303 182 1
304 182 1
305 182 1
302 183 1
303 183 1
304 183 1
302 184 1
303 184 1
304 184 1
305 184 1
303 185 1
304 185 1
303 186 1
