534 4 0
95 6 0
95 7 0
173 13 0
174 13 0
419 13 0
422 13 0
173 14 0
174 14 0
430 14 0
70 15 0
453 17 0
454 17 0
508 17 0
515 18 0
561 19 0
562 19 0
561 20 0
562 20 0
590 26 0
591 26 0
602 26 0
49 33 0
50 33 0
238 38 0
571 39 0
572 39 0
571 40 0
572 40 0
630 41 0
631 41 0
589 42 0
238 43 0
488 43 0
489 43 0
589 43 0
238 44 0
489 44 0
529 45 0
530 45 0
186 46 0
514 46 0
586 46 0
511 47 0
606 48 0
544 52 0
129 53 0
562 53 0
63 57 0
618 57 0
618 58 0
217 65 0
217 66 0
624 66 0
100 67 0
513 69 0
187 71 0
210 71 0
187 72 0
210 72 0
585 72 0
187 73 0
210 73 0
88 75 0
223 75 0
481 75 0
185 77 0
43 78 0
185 78 0
204 78 0
205 78 0
210 78 0
210 79 0
210 80 0
259 81 0
199 82 0
515 85 0
516 85 0
185 86 0
213 86 0
561 92 0
562 92 0
562 93 0
464 95 0
523 96 0
523 97 0
222 99 0
497 99 0
498 99 0
31 101 0
32 101 0
251 101 0
7 102 0
31 102 0
32 102 0
542 102 0
622 102 0
527 105 0
542 105 0
550 105 0
96 106 0
141 106 0
142 106 0
244 106 0
494 106 0
96 107 0
448 111 0
31 113 0
32 113 0
31 114 0
32 114 0
438 114 0
437 115 0
438 115 0
117 120 0
494 120 0
495 120 0
495 121 0
5 122 0
6 122 0
110 123 0
486 124 0
613 124 0
612 125 0
613 125 0
110 126 0
161 126 0
489 126 0
161 127 0
200 127 0
201 127 0
157 128 0
511 128 0
157 129 0
110 131 0
110 132 0
110 133 0
520 133 0
490 134 0
207 135 0
207 136 0
435 136 0
425 137 0
435 137 0
445 137 0
446 137 0
445 138 0
446 138 0
469 139 0
512 139 0
512 140 0
422 141 0
445 141 0
446 141 0
151 142 0
445 142 0
446 142 0
484 142 0
538 142 0
151 143 0
433 143 0
484 143 0
199 144 0
513 145 0
483 146 0
146 148 0
147 148 0
456 150 0
438 151 0
456 153 0
482 153 0
482 154 0
561 155 0
210 156 0
452 156 0
570 156 0
571 156 0
471 158 0
457 159 0
470 159 0
471 159 0
441 162 0
441 163 0
267 164 0
111 165 0
404 165 0
405 165 0
111 168 0
613 172 0
632 172 0
286 175 0
286 176 0
73 178 0
73 179 0
95 181 0
157 181 0
158 181 0
80 183 0
81 183 0
584 185 0
253 187 0
369 195 0
333 196 0
369 196 0
370 196 0
146 197 0
147 197 0
333 197 0
524 197 0
146 198 0
147 198 0
349 198 0
391 198 0
524 198 0
391 199 0
45 200 0
276 209 0
483 214 0
483 215 0
480 217 0
442 218 0
443 218 0
442 219 0
443 219 0
401 220 0
350 221 0
551 221 0
272 222 0
343 223 0
222 224 0
202 225 0
203 225 0
583 227 0
300 231 0
222 232 0
131 234 0
389 234 0
390 234 0
527 234 0
260 235 0
527 235 0
325 237 0
529 237 0
325 238 0
405 239 0
115 240 0
614 240 0
115 241 0
185 244 0
619 244 0
332 246 0
272 247 0
435 247 0
382 248 0
383 248 0
90 249 0
329 249 0
62 250 0
62 251 0
458 252 0
266 253 0
273 253 0
422 253 0
423 253 0
202 254 0
203 254 0
309 254 0
354 254 0
266 258 0
234 263 0
602 265 0
602 266 0
85 270 0
86 270 0
323 271 0
385 271 0
386 271 0
9 274 0
10 274 0
334 274 0
303 275 0
519 275 0
520 275 0
347 279 0
348 279 0
551 281 0
552 281 0
249 288 0
487 288 0
488 288 0
429 289 0
429 290 0
138 291 0
138 292 0
263 293 0
235 294 0
251 296 0
137 300 0
249 301 0
379 301 0
162 302 0
249 302 0
269 302 0
249 303 0
382 306 0
383 306 0
242 307 0
382 307 0
383 307 0
222 308 0
223 308 0
242 308 0
617 308 0
222 309 0
223 309 0
271 310 0
390 310 0
390 311 0
394 312 0
394 313 0
109 314 0
162 314 0
333 314 0
333 315 0
14 316 0
15 316 0
15 317 0
331 317 0
331 318 0
577 320 0
578 320 0
591 322 0
569 323 0
443 325 0
444 325 0
443 326 0
444 326 0
30 328 0
179 331 0
612 335 0
613 335 0
482 336 0
613 336 0
417 340 0
266 342 0
545 342 0
266 343 0
523 343 0
524 343 0
412 344 0
523 344 0
524 344 0
587 344 0
412 345 0
195 346 0
195 347 0
149 348 0
150 348 0
149 349 0
150 349 0
295 353 0
127 354 0
102 358 0
451 358 0
452 358 0
421 360 0
421 361 0
378 363 0
379 363 0
13 367 0
14 367 0
295 367 0
443 367 0
14 368 0
295 368 0
310 368 0
443 368 0
310 369 0
423 370 0
571 372 0
572 372 0
18 375 0
533 378 0
533 379 0
218 381 0
219 381 0
218 382 0
219 382 0
390 385 0
450 386 0
10 387 0
48 388 0
624 388 0
48 389 0
424 389 0
425 389 0
624 389 0
237 390 0
289 390 0
289 391 0
371 396 0
372 396 0
371 397 0
372 397 0
303 398 0
241 399 0
303 399 0
304 399 0
467 399 0
443 400 0
533 400 0
150 403 0
151 403 0
150 404 0
293 406 0
49 407 0
395 411 0
263 414 0
264 414 0
439 419 0
438 420 0
439 420 0
37 421 0
38 421 0
37 422 0
38 422 0
89 422 0
89 423 0
221 423 0
105 426 0
144 426 0
144 427 0
92 428 0
93 428 0
317 428 0
316 429 0
317 429 0
420 434 0
505 434 0
23 437 0
161 440 0
177 443 0
178 443 0
295 445 0
443 451 0
270 452 0
423 456 0
181 457 0
334 457 0
335 457 0
423 457 0
334 458 0
335 458 0
635 458 0
220 465 0
125 475 0
125 476 0
472 476 0
472 477 0
270 4 1
270 5 1
270 6 1
307 11 1
308 11 1
300 15 1
301 15 1
325 15 1
409 15 1
300 16 1
325 16 1
409 16 1
357 19 1
358 19 1
357 20 1
363 24 1
364 24 1
362 25 1
363 25 1
325 29 1
326 29 1
376 29 1
326 30 1
327 30 1
327 31 1
328 31 1
329 31 1
315 32 1
329 32 1
314 33 1
329 33 1
330 33 1
364 33 1
365 33 1
314 34 1
328 34 1
329 34 1
330 34 1
331 34 1
364 34 1
313 35 1
314 35 1
329 35 1
330 35 1
331 35 1
312 36 1
313 36 1
330 36 1
331 36 1
332 36 1
312 37 1
330 37 1
331 37 1
332 37 1
312 38 1
331 38 1
332 38 1
312 39 1
314 39 1
315 39 1
326 39 1
331 39 1
332 39 1
311 40 1
312 40 1
315 40 1
326 40 1
328 40 1
332 40 1
311 41 1
322 41 1
328 41 1
331 41 1
332 41 1
311 42 1
312 42 1
313 42 1
323 42 1
328 42 1
330 42 1
331 42 1
332 42 1
311 43 1
312 43 1
313 43 1
329 43 1
330 43 1
331 43 1
332 43 1
311 44 1
312 44 1
314 44 1
330 44 1
331 44 1
311 45 1
312 45 1
315 45 1
316 45 1
328 45 1
330 45 1
331 45 1
332 45 1
311 46 1
317 46 1
326 46 1
331 46 1
332 46 1
300 47 1
310 47 1
311 47 1
329 47 1
331 47 1
332 47 1
310 48 1
318 48 1
331 48 1
332 48 1
333 48 1
310 49 1
319 49 1
328 49 1
332 49 1
333 49 1
309 50 1
320 50 1
328 50 1
333 50 1
334 50 1
406 50 1
308 51 1
309 51 1
333 51 1
334 51 1
309 52 1
312 52 1
333 52 1
334 52 1
309 53 1
312 53 1
334 53 1
307 54 1
308 54 1
321 54 1
334 54 1
335 54 1
307 55 1
335 55 1
337 56 1
382 56 1
338 57 1
381 57 1
382 57 1
383 57 1
302 58 1
338 58 1
339 58 1
381 58 1
301 59 1
339 59 1
340 59 1
300 60 1
301 60 1
336 60 1
340 60 1
341 60 1
300 61 1
301 61 1
341 61 1
300 62 1
301 62 1
341 62 1
342 62 1
300 63 1
301 63 1
341 63 1
342 63 1
300 64 1
301 64 1
342 64 1
300 65 1
342 65 1
300 66 1
342 66 1
343 66 1
300 67 1
342 67 1
343 67 1
299 68 1
300 68 1
323 68 1
342 68 1
343 68 1
299 69 1
322 69 1
323 69 1
324 69 1
325 69 1
342 69 1
343 69 1
299 70 1
322 70 1
323 70 1
324 70 1
325 70 1
326 70 1
342 70 1
343 70 1
344 70 1
299 71 1
321 71 1
322 71 1
323 71 1
324 71 1
326 71 1
327 71 1
342 71 1
343 71 1
344 71 1
299 72 1
304 72 1
320 72 1
321 72 1
322 72 1
323 72 1
324 72 1
325 72 1
326 72 1
327 72 1
329 72 1
333 72 1
343 72 1
344 72 1
299 73 1
302 73 1
303 73 1
304 73 1
305 73 1
316 73 1
317 73 1
318 73 1
319 73 1
320 73 1
321 73 1
322 73 1
324 73 1
325 73 1
326 73 1
327 73 1
328 73 1
329 73 1
330 73 1
331 73 1
333 73 1
343 73 1
344 73 1
299 74 1
303 74 1
304 74 1
305 74 1
306 74 1
316 74 1
317 74 1
318 74 1
319 74 1
320 74 1
321 74 1
322 74 1
326 74 1
327 74 1
328 74 1
329 74 1
330 74 1
331 74 1
332 74 1
333 74 1
299 75 1
303 75 1
306 75 1
307 75 1
315 75 1
316 75 1
317 75 1
318 75 1
319 75 1
320 75 1
321 75 1
322 75 1
323 75 1
326 75 1
327 75 1
299 76 1
302 76 1
303 76 1
304 76 1
322 76 1
323 76 1
325 76 1
326 76 1
327 76 1
384 76 1
385 76 1
299 77 1
302 77 1
303 77 1
322 77 1
323 77 1
324 77 1
326 77 1
327 77 1
384 77 1
299 78 1
302 78 1
303 78 1
304 78 1
307 78 1
308 78 1
323 78 1
324 78 1
325 78 1
326 78 1
327 78 1
345 78 1
348 78 1
299 79 1
303 79 1
308 79 1
324 79 1
325 79 1
326 79 1
345 79 1
299 80 1
300 80 1
303 80 1
304 80 1
309 80 1
310 80 1
325 80 1
299 81 1
300 81 1
304 81 1
305 81 1
310 81 1
299 82 1
300 82 1
303 82 1
304 82 1
308 82 1
309 82 1
310 82 1
311 82 1
299 83 1
300 83 1
303 83 1
304 83 1
305 83 1
308 83 1
309 83 1
310 83 1
311 83 1
345 83 1
348 83 1
299 84 1
300 84 1
304 84 1
305 84 1
308 84 1
311 84 1
342 84 1
299 85 1
300 85 1
304 85 1
305 85 1
306 85 1
309 85 1
311 85 1
346 85 1
277 86 1
300 86 1
305 86 1
306 86 1
308 86 1
309 86 1
311 86 1
346 86 1
300 87 1
307 87 1
308 87 1
309 87 1
310 87 1
311 87 1
312 87 1
313 87 1
300 88 1
308 88 1
309 88 1
310 88 1
311 88 1
312 88 1
313 88 1
314 88 1
300 89 1
301 89 1
310 89 1
311 89 1
313 89 1
314 89 1
315 89 1
300 90 1
301 90 1
310 90 1
311 90 1
312 90 1
313 90 1
314 90 1
315 90 1
316 90 1
301 91 1
311 91 1
312 91 1
313 91 1
314 91 1
315 91 1
316 91 1
317 91 1
318 91 1
319 91 1
347 91 1
301 92 1
302 92 1
312 92 1
313 92 1
314 92 1
315 92 1
316 92 1
317 92 1
318 92 1
319 92 1
321 92 1
336 92 1
342 92 1
347 92 1
297 93 1
302 93 1
314 93 1
315 93 1
316 93 1
317 93 1
318 93 1
319 93 1
320 93 1
321 93 1
322 93 1
302 94 1
303 94 1
315 94 1
317 94 1
318 94 1
319 94 1
321 94 1
322 94 1
323 94 1
324 94 1
302 95 1
303 95 1
317 95 1
318 95 1
319 95 1
320 95 1
321 95 1
322 95 1
323 95 1
324 95 1
325 95 1
326 95 1
342 95 1
348 95 1
302 96 1
303 96 1
319 96 1
320 96 1
321 96 1
322 96 1
323 96 1
324 96 1
325 96 1
326 96 1
327 96 1
328 96 1
329 96 1
348 96 1
302 97 1
303 97 1
321 97 1
322 97 1
323 97 1
324 97 1
325 97 1
326 97 1
327 97 1
328 97 1
329 97 1
302 98 1
303 98 1
324 98 1
326 98 1
328 98 1
329 98 1
302 99 1
303 99 1
325 99 1
328 99 1
348 99 1
349 99 1
302 100 1
303 100 1
348 100 1
349 100 1
302 101 1
303 101 1
348 101 1
349 101 1
303 102 1
348 102 1
349 102 1
303 103 1
338 103 1
339 103 1
340 103 1
341 103 1
348 103 1
349 103 1
303 104 1
338 104 1
339 104 1
341 104 1
342 104 1
348 104 1
349 104 1
303 105 1
338 105 1
339 105 1
341 105 1
342 105 1
348 105 1
349 105 1
303 106 1
338 106 1
339 106 1
341 106 1
342 106 1
349 106 1
303 107 1
338 107 1
339 107 1
340 107 1
341 107 1
342 107 1
348 107 1
349 107 1
304 108 1
338 108 1
339 108 1
340 108 1
341 108 1
348 108 1
349 108 1
350 108 1
313 109 1
314 109 1
338 109 1
339 109 1
340 109 1
341 109 1
342 109 1
348 109 1
349 109 1
350 109 1
312 110 1
313 110 1
314 110 1
339 110 1
340 110 1
341 110 1
342 110 1
348 110 1
349 110 1
339 111 1
340 111 1
342 111 1
343 111 1
348 111 1
349 111 1
304 112 1
339 112 1
340 112 1
342 112 1
343 112 1
348 112 1
349 112 1
352 112 1
338 113 1
339 113 1
342 113 1
343 113 1
345 113 1
348 113 1
349 113 1
351 113 1
352 113 1
304 114 1
338 114 1
339 114 1
342 114 1
343 114 1
344 114 1
345 114 1
346 114 1
347 114 1
348 114 1
349 114 1
366 114 1
304 115 1
338 115 1
339 115 1
342 115 1
343 115 1
344 115 1
345 115 1
346 115 1
347 115 1
348 115 1
349 115 1
366 115 1
304 116 1
338 116 1
339 116 1
342 116 1
343 116 1
344 116 1
304 117 1
338 117 1
339 117 1
341 117 1
342 117 1
343 117 1
303 118 1
304 118 1
338 118 1
339 118 1
341 118 1
342 118 1
343 118 1
304 119 1
338 119 1
339 119 1
304 120 1
339 120 1
304 121 1
335 121 1
336 121 1
303 122 1
304 122 1
305 122 1
335 122 1
336 122 1
306 123 1
310 123 1
335 123 1
336 123 1
306 124 1
335 124 1
336 124 1
306 125 1
320 125 1
321 125 1
336 125 1
320 126 1
321 126 1
336 126 1
321 127 1
336 127 1
321 128 1
322 128 1
336 128 1
321 129 1
336 129 1
321 130 1
322 130 1
294 131 1
312 131 1
321 131 1
322 131 1
321 132 1
322 132 1
322 133 1
322 134 1
322 135 1
335 135 1
322 136 1
323 136 1
322 137 1
323 137 1
335 137 1
323 138 1
323 139 1
334 139 1
335 139 1
323 140 1
334 140 1
335 140 1
323 141 1
324 141 1
380 141 1
323 142 1
324 142 1
323 143 1
324 143 1
323 144 1
324 144 1
323 145 1
324 145 1
323 146 1
324 146 1
323 147 1
324 147 1
323 148 1
323 149 1
324 149 1
323 150 1
323 151 1
323 152 1
327 155 1
333 155 1
331 156 1
332 156 1
333 156 1
331 157 1
332 157 1
383 157 1
384 157 1
385 157 1
331 158 1
332 158 1
330 159 1
331 159 1
330 160 1
331 160 1
329 161 1
330 161 1
328 162 1
329 162 1
326 163 1
327 163 1
328 163 1
326 164 1
327 164 1
325 165 1
326 165 1
324 166 1
325 166 1
326 166 1
323 167 1
324 167 1
322 168 1
323 168 1
324 168 1
311 169 1
322 169 1
323 169 1
308 170 1
309 170 1
310 170 1
311 170 1
322 170 1
323 170 1
334 170 1
335 170 1
336 170 1
308 171 1
309 171 1
310 171 1
321 171 1
322 171 1
308 172 1
309 172 1
310 172 1
321 172 1
322 172 1
306 173 1
307 173 1
308 173 1
309 173 1
321 173 1
322 173 1
307 174 1
308 174 1
309 174 1
320 174 1
321 174 1
322 174 1
307 175 1
308 175 1
309 175 1
310 175 1
307 176 1
308 176 1
309 176 1
310 176 1
308 177 1
309 177 1
310 177 1
309 178 1
310 178 1
309 179 1
310 179 1
311 179 1
312 179 1
309 180 1
310 180 1
311 180 1
310 181 1
311 181 1
309 182 1
310 182 1
311 182 1
309 183 1
310 183 1
311 183 1
312 183 1
309 184 1
310 184 1
311 184 1
309 185 1
310 185 1
311 185 1
309 186 1
310 186 1
311 186 1
309 187 1
310 187 1
311 187 1
309 188 1
310 188 1
311 188 1
312 188 1
309 189 1
310 189 1
311 189 1
312 189 1
310 190 1
311 190 1
312 190 1
311 191 1
312 191 1
313 191 1
312 192 1
313 192 1
