272 4 0
264 5 0
280 5 0
94 7 0
95 7 0
270 8 0
270 10 0
308 10 0
309 10 0
308 11 0
173 13 0
174 13 0
173 14 0
174 14 0
171 15 0
301 15 0
325 15 0
326 15 0
308 16 0
309 16 0
453 17 0
338 18 0
358 18 0
368 18 0
409 18 0
357 19 0
358 19 0
359 19 0
368 19 0
560 19 0
561 19 0
560 20 0
561 20 0
405 21 0
202 23 0
202 24 0
362 24 0
363 24 0
364 24 0
202 25 0
363 25 0
589 26 0
590 26 0
600 26 0
601 26 0
239 27 0
323 27 0
324 27 0
325 27 0
326 27 0
239 28 0
327 28 0
328 28 0
345 28 0
239 29 0
328 29 0
329 29 0
330 29 0
351 29 0
352 29 0
329 30 0
330 30 0
239 31 0
330 31 0
331 31 0
332 31 0
316 32 0
330 32 0
331 32 0
332 32 0
49 33 0
50 33 0
315 33 0
330 33 0
331 33 0
332 33 0
333 33 0
364 33 0
365 33 0
366 33 0
49 34 0
50 34 0
315 34 0
320 34 0
331 34 0
332 34 0
333 34 0
408 34 0
582 34 0
314 35 0
315 35 0
322 35 0
331 35 0
332 35 0
333 35 0
314 36 0
332 36 0
333 36 0
512 36 0
313 37 0
314 37 0
332 37 0
333 37 0
334 37 0
313 38 0
314 38 0
316 38 0
317 38 0
327 38 0
331 38 0
333 38 0
334 38 0
313 39 0
314 39 0
317 39 0
333 39 0
334 39 0
570 39 0
571 39 0
572 39 0
312 40 0
313 40 0
314 40 0
325 40 0
330 40 0
333 40 0
334 40 0
570 40 0
571 40 0
572 40 0
132 41 0
313 41 0
314 41 0
315 41 0
330 41 0
332 41 0
333 41 0
313 42 0
314 42 0
315 42 0
332 42 0
333 42 0
313 43 0
314 43 0
315 43 0
316 43 0
332 43 0
333 43 0
487 43 0
488 43 0
127 44 0
313 44 0
316 44 0
318 44 0
332 44 0
333 44 0
334 44 0
487 44 0
488 44 0
127 45 0
313 45 0
318 45 0
319 45 0
331 45 0
332 45 0
333 45 0
334 45 0
529 45 0
127 46 0
312 46 0
313 46 0
319 46 0
331 46 0
333 46 0
334 46 0
511 46 0
513 46 0
514 46 0
312 47 0
320 47 0
333 47 0
334 47 0
335 47 0
320 48 0
321 48 0
330 48 0
334 48 0
335 48 0
41 49 0
238 49 0
310 49 0
311 49 0
321 49 0
322 49 0
329 49 0
330 49 0
333 49 0
334 49 0
335 49 0
234 50 0
310 50 0
311 50 0
323 50 0
325 50 0
326 50 0
327 50 0
329 50 0
334 50 0
335 50 0
336 50 0
310 51 0
311 51 0
335 51 0
336 51 0
128 52 0
217 52 0
238 52 0
335 52 0
336 52 0
337 52 0
510 52 0
129 53 0
238 53 0
309 53 0
336 53 0
337 53 0
238 54 0
309 54 0
336 54 0
337 54 0
338 54 0
406 54 0
431 54 0
238 55 0
336 55 0
338 55 0
406 55 0
238 56 0
340 56 0
382 56 0
383 56 0
406 56 0
63 57 0
303 57 0
340 57 0
341 57 0
381 57 0
382 57 0
383 57 0
406 57 0
617 57 0
130 58 0
303 58 0
340 58 0
341 58 0
342 58 0
406 58 0
130 59 0
302 59 0
303 59 0
341 59 0
342 59 0
406 59 0
238 60 0
302 60 0
303 60 0
339 60 0
342 60 0
343 60 0
406 60 0
302 61 0
309 61 0
343 61 0
302 62 0
310 62 0
326 62 0
343 62 0
344 62 0
301 63 0
302 63 0
327 63 0
338 63 0
343 63 0
344 63 0
301 64 0
302 64 0
343 64 0
344 64 0
301 65 0
344 65 0
345 65 0
216 66 0
217 66 0
301 66 0
302 66 0
344 66 0
345 66 0
223 67 0
301 67 0
325 67 0
344 67 0
345 67 0
301 68 0
324 68 0
325 68 0
326 68 0
327 68 0
345 68 0
509 68 0
301 69 0
324 69 0
325 69 0
326 69 0
327 69 0
328 69 0
345 69 0
301 70 0
324 70 0
325 70 0
327 70 0
328 70 0
345 70 0
346 70 0
405 70 0
508 70 0
301 71 0
305 71 0
324 71 0
327 71 0
328 71 0
329 71 0
331 71 0
335 71 0
345 71 0
346 71 0
300 72 0
301 72 0
305 72 0
306 72 0
307 72 0
318 72 0
319 72 0
321 72 0
323 72 0
324 72 0
327 72 0
328 72 0
329 72 0
330 72 0
331 72 0
332 72 0
334 72 0
335 72 0
345 72 0
346 72 0
171 73 0
200 73 0
301 73 0
304 73 0
305 73 0
306 73 0
307 73 0
308 73 0
318 73 0
319 73 0
320 73 0
321 73 0
322 73 0
323 73 0
324 73 0
325 73 0
328 73 0
329 73 0
330 73 0
331 73 0
332 73 0
333 73 0
334 73 0
335 73 0
346 73 0
201 74 0
301 74 0
305 74 0
308 74 0
317 74 0
318 74 0
319 74 0
320 74 0
321 74 0
322 74 0
323 74 0
324 74 0
325 74 0
329 74 0
330 74 0
331 74 0
332 74 0
334 74 0
88 75 0
300 75 0
301 75 0
304 75 0
319 75 0
320 75 0
324 75 0
325 75 0
326 75 0
327 75 0
328 75 0
195 76 0
196 76 0
301 76 0
304 76 0
305 76 0
324 76 0
325 76 0
327 76 0
328 76 0
329 76 0
384 76 0
385 76 0
195 77 0
197 77 0
301 77 0
304 77 0
305 77 0
309 77 0
310 77 0
324 77 0
325 77 0
326 77 0
327 77 0
328 77 0
329 77 0
347 77 0
348 77 0
204 78 0
205 78 0
301 78 0
304 78 0
305 78 0
306 78 0
310 78 0
326 78 0
327 78 0
328 78 0
347 78 0
348 78 0
349 78 0
301 79 0
302 79 0
305 79 0
306 79 0
309 79 0
326 79 0
347 79 0
348 79 0
349 79 0
210 80 0
301 80 0
307 80 0
311 80 0
312 80 0
347 80 0
348 80 0
349 80 0
135 81 0
301 81 0
305 81 0
306 81 0
311 81 0
312 81 0
348 81 0
135 82 0
217 82 0
301 82 0
302 82 0
305 82 0
306 82 0
309 82 0
310 82 0
311 82 0
312 82 0
344 82 0
301 83 0
302 83 0
305 83 0
306 83 0
310 83 0
311 83 0
312 83 0
344 83 0
348 83 0
349 83 0
350 83 0
351 83 0
301 84 0
302 84 0
306 84 0
307 84 0
311 84 0
312 84 0
313 84 0
348 84 0
349 84 0
350 84 0
351 84 0
277 85 0
301 85 0
302 85 0
307 85 0
308 85 0
309 85 0
310 85 0
311 85 0
312 85 0
313 85 0
348 85 0
136 86 0
137 86 0
185 86 0
301 86 0
302 86 0
308 86 0
309 86 0
310 86 0
311 86 0
312 86 0
313 86 0
82 87 0
302 87 0
309 87 0
310 87 0
311 87 0
312 87 0
313 87 0
314 87 0
315 87 0
316 87 0
349 87 0
510 87 0
302 88 0
310 88 0
311 88 0
312 88 0
313 88 0
315 88 0
316 88 0
317 88 0
302 89 0
303 89 0
311 89 0
312 89 0
313 89 0
316 89 0
317 89 0
318 89 0
344 89 0
302 90 0
303 90 0
312 90 0
313 90 0
315 90 0
316 90 0
317 90 0
318 90 0
319 90 0
320 90 0
321 90 0
303 91 0
304 91 0
313 91 0
314 91 0
315 91 0
317 91 0
318 91 0
319 91 0
320 91 0
321 91 0
349 91 0
298 92 0
303 92 0
304 92 0
314 92 0
315 92 0
316 92 0
317 92 0
318 92 0
319 92 0
320 92 0
321 92 0
323 92 0
324 92 0
298 93 0
303 93 0
304 93 0
316 93 0
317 93 0
318 93 0
319 93 0
320 93 0
321 93 0
322 93 0
323 93 0
324 93 0
325 93 0
303 94 0
304 94 0
317 94 0
318 94 0
319 94 0
320 94 0
321 94 0
322 94 0
323 94 0
324 94 0
325 94 0
326 94 0
350 94 0
303 95 0
304 95 0
319 95 0
320 95 0
322 95 0
323 95 0
324 95 0
325 95 0
326 95 0
327 95 0
328 95 0
329 95 0
330 95 0
340 95 0
350 95 0
139 96 0
304 96 0
320 96 0
321 96 0
322 96 0
323 96 0
324 96 0
325 96 0
326 96 0
327 96 0
329 96 0
330 96 0
331 96 0
522 96 0
304 97 0
323 97 0
324 97 0
325 97 0
326 97 0
327 97 0
328 97 0
329 97 0
330 97 0
331 97 0
304 98 0
326 98 0
327 98 0
328 98 0
329 98 0
330 98 0
351 98 0
480 98 0
210 99 0
304 99 0
327 99 0
330 99 0
351 99 0
527 99 0
140 100 0
210 100 0
304 100 0
351 100 0
352 100 0
32 101 0
140 101 0
210 101 0
251 101 0
304 101 0
351 101 0
352 101 0
424 101 0
7 102 0
31 102 0
32 102 0
210 102 0
304 102 0
343 102 0
351 102 0
352 102 0
7 103 0
125 103 0
210 103 0
304 103 0
340 103 0
341 103 0
342 103 0
343 103 0
344 103 0
351 103 0
352 103 0
542 103 0
141 104 0
210 104 0
304 104 0
341 104 0
342 104 0
343 104 0
344 104 0
351 104 0
352 104 0
545 104 0
141 105 0
210 105 0
304 105 0
341 105 0
342 105 0
344 105 0
351 105 0
352 105 0
526 105 0
244 106 0
304 106 0
305 106 0
341 106 0
342 106 0
343 106 0
344 106 0
349 106 0
351 106 0
352 106 0
493 106 0
494 106 0
96 107 0
304 107 0
305 107 0
341 107 0
342 107 0
343 107 0
344 107 0
351 107 0
352 107 0
305 108 0
341 108 0
342 108 0
343 108 0
344 108 0
351 108 0
352 108 0
449 108 0
304 109 0
305 109 0
313 109 0
314 109 0
341 109 0
342 109 0
344 109 0
345 109 0
351 109 0
352 109 0
237 110 0
305 110 0
314 110 0
341 110 0
342 110 0
344 110 0
345 110 0
351 110 0
305 111 0
341 111 0
342 111 0
344 111 0
345 111 0
350 111 0
351 111 0
237 112 0
305 112 0
341 112 0
342 112 0
345 112 0
346 112 0
347 112 0
348 112 0
349 112 0
350 112 0
351 112 0
352 112 0
353 112 0
31 113 0
32 113 0
305 113 0
341 113 0
342 113 0
344 113 0
345 113 0
346 113 0
347 113 0
348 113 0
349 113 0
350 113 0
351 113 0
352 113 0
447 113 0
479 113 0
16 114 0
31 114 0
32 114 0
305 114 0
340 114 0
341 114 0
342 114 0
344 114 0
345 114 0
346 114 0
347 114 0
348 114 0
349 114 0
350 114 0
351 114 0
479 114 0
305 115 0
340 115 0
341 115 0
344 115 0
345 115 0
346 115 0
347 115 0
350 115 0
437 115 0
467 115 0
267 116 0
305 116 0
340 116 0
341 116 0
344 116 0
345 116 0
346 116 0
305 117 0
340 117 0
341 117 0
345 117 0
305 118 0
340 118 0
341 118 0
305 119 0
341 119 0
342 119 0
305 120 0
338 120 0
145 121 0
304 121 0
305 121 0
337 121 0
338 121 0
5 122 0
6 122 0
305 122 0
307 122 0
308 122 0
338 122 0
307 123 0
308 123 0
338 123 0
308 124 0
322 124 0
323 124 0
338 124 0
509 124 0
322 125 0
323 125 0
324 125 0
338 125 0
509 125 0
308 126 0
322 126 0
323 126 0
324 126 0
338 126 0
323 127 0
324 127 0
438 127 0
508 127 0
323 128 0
324 128 0
338 128 0
508 128 0
309 129 0
322 129 0
323 129 0
324 129 0
309 130 0
322 130 0
323 130 0
324 130 0
437 130 0
525 130 0
310 131 0
323 131 0
324 131 0
338 131 0
323 132 0
324 132 0
324 133 0
490 133 0
324 134 0
325 134 0
599 134 0
324 135 0
325 135 0
206 136 0
207 136 0
324 136 0
325 136 0
325 137 0
445 137 0
446 137 0
224 138 0
325 138 0
445 138 0
446 138 0
469 138 0
325 139 0
326 139 0
469 139 0
485 139 0
325 140 0
445 140 0
469 140 0
492 140 0
381 141 0
433 141 0
445 141 0
492 141 0
445 142 0
446 142 0
457 142 0
513 142 0
150 143 0
151 143 0
326 143 0
470 143 0
325 145 0
470 145 0
325 146 0
515 146 0
325 147 0
471 147 0
517 147 0
147 148 0
325 148 0
326 148 0
365 148 0
431 148 0
482 148 0
239 149 0
482 149 0
514 149 0
325 150 0
326 150 0
482 150 0
326 151 0
325 152 0
326 152 0
427 152 0
470 152 0
325 153 0
366 153 0
491 153 0
325 154 0
326 154 0
334 154 0
335 154 0
498 154 0
325 155 0
326 155 0
334 155 0
335 155 0
336 155 0
367 155 0
560 155 0
569 155 0
324 156 0
325 156 0
335 156 0
336 156 0
367 156 0
378 156 0
481 156 0
569 156 0
570 156 0
324 157 0
325 157 0
334 157 0
335 157 0
435 157 0
481 157 0
324 158 0
325 158 0
334 158 0
457 158 0
470 158 0
481 158 0
310 159 0
324 159 0
333 159 0
334 159 0
457 159 0
470 159 0
471 159 0
332 160 0
333 160 0
533 160 0
331 161 0
332 161 0
333 161 0
330 162 0
331 162 0
332 162 0
438 162 0
329 163 0
330 163 0
331 163 0
329 164 0
330 164 0
327 165 0
328 165 0
329 165 0
404 165 0
51 166 0
326 166 0
327 166 0
328 166 0
326 167 0
327 167 0
325 168 0
326 168 0
327 168 0
325 169 0
326 169 0
327 169 0
336 169 0
325 170 0
326 170 0
327 170 0
336 170 0
312 171 0
324 171 0
325 171 0
326 171 0
310 172 0
311 172 0
312 172 0
323 172 0
324 172 0
325 172 0
326 172 0
222 173 0
310 173 0
311 173 0
312 173 0
323 173 0
324 173 0
325 173 0
326 173 0
222 174 0
310 174 0
311 174 0
312 174 0
322 174 0
323 174 0
324 174 0
325 174 0
222 175 0
284 175 0
311 175 0
312 175 0
322 175 0
323 175 0
222 176 0
286 176 0
311 176 0
312 176 0
322 176 0
323 176 0
222 177 0
311 177 0
312 177 0
322 177 0
222 178 0
311 178 0
312 178 0
321 178 0
322 178 0
72 179 0
73 179 0
222 179 0
322 179 0
322 180 0
95 181 0
157 181 0
158 181 0
321 181 0
322 181 0
222 182 0
322 182 0
323 182 0
343 182 0
620 182 0
303 183 0
322 183 0
323 183 0
343 183 0
322 184 0
323 184 0
332 184 0
313 185 0
314 185 0
322 185 0
323 185 0
306 186 0
313 186 0
314 186 0
322 186 0
323 186 0
324 186 0
475 186 0
252 187 0
253 187 0
307 187 0
308 187 0
313 187 0
314 187 0
322 187 0
323 187 0
324 187 0
222 188 0
308 188 0
313 188 0
314 188 0
322 188 0
323 188 0
324 188 0
313 189 0
314 189 0
322 189 0
323 189 0
324 189 0
222 190 0
314 190 0
322 190 0
323 190 0
324 190 0
313 191 0
323 191 0
324 191 0
281 192 0
323 192 0
324 192 0
322 193 0
323 193 0
324 193 0
314 194 0
322 194 0
323 194 0
324 194 0
222 195 0
313 195 0
322 195 0
323 195 0
369 195 0
333 196 0
369 196 0
146 197 0
147 197 0
332 197 0
333 197 0
523 197 0
524 197 0
146 198 0
147 198 0
182 198 0
349 198 0
390 198 0
463 198 0
524 198 0
390 199 0
45 200 0
274 203 0
274 204 0
274 205 0
455 205 0
276 209 0
237 214 0
239 214 0
240 214 0
482 214 0
483 214 0
255 216 0
153 217 0
235 217 0
236 217 0
479 217 0
325 218 0
442 218 0
442 219 0
255 220 0
401 220 0
350 221 0
238 222 0
378 222 0
272 223 0
343 223 0
300 230 0
138 231 0
299 231 0
300 231 0
262 234 0
273 234 0
389 234 0
526 234 0
527 234 0
262 235 0
263 235 0
526 235 0
527 235 0
260 236 0
264 236 0
266 237 0
267 237 0
324 237 0
325 237 0
529 237 0
324 238 0
325 238 0
115 239 0
257 239 0
258 239 0
115 240 0
614 240 0
257 242 0
203 245 0
331 246 0
332 246 0
272 247 0
329 249 0
175 250 0
232 251 0
465 252 0
273 253 0
422 253 0
202 254 0
231 255 0
230 256 0
274 259 0
620 259 0
233 263 0
632 263 0
601 265 0
323 271 0
385 271 0
9 274 0
10 274 0
88 274 0
519 275 0
354 276 0
347 278 0
346 279 0
347 279 0
224 285 0
225 286 0
487 288 0
428 289 0
429 289 0
273 290 0
429 290 0
138 291 0
265 291 0
275 291 0
138 292 0
264 292 0
266 292 0
271 292 0
272 292 0
254 293 0
265 293 0
270 293 0
271 293 0
277 293 0
257 294 0
258 294 0
259 294 0
264 294 0
270 294 0
257 295 0
268 295 0
277 296 0
272 297 0
250 299 0
254 299 0
137 300 0
250 300 0
162 302 0
256 302 0
249 303 0
256 303 0
249 304 0
255 304 0
249 305 0
382 306 0
383 306 0
241 307 0
242 307 0
382 307 0
383 307 0
222 308 0
223 308 0
222 309 0
223 309 0
250 309 0
271 310 0
393 312 0
394 312 0
422 312 0
264 313 0
268 313 0
394 313 0
109 314 0
162 314 0
253 314 0
333 314 0
423 314 0
254 315 0
267 315 0
255 316 0
256 317 0
257 317 0
59 318 0
59 319 0
424 319 0
426 322 0
569 323 0
428 325 0
442 325 0
443 325 0
341 326 0
428 326 0
443 326 0
192 327 0
179 331 0
240 333 0
287 334 0
612 335 0
635 338 0
636 338 0
290 339 0
436 339 0
265 342 0
266 342 0
438 342 0
340 343 0
522 343 0
523 343 0
340 344 0
523 344 0
524 344 0
194 346 0
195 346 0
194 347 0
195 347 0
149 348 0
150 348 0
150 349 0
158 349 0
297 350 0
298 352 0
224 355 0
300 355 0
237 356 0
301 356 0
237 357 0
302 358 0
451 358 0
420 360 0
421 360 0
542 360 0
221 361 0
304 361 0
305 363 0
306 365 0
307 366 0
14 367 0
295 367 0
310 368 0
309 369 0
328 369 0
423 369 0
424 369 0
423 370 0
312 374 0
313 375 0
543 375 0
313 376 0
532 378 0
533 378 0
516 379 0
218 381 0
219 381 0
218 382 0
219 382 0
583 382 0
519 384 0
450 385 0
623 387 0
48 388 0
424 388 0
623 388 0
624 388 0
48 389 0
424 389 0
425 389 0
624 389 0
288 390 0
289 390 0
24 393 0
127 393 0
417 393 0
127 394 0
417 394 0
371 396 0
372 396 0
303 398 0
303 399 0
443 400 0
150 403 0
151 403 0
267 403 0
268 403 0
293 406 0
14 407 0
438 419 0
89 422 0
90 422 0
46 423 0
89 423 0
144 426 0
92 427 0
93 427 0
92 428 0
93 428 0
295 428 0
316 428 0
317 428 0
316 429 0
317 429 0
605 429 0
229 433 0
161 440 0
55 441 0
177 443 0
178 443 0
443 450 0
498 450 0
443 451 0
422 456 0
423 456 0
334 457 0
220 464 0
221 464 0
220 465 0
390 474 0
125 476 0
425 477 0
2 9 2
3 25 2
3 47 2
16 49 2
23 58 2
23 64 2
9 69 2
22 71 2
24 80 2
