273 4 0
273 5 0
263 7 0
278 7 0
308 10 0
308 11 0
105 12 0
173 13 0
174 13 0
173 14 0
326 15 0
308 16 0
309 16 0
273 18 0
358 19 0
561 19 0
561 20 0
411 21 0
411 22 0
411 23 0
241 24 0
363 24 0
364 24 0
411 24 0
241 25 0
411 25 0
241 26 0
590 26 0
125 27 0
241 27 0
411 27 0
241 28 0
411 28 0
411 29 0
335 30 0
410 30 0
411 30 0
320 31 0
336 31 0
410 31 0
410 32 0
49 33 0
50 33 0
319 33 0
337 33 0
365 33 0
336 34 0
337 34 0
336 35 0
337 35 0
303 36 0
337 36 0
338 36 0
410 36 0
303 37 0
317 37 0
318 37 0
337 37 0
338 37 0
410 37 0
515 37 0
317 38 0
338 38 0
317 39 0
334 39 0
338 39 0
128 40 0
317 40 0
337 40 0
571 40 0
572 40 0
128 41 0
240 41 0
317 41 0
336 41 0
337 41 0
128 42 0
240 42 0
317 42 0
336 42 0
337 42 0
128 43 0
240 43 0
317 43 0
336 43 0
337 43 0
488 43 0
240 44 0
338 44 0
488 44 0
240 45 0
338 45 0
408 45 0
409 45 0
514 45 0
529 45 0
240 46 0
338 46 0
409 46 0
514 46 0
129 47 0
240 47 0
339 47 0
409 47 0
240 48 0
314 48 0
315 48 0
339 48 0
409 48 0
240 49 0
314 49 0
409 49 0
240 50 0
409 50 0
240 51 0
340 51 0
409 51 0
313 52 0
340 52 0
409 52 0
131 53 0
409 53 0
512 53 0
513 53 0
131 54 0
302 54 0
409 54 0
307 56 0
382 56 0
408 56 0
307 57 0
382 57 0
408 57 0
306 58 0
346 58 0
618 58 0
17 59 0
306 59 0
347 59 0
17 60 0
306 60 0
347 60 0
408 60 0
512 60 0
17 61 0
306 61 0
347 61 0
512 61 0
222 62 0
306 62 0
348 62 0
305 63 0
348 63 0
512 63 0
305 64 0
348 64 0
305 65 0
348 65 0
305 66 0
349 66 0
407 66 0
305 67 0
349 67 0
407 67 0
305 68 0
331 68 0
349 68 0
407 68 0
305 69 0
328 69 0
329 69 0
332 69 0
349 69 0
407 69 0
151 70 0
305 70 0
332 70 0
333 70 0
350 70 0
407 70 0
189 71 0
332 71 0
333 71 0
334 71 0
350 71 0
407 71 0
189 72 0
212 72 0
304 72 0
305 72 0
308 72 0
310 72 0
311 72 0
322 72 0
323 72 0
324 72 0
325 72 0
327 72 0
332 72 0
334 72 0
339 72 0
350 72 0
407 72 0
510 72 0
135 73 0
173 73 0
189 73 0
192 73 0
212 73 0
312 73 0
323 73 0
324 73 0
325 73 0
327 73 0
328 73 0
332 73 0
350 73 0
407 73 0
192 74 0
203 74 0
204 74 0
308 74 0
309 74 0
328 74 0
329 74 0
407 74 0
305 75 0
308 75 0
309 75 0
329 75 0
332 75 0
197 76 0
198 76 0
305 76 0
308 76 0
309 76 0
329 76 0
351 76 0
385 76 0
483 76 0
187 77 0
197 77 0
212 77 0
305 77 0
308 77 0
309 77 0
314 77 0
351 77 0
483 77 0
136 78 0
187 78 0
206 78 0
207 78 0
212 78 0
305 78 0
308 78 0
309 78 0
314 78 0
330 78 0
351 78 0
510 78 0
210 79 0
212 79 0
240 79 0
305 79 0
315 79 0
485 79 0
212 80 0
305 80 0
316 80 0
352 80 0
305 81 0
310 81 0
314 81 0
315 81 0
316 81 0
352 81 0
305 82 0
310 82 0
352 82 0
305 83 0
310 83 0
187 84 0
305 84 0
311 84 0
187 85 0
305 85 0
313 85 0
317 85 0
187 86 0
213 86 0
305 86 0
313 86 0
314 86 0
315 86 0
316 86 0
319 86 0
187 87 0
305 87 0
306 87 0
314 87 0
315 87 0
319 87 0
320 87 0
306 88 0
320 88 0
321 88 0
306 89 0
316 89 0
318 89 0
319 89 0
320 89 0
321 89 0
355 89 0
306 90 0
307 90 0
317 90 0
318 90 0
321 90 0
324 90 0
306 91 0
307 91 0
318 91 0
322 91 0
324 91 0
325 91 0
355 91 0
155 92 0
306 92 0
307 92 0
319 92 0
324 92 0
325 92 0
327 92 0
328 92 0
355 92 0
300 93 0
307 93 0
321 93 0
324 93 0
325 93 0
327 93 0
328 93 0
355 93 0
140 94 0
307 94 0
322 94 0
324 94 0
327 94 0
328 94 0
329 94 0
355 94 0
140 95 0
307 95 0
324 95 0
326 95 0
327 95 0
328 95 0
329 95 0
330 95 0
331 95 0
355 95 0
356 95 0
307 96 0
327 96 0
328 96 0
332 96 0
333 96 0
334 96 0
355 96 0
356 96 0
307 97 0
327 97 0
330 97 0
333 97 0
334 97 0
335 97 0
356 97 0
307 98 0
330 98 0
356 98 0
141 99 0
239 99 0
307 99 0
356 99 0
596 99 0
597 99 0
307 100 0
356 100 0
31 101 0
32 101 0
142 101 0
307 101 0
356 101 0
447 101 0
32 102 0
142 102 0
177 102 0
239 102 0
307 102 0
345 102 0
346 102 0
347 102 0
348 102 0
357 102 0
544 102 0
142 103 0
143 103 0
307 103 0
346 103 0
348 103 0
357 103 0
529 103 0
544 103 0
307 104 0
345 104 0
346 104 0
349 104 0
357 104 0
446 104 0
529 104 0
239 105 0
307 105 0
346 105 0
349 105 0
357 105 0
446 105 0
529 105 0
18 106 0
143 106 0
144 106 0
307 106 0
346 106 0
349 106 0
357 106 0
446 106 0
307 107 0
346 107 0
347 107 0
349 107 0
357 107 0
307 108 0
308 108 0
346 108 0
349 108 0
357 108 0
451 108 0
308 109 0
314 109 0
346 109 0
347 109 0
350 109 0
307 110 0
308 110 0
314 110 0
346 110 0
347 110 0
307 111 0
308 111 0
346 111 0
350 111 0
351 111 0
356 111 0
357 111 0
308 112 0
346 112 0
350 112 0
351 112 0
352 112 0
353 112 0
356 112 0
357 112 0
450 112 0
31 113 0
32 113 0
308 113 0
346 113 0
350 113 0
351 113 0
352 113 0
353 113 0
355 113 0
356 113 0
357 113 0
481 113 0
31 114 0
308 114 0
345 114 0
346 114 0
351 114 0
481 114 0
308 115 0
345 115 0
346 115 0
349 115 0
308 116 0
345 116 0
346 116 0
308 117 0
345 117 0
346 117 0
480 117 0
346 118 0
480 118 0
308 119 0
470 119 0
480 119 0
505 119 0
307 120 0
342 120 0
480 120 0
505 120 0
307 121 0
342 121 0
343 121 0
5 122 0
310 122 0
342 122 0
310 123 0
326 123 0
438 123 0
509 123 0
325 124 0
327 124 0
343 124 0
325 125 0
327 125 0
328 125 0
491 125 0
511 125 0
612 125 0
197 126 0
311 126 0
328 126 0
491 126 0
511 126 0
197 127 0
238 127 0
325 127 0
328 127 0
479 127 0
511 127 0
328 128 0
495 128 0
513 128 0
312 129 0
328 129 0
492 129 0
517 129 0
312 130 0
328 130 0
492 130 0
527 130 0
238 131 0
312 131 0
328 131 0
329 131 0
495 131 0
325 132 0
329 132 0
440 132 0
495 132 0
516 132 0
438 133 0
492 133 0
495 134 0
330 135 0
495 135 0
515 135 0
330 136 0
439 136 0
477 136 0
495 136 0
515 136 0
314 137 0
330 137 0
331 137 0
439 137 0
445 137 0
515 137 0
238 138 0
330 138 0
331 138 0
445 138 0
471 138 0
477 138 0
327 139 0
331 139 0
471 139 0
487 139 0
519 139 0
477 140 0
487 140 0
507 140 0
514 140 0
531 140 0
331 141 0
381 141 0
477 141 0
507 141 0
438 142 0
445 142 0
459 142 0
516 142 0
150 143 0
151 143 0
459 143 0
486 143 0
518 143 0
331 144 0
459 144 0
476 144 0
512 144 0
515 144 0
233 145 0
331 145 0
476 145 0
331 146 0
485 147 0
491 147 0
501 147 0
517 147 0
132 148 0
147 148 0
331 148 0
491 148 0
501 148 0
514 148 0
517 148 0
132 149 0
241 149 0
331 149 0
501 149 0
517 149 0
519 149 0
132 150 0
331 150 0
494 150 0
501 150 0
331 151 0
368 151 0
491 151 0
331 152 0
491 152 0
493 152 0
224 153 0
331 153 0
429 153 0
491 153 0
494 153 0
224 154 0
331 154 0
429 154 0
491 154 0
500 154 0
330 155 0
331 155 0
341 155 0
445 155 0
458 155 0
491 155 0
224 156 0
330 156 0
331 156 0
491 156 0
570 156 0
329 157 0
330 157 0
461 157 0
484 157 0
329 158 0
330 158 0
483 158 0
329 159 0
339 159 0
470 159 0
471 159 0
329 160 0
338 160 0
339 160 0
328 161 0
329 161 0
338 161 0
461 161 0
328 162 0
337 162 0
338 162 0
224 163 0
327 163 0
328 163 0
336 163 0
337 163 0
268 164 0
269 164 0
327 164 0
336 164 0
337 164 0
464 164 0
326 165 0
327 165 0
335 165 0
336 165 0
404 165 0
464 165 0
224 166 0
326 166 0
327 166 0
334 166 0
335 166 0
325 167 0
326 167 0
334 167 0
335 167 0
464 167 0
324 168 0
325 168 0
326 168 0
333 168 0
334 168 0
464 168 0
324 169 0
333 169 0
464 169 0
323 170 0
324 170 0
332 170 0
333 170 0
464 170 0
323 171 0
324 171 0
332 171 0
333 171 0
332 172 0
333 172 0
464 172 0
331 173 0
332 173 0
333 173 0
464 173 0
285 174 0
331 174 0
332 174 0
285 175 0
331 175 0
332 175 0
285 176 0
286 176 0
330 176 0
331 176 0
332 176 0
329 177 0
330 177 0
331 177 0
332 177 0
329 178 0
330 178 0
73 179 0
329 179 0
330 179 0
292 180 0
328 180 0
329 180 0
95 181 0
157 181 0
158 181 0
298 181 0
328 181 0
329 181 0
328 182 0
329 182 0
333 182 0
304 183 0
305 183 0
306 183 0
328 183 0
329 183 0
333 183 0
343 183 0
328 184 0
329 184 0
307 185 0
328 185 0
329 185 0
329 186 0
330 186 0
329 187 0
330 187 0
315 188 0
330 188 0
535 188 0
330 189 0
331 189 0
330 190 0
331 190 0
331 191 0
332 191 0
326 192 0
332 192 0
327 193 0
332 193 0
303 194 0
332 194 0
332 195 0
333 195 0
223 196 0
257 196 0
332 196 0
333 196 0
369 196 0
146 197 0
147 197 0
331 197 0
332 197 0
333 197 0
330 198 0
331 198 0
332 198 0
2 199 0
328 199 0
329 199 0
330 199 0
331 199 0
332 199 0
2 200 0
223 206 0
256 207 0
258 207 0
223 210 0
470 210 0
258 211 0
258 212 0
276 212 0
258 214 0
482 214 0
483 214 0
223 215 0
278 215 0
241 216 0
325 218 0
240 219 0
260 219 0
442 219 0
223 220 0
240 220 0
276 220 0
278 220 0
223 221 0
223 222 0
343 223 0
260 224 0
278 224 0
257 225 0
258 225 0
257 226 0
257 227 0
257 228 0
257 229 0
257 230 0
299 231 0
300 231 0
228 234 0
262 235 0
526 235 0
527 235 0
271 237 0
324 238 0
325 238 0
270 239 0
614 240 0
260 241 0
260 242 0
106 243 0
185 244 0
161 246 0
332 246 0
107 248 0
234 248 0
270 248 0
106 249 0
329 249 0
62 250 0
233 250 0
104 251 0
100 255 0
101 255 0
232 256 0
254 256 0
275 257 0
245 258 0
275 258 0
275 259 0
275 260 0
275 261 0
233 262 0
93 263 0
233 263 0
230 266 0
232 271 0
323 271 0
231 272 0
519 275 0
233 276 0
226 277 0
226 278 0
346 279 0
347 279 0
222 283 0
32 285 0
225 285 0
226 286 0
487 288 0
487 289 0
429 290 0
276 291 0
138 292 0
256 292 0
267 292 0
265 293 0
257 294 0
264 294 0
258 295 0
259 295 0
260 295 0
269 295 0
259 296 0
260 296 0
276 296 0
277 296 0
252 297 0
272 297 0
273 297 0
251 299 0
254 299 0
254 300 0
250 302 0
245 303 0
250 303 0
258 303 0
252 305 0
253 305 0
252 306 0
253 306 0
382 306 0
241 307 0
242 307 0
250 307 0
382 307 0
383 307 0
222 308 0
223 308 0
222 309 0
252 311 0
252 312 0
266 312 0
394 313 0
162 314 0
234 314 0
254 314 0
262 314 0
263 314 0
268 314 0
269 314 0
333 314 0
234 315 0
14 316 0
425 316 0
331 317 0
234 318 0
426 320 0
568 323 0
569 323 0
242 325 0
443 325 0
242 326 0
442 326 0
443 326 0
242 327 0
286 332 0
433 332 0
241 334 0
288 335 0
436 337 0
598 341 0
439 343 0
523 343 0
440 344 0
522 344 0
523 344 0
296 347 0
149 348 0
150 348 0
239 352 0
299 352 0
299 353 0
451 358 0
303 359 0
304 360 0
306 364 0
279 368 0
280 368 0
309 368 0
310 368 0
309 369 0
310 369 0
507 370 0
532 378 0
517 380 0
317 381 0
319 383 0
623 388 0
624 388 0
623 389 0
288 390 0
289 390 0
371 396 0
372 396 0
303 399 0
466 399 0
150 403 0
438 420 0
92 427 0
92 428 0
316 429 0
192 430 0
230 436 0
222 451 0
270 452 0
250 457 0
240 471 0
