273 5 0
273 7 0
273 8 0
273 9 0
173 13 0
173 14 0
308 16 0
36 17 0
528 19 0
529 19 0
529 20 0
561 20 0
528 21 0
422 22 0
528 22 0
363 24 0
251 25 0
421 26 0
251 27 0
421 27 0
421 28 0
336 29 0
421 29 0
336 30 0
421 30 0
9 31 0
421 31 0
421 32 0
334 33 0
333 35 0
352 35 0
353 35 0
38 36 0
313 36 0
333 36 0
340 36 0
352 36 0
353 36 0
313 37 0
332 37 0
352 37 0
353 37 0
332 38 0
332 39 0
526 39 0
332 40 0
353 40 0
420 40 0
571 40 0
332 41 0
353 41 0
332 42 0
352 42 0
353 42 0
7 43 0
139 43 0
313 43 0
332 43 0
351 43 0
352 43 0
353 43 0
7 44 0
139 44 0
332 44 0
353 44 0
7 45 0
139 45 0
7 46 0
250 46 0
7 47 0
250 47 0
251 47 0
313 47 0
330 47 0
329 48 0
419 48 0
419 49 0
419 50 0
329 51 0
419 51 0
419 52 0
327 53 0
419 53 0
419 54 0
419 55 0
322 56 0
419 56 0
142 57 0
229 57 0
382 57 0
419 57 0
142 58 0
419 58 0
419 59 0
523 59 0
320 60 0
10 61 0
320 61 0
418 62 0
5 63 0
319 63 0
319 64 0
418 64 0
5 65 0
319 65 0
363 65 0
418 65 0
312 66 0
319 66 0
363 66 0
418 66 0
319 67 0
418 67 0
523 67 0
250 68 0
318 68 0
364 68 0
418 68 0
250 69 0
318 69 0
342 69 0
364 69 0
418 69 0
522 69 0
318 70 0
342 70 0
364 70 0
418 70 0
193 71 0
222 71 0
250 71 0
318 71 0
365 71 0
417 71 0
418 71 0
6 72 0
193 72 0
318 72 0
365 72 0
199 73 0
250 73 0
318 73 0
353 73 0
365 73 0
214 74 0
250 74 0
318 74 0
350 74 0
417 74 0
213 75 0
318 75 0
322 75 0
324 75 0
521 75 0
250 76 0
318 76 0
323 76 0
343 76 0
345 76 0
366 76 0
385 76 0
494 76 0
496 76 0
497 76 0
207 77 0
208 77 0
209 77 0
250 77 0
318 77 0
322 77 0
366 77 0
494 77 0
496 77 0
196 78 0
197 78 0
311 78 0
328 78 0
346 78 0
366 78 0
496 78 0
147 79 0
220 79 0
327 79 0
147 80 0
250 80 0
250 81 0
259 81 0
323 81 0
367 81 0
147 82 0
319 82 0
323 82 0
326 82 0
367 82 0
319 83 0
367 83 0
319 84 0
368 84 0
148 85 0
319 85 0
364 85 0
368 85 0
148 86 0
319 86 0
368 86 0
319 87 0
319 88 0
369 88 0
149 89 0
319 89 0
369 89 0
149 90 0
332 90 0
333 90 0
335 90 0
369 90 0
333 91 0
335 91 0
320 92 0
334 92 0
370 92 0
320 93 0
335 93 0
339 93 0
370 93 0
177 94 0
201 94 0
320 94 0
339 94 0
341 94 0
177 95 0
320 95 0
340 95 0
341 95 0
344 95 0
341 96 0
343 96 0
344 96 0
541 96 0
249 97 0
319 97 0
344 97 0
347 97 0
348 97 0
371 97 0
319 98 0
371 98 0
249 99 0
319 99 0
363 99 0
371 99 0
458 99 0
152 100 0
319 100 0
348 100 0
371 100 0
458 100 0
152 101 0
249 101 0
319 101 0
249 102 0
319 102 0
153 103 0
249 103 0
319 103 0
360 103 0
361 103 0
362 103 0
153 104 0
249 104 0
319 104 0
360 104 0
457 104 0
153 105 0
319 105 0
360 105 0
363 105 0
457 105 0
319 106 0
360 106 0
96 107 0
319 107 0
319 108 0
360 108 0
319 109 0
361 109 0
364 109 0
319 110 0
361 110 0
373 110 0
319 111 0
360 111 0
365 111 0
372 111 0
461 111 0
319 112 0
372 112 0
461 112 0
31 113 0
221 113 0
319 113 0
360 113 0
366 113 0
492 113 0
221 114 0
319 114 0
360 114 0
361 114 0
366 114 0
372 114 0
492 114 0
319 115 0
360 115 0
366 115 0
372 115 0
373 115 0
492 115 0
319 116 0
366 116 0
370 116 0
491 116 0
319 117 0
360 117 0
361 117 0
491 117 0
319 118 0
491 118 0
319 119 0
491 119 0
507 119 0
491 120 0
318 121 0
480 121 0
491 121 0
318 122 0
507 122 0
490 123 0
323 124 0
490 124 0
340 125 0
490 125 0
341 126 0
490 126 0
502 126 0
503 126 0
522 126 0
490 127 0
522 127 0
248 128 0
342 128 0
522 128 0
248 129 0
521 129 0
524 129 0
324 130 0
343 130 0
521 130 0
343 131 0
451 131 0
521 131 0
528 131 0
521 132 0
527 133 0
121 134 0
344 134 0
121 135 0
459 135 0
500 135 0
503 135 0
531 135 0
538 135 0
121 136 0
503 136 0
505 136 0
121 137 0
325 137 0
445 137 0
506 137 0
519 137 0
445 138 0
525 139 0
518 140 0
525 140 0
470 141 0
540 141 0
542 141 0
446 142 0
497 142 0
505 142 0
518 142 0
529 142 0
542 142 0
151 143 0
470 143 0
487 143 0
505 143 0
529 143 0
542 143 0
249 144 0
487 144 0
502 144 0
517 144 0
220 145 0
487 145 0
502 145 0
517 145 0
523 145 0
326 146 0
523 146 0
528 146 0
502 147 0
528 147 0
121 148 0
147 148 0
502 148 0
512 148 0
525 148 0
528 148 0
347 149 0
495 149 0
512 149 0
530 149 0
121 150 0
512 150 0
121 151 0
378 151 0
511 152 0
121 153 0
121 154 0
210 156 0
494 156 0
501 157 0
494 158 0
232 159 0
470 159 0
471 159 0
501 160 0
450 163 0
277 164 0
344 164 0
232 166 0
232 167 0
232 171 0
355 171 0
355 172 0
474 172 0
346 173 0
474 173 0
346 174 0
346 175 0
354 175 0
232 176 0
232 178 0
346 178 0
158 181 0
346 181 0
232 183 0
343 183 0
322 184 0
232 185 0
232 186 0
344 186 0
353 186 0
325 187 0
333 187 0
344 187 0
353 187 0
344 188 0
353 188 0
319 189 0
325 189 0
344 189 0
353 189 0
232 190 0
325 190 0
333 190 0
343 190 0
344 190 0
353 190 0
325 191 0
343 191 0
344 191 0
352 191 0
353 191 0
325 192 0
343 192 0
344 192 0
352 192 0
353 192 0
325 193 0
343 193 0
352 193 0
269 194 0
325 194 0
333 194 0
334 194 0
343 194 0
344 194 0
352 194 0
325 195 0
343 195 0
344 195 0
352 195 0
353 195 0
325 196 0
343 196 0
352 196 0
325 197 0
342 197 0
343 197 0
352 197 0
353 197 0
335 198 0
342 198 0
343 198 0
353 198 0
342 199 0
343 199 0
342 200 0
354 200 0
341 201 0
342 201 0
355 201 0
232 202 0
341 202 0
341 203 0
232 205 0
284 205 0
360 207 0
360 208 0
266 209 0
361 209 0
287 212 0
265 213 0
357 213 0
359 213 0
360 213 0
246 214 0
287 214 0
287 215 0
246 216 0
265 216 0
287 216 0
287 217 0
287 218 0
248 223 0
343 223 0
248 224 0
202 225 0
282 225 0
247 230 0
246 232 0
271 235 0
527 235 0
274 237 0
324 238 0
325 238 0
456 239 0
116 247 0
115 249 0
329 249 0
422 253 0
107 257 0
276 257 0
105 259 0
284 259 0
242 265 0
238 267 0
323 271 0
242 273 0
234 278 0
347 279 0
232 280 0
232 281 0
231 284 0
234 286 0
268 290 0
269 290 0
276 293 0
281 293 0
266 294 0
278 294 0
281 294 0
266 295 0
267 295 0
275 295 0
254 298 0
260 298 0
269 299 0
259 303 0
263 303 0
241 307 0
242 307 0
266 307 0
222 308 0
222 309 0
394 313 0
424 313 0
425 313 0
273 314 0
275 314 0
276 314 0
278 315 0
433 318 0
443 326 0
442 335 0
149 348 0
150 348 0
233 355 0
310 358 0
313 363 0
218 381 0
623 388 0
424 389 0
135 393 0
371 396 0
97 397 0
303 399 0
505 434 0
237 438 0
220 465 0
315 475 0
