303 7 0
293 11 0
173 13 0
173 14 0
35 16 0
308 16 0
35 17 0
36 17 0
561 20 0
5 21 0
225 23 0
363 24 0
262 25 0
5 26 0
590 26 0
225 27 0
262 27 0
432 27 0
225 28 0
432 28 0
432 29 0
352 30 0
432 30 0
432 31 0
432 32 0
49 33 0
365 33 0
432 33 0
324 34 0
350 34 0
432 34 0
349 35 0
368 37 0
368 38 0
347 39 0
367 39 0
368 39 0
346 40 0
367 40 0
368 40 0
346 41 0
346 42 0
19 43 0
261 43 0
346 43 0
19 44 0
261 44 0
346 44 0
366 44 0
368 44 0
19 45 0
150 45 0
261 45 0
346 45 0
368 45 0
19 46 0
150 46 0
261 46 0
346 46 0
367 46 0
368 46 0
261 47 0
368 47 0
430 47 0
261 48 0
323 48 0
345 48 0
368 48 0
261 49 0
368 49 0
430 49 0
261 50 0
430 50 0
5 51 0
151 51 0
261 51 0
430 51 0
5 52 0
151 52 0
261 52 0
343 52 0
430 52 0
261 53 0
343 53 0
430 53 0
240 54 0
261 54 0
430 54 0
261 55 0
323 55 0
341 55 0
430 55 0
261 56 0
371 56 0
430 56 0
152 57 0
261 57 0
382 57 0
261 58 0
335 58 0
430 58 0
335 59 0
430 59 0
334 60 0
144 61 0
334 61 0
334 62 0
535 62 0
334 63 0
377 63 0
377 64 0
333 65 0
377 65 0
333 66 0
378 66 0
535 66 0
333 67 0
378 67 0
333 68 0
378 68 0
155 69 0
173 69 0
333 69 0
378 69 0
332 70 0
428 70 0
172 71 0
260 71 0
322 71 0
332 71 0
379 71 0
428 71 0
203 72 0
210 72 0
260 72 0
332 72 0
379 72 0
428 72 0
210 73 0
332 73 0
356 73 0
360 73 0
428 73 0
210 74 0
332 74 0
356 74 0
360 74 0
380 74 0
428 74 0
213 75 0
224 75 0
260 75 0
332 75 0
360 75 0
380 75 0
428 75 0
260 76 0
332 76 0
360 76 0
380 76 0
428 76 0
217 77 0
218 77 0
220 77 0
380 77 0
508 77 0
208 78 0
260 78 0
227 79 0
332 79 0
335 79 0
336 79 0
356 79 0
381 79 0
507 79 0
232 80 0
260 80 0
321 80 0
332 80 0
335 80 0
356 80 0
360 80 0
381 80 0
260 81 0
341 81 0
342 81 0
381 81 0
332 82 0
341 82 0
381 82 0
343 83 0
208 85 0
260 85 0
332 85 0
344 85 0
382 85 0
159 86 0
260 86 0
332 86 0
333 86 0
159 87 0
159 88 0
333 88 0
383 88 0
383 89 0
208 90 0
333 90 0
160 91 0
333 91 0
160 92 0
321 92 0
333 92 0
347 92 0
333 93 0
334 93 0
347 93 0
349 93 0
383 93 0
213 94 0
333 94 0
334 94 0
333 95 0
334 95 0
161 96 0
333 96 0
334 96 0
333 97 0
355 97 0
333 98 0
354 98 0
355 98 0
333 99 0
354 99 0
355 99 0
357 99 0
385 99 0
162 100 0
333 100 0
355 100 0
359 100 0
361 100 0
363 100 0
469 100 0
162 101 0
332 101 0
333 101 0
355 101 0
358 101 0
363 101 0
469 101 0
332 102 0
358 102 0
385 102 0
332 103 0
164 105 0
332 105 0
551 105 0
152 106 0
164 106 0
231 106 0
332 106 0
468 106 0
259 107 0
332 107 0
376 107 0
551 107 0
259 108 0
333 108 0
376 108 0
386 108 0
333 109 0
373 109 0
377 109 0
232 110 0
377 110 0
231 111 0
232 111 0
333 111 0
374 111 0
377 111 0
374 112 0
377 112 0
373 113 0
374 113 0
378 113 0
386 113 0
232 114 0
332 114 0
374 114 0
378 114 0
386 114 0
232 115 0
332 115 0
374 115 0
378 115 0
232 116 0
332 116 0
374 116 0
378 116 0
332 117 0
374 117 0
378 117 0
386 117 0
502 117 0
332 118 0
374 118 0
379 118 0
386 118 0
502 118 0
332 119 0
374 119 0
379 119 0
130 120 0
332 120 0
374 120 0
384 120 0
130 121 0
374 121 0
130 122 0
331 122 0
375 122 0
501 122 0
130 123 0
331 123 0
375 123 0
501 123 0
518 123 0
557 123 0
130 124 0
331 124 0
375 124 0
501 124 0
130 125 0
501 125 0
130 126 0
501 126 0
501 127 0
514 128 0
130 129 0
458 129 0
514 129 0
335 130 0
130 131 0
351 131 0
539 131 0
130 132 0
351 132 0
539 132 0
336 133 0
351 133 0
356 133 0
130 134 0
459 135 0
514 135 0
538 135 0
218 136 0
350 136 0
499 136 0
514 136 0
531 136 0
538 136 0
218 137 0
499 137 0
514 137 0
350 138 0
499 138 0
514 138 0
537 138 0
539 138 0
218 139 0
357 139 0
469 139 0
537 139 0
218 140 0
483 140 0
514 140 0
541 140 0
498 141 0
541 141 0
349 142 0
445 142 0
459 142 0
498 142 0
514 142 0
151 143 0
513 143 0
358 145 0
483 145 0
498 145 0
516 145 0
516 146 0
528 146 0
516 147 0
133 149 0
497 150 0
506 151 0
241 152 0
506 152 0
538 152 0
150 155 0
131 156 0
570 156 0
389 157 0
504 158 0
505 158 0
344 164 0
345 164 0
291 166 0
481 167 0
241 168 0
241 169 0
241 173 0
241 174 0
294 176 0
304 176 0
304 177 0
306 177 0
241 178 0
314 179 0
315 179 0
157 181 0
158 181 0
298 181 0
241 182 0
241 183 0
323 184 0
241 188 0
335 188 0
328 189 0
335 189 0
335 190 0
361 190 0
335 191 0
361 191 0
335 192 0
361 192 0
335 193 0
361 193 0
294 194 0
335 194 0
361 194 0
241 195 0
335 195 0
361 195 0
371 195 0
335 196 0
361 196 0
371 196 0
333 197 0
335 197 0
361 197 0
362 197 0
371 197 0
334 198 0
361 198 0
362 198 0
371 198 0
362 199 0
371 199 0
334 200 0
362 200 0
371 200 0
361 201 0
362 201 0
362 202 0
276 203 0
362 203 0
276 204 0
362 204 0
241 205 0
362 205 0
241 206 0
362 206 0
362 207 0
241 208 0
276 208 0
362 208 0
362 209 0
362 210 0
296 213 0
371 213 0
241 214 0
297 214 0
371 214 0
259 215 0
259 216 0
296 216 0
240 217 0
258 217 0
296 217 0
258 219 0
253 221 0
294 222 0
257 223 0
343 223 0
254 235 0
526 235 0
527 235 0
279 236 0
280 236 0
282 236 0
280 237 0
283 237 0
284 237 0
134 238 0
324 238 0
325 238 0
134 239 0
288 239 0
134 240 0
277 240 0
134 241 0
275 244 0
221 245 0
124 247 0
125 247 0
123 248 0
124 248 0
293 253 0
259 254 0
117 255 0
261 256 0
285 257 0
285 258 0
285 260 0
285 261 0
110 263 0
110 265 0
110 272 0
249 272 0
243 278 0
242 279 0
347 279 0
275 282 0
241 285 0
242 285 0
242 286 0
243 286 0
429 290 0
138 292 0
284 292 0
282 293 0
282 294 0
276 295 0
276 296 0
277 296 0
270 297 0
277 297 0
279 297 0
268 299 0
271 299 0
272 299 0
268 300 0
274 300 0
272 304 0
267 305 0
270 305 0
271 305 0
267 306 0
270 306 0
222 308 0
269 312 0
270 313 0
270 314 0
279 314 0
333 314 0
280 315 0
443 324 0
443 325 0
259 326 0
443 326 0
446 329 0
259 330 0
447 331 0
448 333 0
304 336 0
307 341 0
308 343 0
523 344 0
455 345 0
310 346 0
311 348 0
457 349 0
313 351 0
255 352 0
459 352 0
315 355 0
255 356 0
316 356 0
317 358 0
319 361 0
320 363 0
378 363 0
328 377 0
330 380 0
424 389 0
532 397 0
92 428 0
245 430 0
244 439 0
244 441 0
14 356 1
6 363 1
3 439 1
