297 5 0
298 5 0
173 13 0
173 14 0
308 16 0
437 19 0
437 20 0
561 20 0
437 21 0
10 22 0
437 22 0
10 23 0
436 23 0
437 23 0
363 24 0
437 24 0
436 26 0
150 27 0
436 27 0
40 28 0
436 28 0
436 29 0
436 30 0
436 31 0
436 32 0
356 33 0
436 33 0
436 34 0
436 35 0
8 39 0
373 39 0
265 40 0
352 40 0
372 40 0
373 40 0
374 40 0
153 41 0
265 41 0
374 41 0
153 42 0
265 42 0
374 42 0
14 43 0
265 43 0
369 43 0
374 43 0
24 44 0
265 44 0
352 44 0
374 44 0
265 45 0
352 45 0
374 45 0
434 45 0
154 46 0
265 46 0
371 46 0
373 46 0
34 47 0
154 47 0
265 47 0
351 47 0
371 47 0
373 47 0
434 47 0
265 48 0
350 48 0
373 48 0
434 48 0
265 49 0
370 49 0
374 49 0
434 49 0
265 50 0
374 50 0
434 50 0
348 51 0
374 51 0
434 51 0
265 52 0
348 52 0
434 52 0
156 53 0
265 53 0
346 53 0
348 53 0
434 53 0
265 54 0
348 54 0
434 54 0
346 55 0
434 55 0
346 56 0
434 56 0
434 57 0
340 59 0
157 60 0
157 61 0
339 61 0
236 62 0
339 62 0
433 62 0
339 63 0
339 64 0
433 64 0
326 65 0
338 65 0
382 65 0
433 65 0
217 66 0
264 66 0
338 66 0
433 66 0
264 67 0
338 67 0
264 68 0
338 68 0
383 68 0
433 68 0
177 69 0
383 69 0
432 69 0
433 69 0
176 70 0
264 70 0
337 70 0
383 70 0
432 70 0
176 71 0
264 71 0
337 71 0
432 71 0
264 72 0
337 72 0
361 72 0
384 72 0
432 72 0
214 73 0
264 73 0
337 73 0
361 73 0
432 73 0
264 74 0
337 74 0
365 74 0
384 74 0
432 74 0
227 75 0
365 75 0
365 76 0
384 76 0
385 76 0
221 77 0
337 77 0
344 77 0
385 77 0
431 77 0
512 77 0
161 78 0
212 78 0
223 78 0
264 78 0
353 78 0
366 78 0
385 78 0
512 78 0
234 79 0
340 79 0
343 79 0
361 80 0
365 81 0
386 81 0
337 82 0
341 82 0
347 82 0
365 82 0
386 82 0
162 83 0
364 83 0
386 83 0
162 84 0
337 84 0
386 84 0
162 85 0
337 85 0
349 85 0
386 85 0
213 86 0
337 86 0
349 86 0
386 86 0
387 86 0
387 87 0
338 88 0
338 89 0
349 89 0
337 90 0
338 90 0
388 90 0
338 91 0
164 92 0
338 92 0
388 92 0
164 93 0
338 93 0
349 93 0
350 93 0
353 93 0
164 94 0
263 94 0
339 94 0
349 94 0
354 94 0
263 95 0
339 95 0
355 96 0
352 97 0
355 97 0
357 97 0
263 98 0
338 98 0
338 99 0
263 100 0
338 100 0
362 100 0
338 101 0
360 101 0
362 101 0
473 101 0
167 102 0
338 102 0
360 102 0
362 102 0
363 102 0
365 102 0
368 102 0
556 102 0
167 103 0
363 103 0
365 103 0
368 103 0
556 103 0
167 104 0
338 104 0
472 104 0
168 105 0
236 105 0
472 105 0
168 106 0
239 106 0
337 106 0
338 106 0
168 107 0
555 107 0
338 108 0
555 108 0
314 109 0
338 109 0
379 109 0
381 109 0
314 110 0
338 110 0
378 110 0
382 110 0
236 111 0
338 111 0
382 111 0
236 112 0
338 112 0
379 112 0
382 112 0
338 113 0
379 113 0
379 114 0
382 114 0
507 114 0
379 115 0
507 115 0
337 116 0
379 116 0
383 116 0
506 116 0
507 116 0
337 117 0
379 117 0
383 117 0
507 117 0
337 118 0
379 118 0
383 118 0
391 118 0
337 119 0
379 119 0
383 119 0
391 119 0
337 120 0
391 120 0
337 121 0
337 122 0
379 122 0
505 122 0
133 123 0
219 123 0
310 123 0
336 123 0
380 123 0
462 123 0
505 123 0
133 124 0
219 124 0
336 124 0
380 124 0
462 124 0
505 124 0
559 124 0
219 125 0
336 125 0
380 125 0
219 126 0
336 126 0
218 127 0
462 127 0
518 127 0
262 129 0
357 129 0
537 129 0
357 130 0
516 130 0
537 130 0
357 131 0
461 131 0
504 131 0
356 133 0
361 133 0
536 133 0
356 134 0
361 134 0
361 135 0
542 135 0
355 136 0
518 136 0
520 136 0
553 136 0
462 137 0
464 137 0
503 137 0
518 137 0
445 138 0
464 138 0
473 138 0
518 138 0
541 138 0
541 139 0
341 140 0
354 140 0
557 140 0
221 141 0
354 141 0
362 141 0
472 141 0
496 141 0
502 141 0
540 141 0
353 142 0
362 142 0
472 142 0
151 143 0
484 143 0
553 143 0
557 144 0
236 145 0
262 145 0
462 145 0
544 145 0
262 146 0
462 146 0
517 146 0
520 146 0
262 147 0
517 147 0
154 148 0
501 148 0
517 148 0
134 149 0
154 149 0
527 149 0
527 150 0
134 151 0
499 151 0
527 151 0
543 151 0
499 152 0
527 152 0
134 153 0
134 154 0
245 154 0
392 154 0
500 154 0
146 155 0
153 155 0
245 155 0
392 155 0
453 155 0
153 156 0
392 156 0
453 156 0
570 156 0
392 157 0
301 158 0
462 159 0
470 159 0
134 160 0
462 161 0
134 163 0
134 164 0
292 165 0
404 165 0
245 168 0
488 171 0
488 173 0
488 174 0
157 181 0
158 181 0
315 181 0
356 183 0
356 184 0
265 185 0
356 185 0
244 187 0
339 187 0
244 188 0
339 188 0
244 189 0
266 189 0
331 189 0
339 189 0
347 189 0
244 190 0
339 190 0
347 190 0
244 191 0
339 191 0
347 191 0
366 191 0
244 192 0
338 192 0
366 192 0
298 193 0
338 193 0
366 193 0
366 195 0
375 195 0
338 196 0
366 196 0
244 197 0
338 197 0
366 197 0
375 197 0
297 198 0
338 198 0
366 198 0
348 199 0
366 199 0
244 200 0
366 200 0
366 201 0
366 203 0
366 204 0
367 205 0
244 207 0
366 207 0
366 208 0
366 209 0
366 210 0
296 213 0
259 215 0
262 215 0
262 217 0
243 218 0
281 218 0
281 220 0
296 222 0
378 222 0
260 225 0
278 227 0
278 228 0
243 231 0
300 231 0
282 235 0
526 235 0
527 235 0
248 236 0
282 236 0
283 236 0
285 236 0
286 236 0
283 237 0
287 237 0
288 238 0
289 238 0
292 238 0
324 238 0
325 238 0
290 239 0
281 242 0
182 245 0
62 250 0
124 251 0
123 252 0
202 254 0
296 259 0
288 260 0
252 272 0
10 274 0
247 277 0
245 279 0
244 280 0
487 288 0
277 292 0
296 292 0
285 293 0
286 293 0
275 294 0
286 294 0
279 295 0
273 296 0
279 296 0
280 296 0
266 298 0
277 300 0
270 301 0
271 301 0
270 302 0
265 303 0
265 304 0
270 304 0
275 304 0
422 305 0
222 308 0
222 309 0
282 314 0
283 314 0
282 315 0
283 315 0
290 315 0
444 319 0
444 320 0
443 326 0
262 327 0
116 328 0
262 328 0
448 328 0
261 334 0
307 337 0
309 340 0
340 344 0
312 345 0
458 346 0
149 348 0
314 348 0
460 349 0
315 350 0
461 351 0
242 355 0
245 355 0
318 355 0
258 356 0
319 357 0
451 358 0
321 360 0
323 363 0
528 372 0
329 374 0
333 381 0
308 383 0
623 388 0
146 392 0
542 392 0
146 393 0
89 422 0
247 438 0
246 444 0
246 445 0
220 465 0
5 370 1
2 377 1
