42 1 0
297 6 0
297 7 0
309 10 0
303 11 0
308 11 0
173 13 0
173 14 0
326 15 0
441 16 0
36 17 0
441 17 0
441 18 0
297 19 0
441 19 0
297 20 0
441 20 0
561 20 0
441 21 0
441 22 0
269 27 0
13 28 0
40 28 0
332 29 0
269 30 0
269 31 0
364 31 0
269 32 0
269 33 0
365 33 0
269 34 0
361 34 0
377 34 0
439 34 0
269 35 0
361 35 0
439 35 0
236 36 0
269 36 0
439 36 0
269 37 0
439 37 0
269 38 0
359 38 0
439 38 0
269 39 0
358 39 0
359 39 0
379 39 0
439 39 0
269 40 0
378 40 0
379 40 0
439 40 0
571 40 0
269 41 0
378 41 0
379 41 0
439 41 0
357 42 0
379 42 0
380 42 0
439 42 0
546 42 0
269 43 0
357 43 0
439 43 0
546 43 0
28 44 0
357 44 0
379 44 0
380 44 0
439 44 0
28 45 0
157 45 0
357 45 0
379 45 0
28 46 0
37 46 0
38 46 0
357 46 0
379 46 0
28 47 0
28 48 0
356 48 0
378 48 0
163 49 0
356 49 0
355 50 0
378 50 0
14 51 0
159 51 0
331 51 0
354 51 0
544 51 0
14 52 0
159 52 0
331 52 0
353 53 0
268 54 0
353 54 0
268 55 0
353 55 0
437 55 0
268 56 0
351 56 0
437 56 0
160 57 0
268 57 0
351 57 0
382 57 0
383 57 0
437 57 0
160 58 0
268 58 0
437 58 0
437 59 0
268 60 0
345 60 0
437 60 0
268 61 0
345 61 0
437 61 0
268 62 0
344 62 0
437 62 0
161 63 0
268 63 0
344 63 0
386 63 0
437 63 0
26 64 0
344 64 0
437 64 0
26 65 0
344 65 0
437 65 0
343 66 0
387 66 0
437 66 0
45 67 0
343 67 0
387 67 0
437 67 0
181 68 0
343 68 0
387 68 0
437 68 0
343 69 0
180 70 0
343 70 0
388 70 0
180 71 0
211 71 0
342 71 0
387 71 0
388 71 0
436 71 0
211 72 0
342 72 0
388 72 0
240 73 0
342 73 0
388 73 0
164 74 0
342 74 0
366 74 0
164 75 0
220 75 0
231 75 0
342 75 0
388 75 0
389 75 0
342 76 0
366 76 0
370 76 0
371 76 0
385 76 0
225 77 0
227 77 0
342 77 0
364 77 0
389 77 0
435 77 0
215 78 0
225 78 0
227 78 0
349 78 0
360 78 0
389 78 0
513 78 0
516 78 0
240 79 0
342 79 0
349 79 0
362 79 0
371 79 0
374 79 0
515 79 0
165 80 0
346 80 0
347 80 0
165 81 0
240 81 0
345 81 0
366 81 0
370 81 0
390 81 0
342 82 0
345 82 0
346 82 0
366 82 0
370 82 0
346 83 0
352 83 0
368 83 0
370 83 0
390 83 0
267 84 0
342 84 0
166 85 0
215 85 0
267 85 0
368 85 0
166 86 0
215 86 0
267 86 0
354 86 0
166 87 0
215 87 0
347 87 0
354 87 0
391 87 0
215 88 0
392 89 0
354 90 0
392 90 0
167 91 0
343 91 0
351 91 0
183 92 0
351 92 0
353 92 0
213 93 0
343 94 0
344 94 0
356 94 0
393 94 0
201 95 0
218 95 0
262 95 0
343 95 0
356 95 0
357 95 0
359 95 0
169 96 0
343 96 0
344 96 0
357 96 0
344 97 0
358 97 0
394 97 0
358 98 0
360 98 0
363 98 0
366 98 0
394 98 0
343 99 0
344 99 0
362 99 0
363 99 0
365 99 0
394 99 0
480 99 0
343 100 0
344 100 0
365 100 0
366 100 0
395 100 0
170 101 0
343 101 0
364 101 0
365 101 0
366 101 0
367 101 0
395 101 0
343 102 0
365 102 0
367 102 0
365 103 0
367 103 0
368 103 0
370 103 0
171 104 0
238 104 0
343 104 0
368 104 0
373 104 0
560 104 0
171 105 0
237 105 0
266 105 0
370 105 0
560 105 0
159 106 0
171 106 0
238 106 0
239 106 0
266 106 0
266 107 0
343 107 0
559 107 0
343 108 0
475 108 0
559 108 0
314 109 0
559 109 0
239 110 0
314 110 0
343 110 0
343 111 0
384 111 0
386 111 0
396 111 0
383 112 0
387 112 0
396 112 0
343 113 0
343 114 0
384 114 0
386 114 0
396 114 0
343 115 0
384 115 0
396 115 0
239 116 0
343 116 0
384 116 0
396 116 0
384 117 0
387 117 0
396 117 0
384 118 0
387 118 0
396 118 0
384 119 0
396 119 0
510 119 0
342 120 0
384 120 0
396 120 0
510 120 0
342 121 0
343 121 0
384 121 0
396 121 0
478 121 0
499 121 0
510 121 0
342 122 0
384 122 0
391 122 0
510 122 0
341 123 0
342 123 0
250 124 0
341 124 0
509 124 0
341 125 0
509 125 0
222 126 0
341 126 0
222 127 0
340 127 0
222 128 0
522 128 0
222 129 0
224 129 0
344 129 0
382 129 0
466 129 0
522 129 0
137 130 0
468 130 0
362 131 0
363 131 0
468 131 0
361 133 0
365 133 0
469 133 0
547 133 0
366 134 0
469 134 0
225 135 0
360 135 0
361 135 0
469 135 0
609 135 0
522 136 0
546 136 0
360 137 0
424 137 0
507 137 0
225 138 0
360 138 0
445 138 0
468 138 0
522 138 0
366 139 0
468 139 0
522 139 0
545 139 0
545 140 0
488 141 0
490 141 0
544 141 0
549 141 0
359 142 0
367 142 0
490 142 0
516 142 0
549 142 0
151 143 0
367 143 0
524 145 0
548 145 0
500 146 0
505 146 0
157 147 0
505 147 0
521 147 0
536 147 0
548 147 0
157 148 0
505 148 0
521 148 0
157 149 0
531 149 0
532 149 0
137 150 0
395 150 0
137 151 0
137 152 0
304 152 0
395 152 0
530 153 0
137 154 0
347 154 0
504 154 0
248 155 0
513 155 0
248 156 0
570 156 0
156 157 0
248 157 0
570 157 0
248 158 0
456 159 0
470 159 0
356 161 0
512 161 0
368 162 0
292 165 0
293 165 0
294 165 0
295 165 0
492 169 0
492 170 0
492 171 0
472 173 0
492 174 0
310 175 0
248 176 0
286 176 0
320 180 0
158 181 0
317 181 0
138 184 0
247 187 0
138 188 0
351 188 0
247 189 0
269 189 0
275 189 0
335 190 0
351 190 0
342 191 0
247 192 0
342 192 0
247 193 0
285 193 0
342 193 0
351 193 0
369 193 0
247 194 0
342 194 0
369 194 0
342 195 0
369 195 0
342 196 0
369 196 0
247 197 0
342 197 0
369 197 0
379 197 0
369 198 0
379 198 0
351 199 0
369 199 0
247 200 0
303 200 0
341 200 0
369 200 0
369 201 0
369 204 0
247 205 0
247 207 0
247 209 0
247 210 0
369 210 0
247 211 0
383 211 0
384 211 0
247 213 0
376 213 0
247 214 0
247 215 0
247 216 0
262 216 0
385 216 0
261 218 0
31 219 0
247 219 0
281 219 0
247 220 0
264 220 0
350 221 0
246 222 0
281 222 0
281 224 0
262 231 0
299 231 0
300 231 0
253 233 0
284 233 0
526 235 0
527 235 0
251 236 0
285 236 0
286 236 0
288 236 0
289 237 0
290 237 0
288 238 0
292 238 0
324 238 0
325 238 0
292 239 0
293 239 0
614 240 0
298 242 0
284 243 0
258 244 0
185 246 0
256 250 0
125 254 0
202 254 0
122 256 0
291 258 0
117 262 0
249 278 0
257 279 0
247 280 0
138 292 0
288 294 0
282 295 0
292 295 0
293 295 0
295 295 0
282 296 0
447 297 0
269 298 0
274 298 0
275 298 0
274 299 0
162 302 0
241 307 0
382 307 0
222 308 0
222 309 0
258 313 0
394 313 0
162 314 0
276 314 0
291 314 0
286 315 0
291 315 0
293 315 0
447 319 0
443 326 0
450 327 0
377 330 0
459 343 0
340 344 0
522 344 0
523 344 0
149 348 0
317 349 0
318 351 0
319 352 0
261 353 0
320 354 0
321 356 0
451 358 0
531 372 0
218 381 0
371 396 0
263 414 0
316 429 0
249 443 0
220 465 0
