336 1 0
95 6 0
443 6 0
95 7 0
443 7 0
308 10 0
309 10 0
259 11 0
308 11 0
309 11 0
173 13 0
174 13 0
622 13 0
44 14 0
45 14 0
173 14 0
174 14 0
326 14 0
592 14 0
301 15 0
302 15 0
326 15 0
327 15 0
308 16 0
309 16 0
382 17 0
453 17 0
454 17 0
339 18 0
358 18 0
359 18 0
369 18 0
358 19 0
359 19 0
369 19 0
561 19 0
562 19 0
406 20 0
561 20 0
562 20 0
573 20 0
406 21 0
151 22 0
151 23 0
453 23 0
454 23 0
363 24 0
364 24 0
363 25 0
364 25 0
590 26 0
591 26 0
602 26 0
590 27 0
591 27 0
602 27 0
346 28 0
352 28 0
270 29 0
352 29 0
49 33 0
50 33 0
311 33 0
312 33 0
323 33 0
365 33 0
366 33 0
49 34 0
50 34 0
311 34 0
312 34 0
324 34 0
584 34 0
310 35 0
311 35 0
325 35 0
309 36 0
310 36 0
311 36 0
325 36 0
326 36 0
309 37 0
310 37 0
317 37 0
318 37 0
319 37 0
326 37 0
260 38 0
308 38 0
309 38 0
317 38 0
318 38 0
325 38 0
326 38 0
327 38 0
308 39 0
309 39 0
316 39 0
326 39 0
327 39 0
571 39 0
572 39 0
307 40 0
308 40 0
309 40 0
315 40 0
326 40 0
327 40 0
328 40 0
571 40 0
572 40 0
307 41 0
308 41 0
309 41 0
314 41 0
315 41 0
326 41 0
327 41 0
328 41 0
630 41 0
631 41 0
307 42 0
308 42 0
309 42 0
314 42 0
323 42 0
326 42 0
327 42 0
328 42 0
108 43 0
109 43 0
307 43 0
308 43 0
322 43 0
323 43 0
324 43 0
326 43 0
328 43 0
488 43 0
489 43 0
589 43 0
307 44 0
308 44 0
324 44 0
325 44 0
326 44 0
328 44 0
488 44 0
489 44 0
307 45 0
308 45 0
309 45 0
324 45 0
325 45 0
326 45 0
328 45 0
529 45 0
530 45 0
186 46 0
307 46 0
308 46 0
325 46 0
326 46 0
328 46 0
514 46 0
515 46 0
529 46 0
530 46 0
307 47 0
308 47 0
325 47 0
326 47 0
328 47 0
179 48 0
306 48 0
307 48 0
324 48 0
325 48 0
328 48 0
497 48 0
93 49 0
306 49 0
324 49 0
325 49 0
328 49 0
329 49 0
305 50 0
306 50 0
324 50 0
329 50 0
304 51 0
305 51 0
323 51 0
324 51 0
303 52 0
304 52 0
305 52 0
323 52 0
88 53 0
303 53 0
304 53 0
322 53 0
323 53 0
301 54 0
302 54 0
303 54 0
304 54 0
305 54 0
330 54 0
333 54 0
299 55 0
300 55 0
301 55 0
302 55 0
303 55 0
304 55 0
330 55 0
333 55 0
409 55 0
63 56 0
299 56 0
300 56 0
301 56 0
302 56 0
303 56 0
333 56 0
369 56 0
382 56 0
383 56 0
63 57 0
300 57 0
301 57 0
302 57 0
303 57 0
333 57 0
382 57 0
383 57 0
618 57 0
619 57 0
153 58 0
154 58 0
333 58 0
618 58 0
619 58 0
154 59 0
333 59 0
334 60 0
334 61 0
335 61 0
335 62 0
531 62 0
331 63 0
333 63 0
335 63 0
336 63 0
336 64 0
217 65 0
319 65 0
320 65 0
336 65 0
337 65 0
217 66 0
320 66 0
336 66 0
337 66 0
624 66 0
160 67 0
161 67 0
337 67 0
624 67 0
337 68 0
316 69 0
317 69 0
337 69 0
315 70 0
316 70 0
317 70 0
318 70 0
337 70 0
221 71 0
315 71 0
316 71 0
317 71 0
318 71 0
319 71 0
320 71 0
337 71 0
315 72 0
316 72 0
317 72 0
318 72 0
319 72 0
320 72 0
337 72 0
309 73 0
310 73 0
311 73 0
312 73 0
313 73 0
314 73 0
315 73 0
316 73 0
317 73 0
318 73 0
319 73 0
320 73 0
321 73 0
309 74 0
310 74 0
311 74 0
312 74 0
313 74 0
314 74 0
315 74 0
316 74 0
317 74 0
318 74 0
319 74 0
320 74 0
321 74 0
322 74 0
323 74 0
324 74 0
325 74 0
326 74 0
88 75 0
308 75 0
309 75 0
310 75 0
311 75 0
312 75 0
313 75 0
314 75 0
315 75 0
316 75 0
317 75 0
318 75 0
319 75 0
320 75 0
321 75 0
322 75 0
323 75 0
324 75 0
325 75 0
326 75 0
327 75 0
328 75 0
385 75 0
195 76 0
196 76 0
310 76 0
311 76 0
312 76 0
313 76 0
314 76 0
315 76 0
316 76 0
317 76 0
318 76 0
319 76 0
320 76 0
321 76 0
322 76 0
323 76 0
324 76 0
325 76 0
326 76 0
327 76 0
348 76 0
385 76 0
386 76 0
315 77 0
316 77 0
317 77 0
318 77 0
319 77 0
320 77 0
315 78 0
316 78 0
317 78 0
318 78 0
319 78 0
320 78 0
321 78 0
316 79 0
317 79 0
318 79 0
319 79 0
320 79 0
321 79 0
316 80 0
317 80 0
318 80 0
319 80 0
320 80 0
259 81 0
260 81 0
479 82 0
338 83 0
350 83 0
479 83 0
338 84 0
213 85 0
515 85 0
516 85 0
82 86 0
213 86 0
214 86 0
82 87 0
511 87 0
511 88 0
51 90 0
338 90 0
137 91 0
262 91 0
263 91 0
599 91 0
262 92 0
263 92 0
562 92 0
631 92 0
262 95 0
263 95 0
523 96 0
390 97 0
523 97 0
125 98 0
480 98 0
481 98 0
221 99 0
222 99 0
480 99 0
481 99 0
596 99 0
597 99 0
221 100 0
222 100 0
31 101 0
32 101 0
251 101 0
252 101 0
6 102 0
7 102 0
31 102 0
32 102 0
209 103 0
210 103 0
209 104 0
210 104 0
13 106 0
96 106 0
494 106 0
495 106 0
96 107 0
494 107 0
495 107 0
636 108 0
314 109 0
315 109 0
314 110 0
315 110 0
512 110 0
208 111 0
31 113 0
32 113 0
31 114 0
32 114 0
367 114 0
438 114 0
268 115 0
437 115 0
438 115 0
267 116 0
268 116 0
495 120 0
5 122 0
6 122 0
560 124 0
613 124 0
612 125 0
613 125 0
161 126 0
161 127 0
200 127 0
201 127 0
157 128 0
200 128 0
201 128 0
157 129 0
618 129 0
109 130 0
109 131 0
356 131 0
375 132 0
464 132 0
375 133 0
250 134 0
599 134 0
600 134 0
207 135 0
511 135 0
599 135 0
600 135 0
162 136 0
206 136 0
207 136 0
425 137 0
445 137 0
446 137 0
445 138 0
446 138 0
381 140 0
381 141 0
422 141 0
423 141 0
445 141 0
446 141 0
620 141 0
621 141 0
151 142 0
445 142 0
446 142 0
523 142 0
150 143 0
151 143 0
199 144 0
146 148 0
147 148 0
130 150 0
561 155 0
210 156 0
211 156 0
561 156 0
570 156 0
571 156 0
210 157 0
385 157 0
395 157 0
484 157 0
570 157 0
571 157 0
8 158 0
471 158 0
484 158 0
470 159 0
471 159 0
1 161 0
186 163 0
514 163 0
404 165 0
405 165 0
404 166 0
571 173 0
72 178 0
73 178 0
72 179 0
73 179 0
94 181 0
95 181 0
157 181 0
158 181 0
95 182 0
158 182 0
81 183 0
94 184 0
584 184 0
94 185 0
584 185 0
253 187 0
461 187 0
171 188 0
5 195 0
369 195 0
370 195 0
369 196 0
370 196 0
146 197 0
147 197 0
182 197 0
333 197 0
334 197 0
524 197 0
525 197 0
146 198 0
147 198 0
182 198 0
349 198 0
350 198 0
391 198 0
464 198 0
524 198 0
2 199 0
3 199 0
390 199 0
391 199 0
2 200 0
3 200 0
44 200 0
45 200 0
262 201 0
377 201 0
378 201 0
104 204 0
34 206 0
345 206 0
256 207 0
479 207 0
276 209 0
470 210 0
470 211 0
483 214 0
146 215 0
222 215 0
483 215 0
153 216 0
136 217 0
153 217 0
479 217 0
480 217 0
148 218 0
325 218 0
442 218 0
479 218 0
480 218 0
442 219 0
443 219 0
401 220 0
350 221 0
378 222 0
379 222 0
222 223 0
287 223 0
343 223 0
102 226 0
434 226 0
255 229 0
138 231 0
139 231 0
300 231 0
300 232 0
291 233 0
131 234 0
389 234 0
390 234 0
527 234 0
263 235 0
368 235 0
484 235 0
527 235 0
528 235 0
260 236 0
325 238 0
326 238 0
325 239 0
405 239 0
614 240 0
185 244 0
619 244 0
249 245 0
619 245 0
332 246 0
268 247 0
272 247 0
332 247 0
435 247 0
51 248 0
382 248 0
383 248 0
90 249 0
329 249 0
62 250 0
90 250 0
156 250 0
159 250 0
160 250 0
175 250 0
329 250 0
532 250 0
62 251 0
532 251 0
458 252 0
466 252 0
194 253 0
273 253 0
422 253 0
423 253 0
125 254 0
126 254 0
202 254 0
203 254 0
422 254 0
423 254 0
254 256 0
527 258 0
233 263 0
234 263 0
593 264 0
75 265 0
76 265 0
593 265 0
602 265 0
330 266 0
601 266 0
602 266 0
275 267 0
402 269 0
85 270 0
86 270 0
177 271 0
232 271 0
233 271 0
323 271 0
339 271 0
385 271 0
386 271 0
177 272 0
323 272 0
10 273 0
9 274 0
10 274 0
334 274 0
123 275 0
303 275 0
497 275 0
519 275 0
520 275 0
519 276 0
520 276 0
325 278 0
92 279 0
347 279 0
348 279 0
347 280 0
348 280 0
479 281 0
551 281 0
552 281 0
389 284 0
389 285 0
487 288 0
488 288 0
248 289 0
429 289 0
487 289 0
488 289 0
429 290 0
138 292 0
162 292 0
423 292 0
48 293 0
264 293 0
48 294 0
235 294 0
265 294 0
485 294 0
486 294 0
235 295 0
230 296 0
589 298 0
255 299 0
136 300 0
137 300 0
137 301 0
379 301 0
162 302 0
269 302 0
379 302 0
59 305 0
382 306 0
383 306 0
396 306 0
181 307 0
182 307 0
241 307 0
242 307 0
382 307 0
383 307 0
396 307 0
49 308 0
222 308 0
223 308 0
241 308 0
242 308 0
249 308 0
222 309 0
223 309 0
271 310 0
390 310 0
255 311 0
271 311 0
390 311 0
394 312 0
394 313 0
395 313 0
422 313 0
622 313 0
108 314 0
109 314 0
161 314 0
162 314 0
247 314 0
333 314 0
334 314 0
109 315 0
162 315 0
247 315 0
333 315 0
334 315 0
14 316 0
15 316 0
194 316 0
628 316 0
629 316 0
14 317 0
15 317 0
331 317 0
332 317 0
629 317 0
58 318 0
59 318 0
184 318 0
185 318 0
331 318 0
58 319 0
59 319 0
577 320 0
578 320 0
569 323 0
570 323 0
591 323 0
214 325 0
443 325 0
341 326 0
443 326 0
444 326 0
192 327 0
341 327 0
342 327 0
29 328 0
30 328 0
101 330 0
378 330 0
446 330 0
447 330 0
631 332 0
606 333 0
607 333 0
613 335 0
434 336 0
613 336 0
115 337 0
435 339 0
636 339 0
240 341 0
599 341 0
266 342 0
599 342 0
265 343 0
266 343 0
523 343 0
524 343 0
250 344 0
340 344 0
341 344 0
523 344 0
524 344 0
587 344 0
412 345 0
194 346 0
195 346 0
583 346 0
194 347 0
195 347 0
149 348 0
150 348 0
149 349 0
150 349 0
72 350 0
73 350 0
270 353 0
127 354 0
102 355 0
127 355 0
604 356 0
102 358 0
451 358 0
452 358 0
451 359 0
452 359 0
421 360 0
542 360 0
543 360 0
420 361 0
421 361 0
542 361 0
543 361 0
378 363 0
379 363 0
593 366 0
594 366 0
295 367 0
593 367 0
280 368 0
295 368 0
310 368 0
316 368 0
280 369 0
310 369 0
424 369 0
423 370 0
424 370 0
423 371 0
571 372 0
572 372 0
311 374 0
516 379 0
533 379 0
628 379 0
629 379 0
476 380 0
218 381 0
219 381 0
218 382 0
219 382 0
308 383 0
378 384 0
450 386 0
10 387 0
339 387 0
373 387 0
374 387 0
10 388 0
48 388 0
339 388 0
624 388 0
47 389 0
48 389 0
295 389 0
425 389 0
624 389 0
625 389 0
289 390 0
295 390 0
289 391 0
23 393 0
24 393 0
480 393 0
24 394 0
417 394 0
418 394 0
417 395 0
418 395 0
371 396 0
372 396 0
97 397 0
98 397 0
371 397 0
372 397 0
241 399 0
303 399 0
304 399 0
423 399 0
418 400 0
443 400 0
443 401 0
444 401 0
129 402 0
150 403 0
267 403 0
268 403 0
150 404 0
293 406 0
293 407 0
395 411 0
151 412 0
149 413 0
263 414 0
264 414 0
578 417 0
579 417 0
438 420 0
439 420 0
37 421 0
38 421 0
574 421 0
37 422 0
38 422 0
89 423 0
221 423 0
104 426 0
105 426 0
144 426 0
105 427 0
144 427 0
92 428 0
93 428 0
265 428 0
92 429 0
316 429 0
317 429 0
606 429 0
192 430 0
193 430 0
606 430 0
192 431 0
193 431 0
629 432 0
630 432 0
420 434 0
505 434 0
506 434 0
420 435 0
505 435 0
83 436 0
183 436 0
83 437 0
160 440 0
161 440 0
55 442 0
177 443 0
178 443 0
295 445 0
443 451 0
444 451 0
208 452 0
443 452 0
423 456 0
334 457 0
335 457 0
422 457 0
423 457 0
334 458 0
335 458 0
635 458 0
636 458 0
635 459 0
636 459 0
444 460 0
445 460 0
343 462 0
220 465 0
221 465 0
478 469 0
240 471 0
240 472 0
125 475 0
125 476 0
472 476 0
425 477 0
472 477 0
414 478 0
425 478 0
295 99 1
296 99 1
295 100 1
296 100 1
295 101 1
296 101 1
295 102 1
296 102 1
296 103 1
296 104 1
291 105 1
296 105 1
297 105 1
291 106 1
292 106 1
296 106 1
297 106 1
296 107 1
297 107 1
296 108 1
297 108 1
296 109 1
297 109 1
296 110 1
297 110 1
296 111 1
297 111 1
306 111 1
296 112 1
297 112 1
296 113 1
297 113 1
296 114 1
297 114 1
296 115 1
297 115 1
296 116 1
297 116 1
295 117 1
296 117 1
297 117 1
295 118 1
296 118 1
297 118 1
295 119 1
296 119 1
297 119 1
304 119 1
305 119 1
325 119 1
326 119 1
327 119 1
296 120 1
297 120 1
298 120 1
299 120 1
301 120 1
302 120 1
303 120 1
304 120 1
305 120 1
306 120 1
307 120 1
308 120 1
324 120 1
325 120 1
326 120 1
327 120 1
299 121 1
300 121 1
301 121 1
302 121 1
303 121 1
311 121 1
312 121 1
321 121 1
322 121 1
324 121 1
325 121 1
326 121 1
327 121 1
299 122 1
300 122 1
310 122 1
311 122 1
312 122 1
313 122 1
321 122 1
325 122 1
326 122 1
299 123 1
300 123 1
311 123 1
312 123 1
313 123 1
323 123 1
325 123 1
326 123 1
299 124 1
300 124 1
312 124 1
313 124 1
320 124 1
321 124 1
322 124 1
323 124 1
325 124 1
326 124 1
300 125 1
312 125 1
313 125 1
314 125 1
320 125 1
325 125 1
300 126 1
301 126 1
303 126 1
312 126 1
313 126 1
314 126 1
323 126 1
324 126 1
325 126 1
300 127 1
301 127 1
303 127 1
312 127 1
313 127 1
314 127 1
317 127 1
321 127 1
323 127 1
324 127 1
300 128 1
301 128 1
312 128 1
313 128 1
314 128 1
323 128 1
324 128 1
301 129 1
302 129 1
312 129 1
313 129 1
314 129 1
323 129 1
324 129 1
301 130 1
302 130 1
304 130 1
313 130 1
314 130 1
322 130 1
323 130 1
324 130 1
301 131 1
302 131 1
303 131 1
311 131 1
313 131 1
314 131 1
320 131 1
321 131 1
323 131 1
302 132 1
303 132 1
313 132 1
314 132 1
322 132 1
323 132 1
302 133 1
303 133 1
306 133 1
313 133 1
314 133 1
315 133 1
320 133 1
322 133 1
323 133 1
302 134 1
303 134 1
304 134 1
305 134 1
306 134 1
313 134 1
314 134 1
315 134 1
321 134 1
322 134 1
323 134 1
303 135 1
304 135 1
306 135 1
308 135 1
310 135 1
314 135 1
315 135 1
320 135 1
321 135 1
322 135 1
303 136 1
304 136 1
306 136 1
307 136 1
308 136 1
309 136 1
313 136 1
314 136 1
315 136 1
320 136 1
321 136 1
322 136 1
303 137 1
304 137 1
305 137 1
307 137 1
314 137 1
315 137 1
316 137 1
320 137 1
321 137 1
322 137 1
304 138 1
305 138 1
307 138 1
314 138 1
315 138 1
316 138 1
319 138 1
320 138 1
321 138 1
304 139 1
305 139 1
307 139 1
308 139 1
309 139 1
310 139 1
314 139 1
315 139 1
316 139 1
320 139 1
321 139 1
297 140 1
304 140 1
305 140 1
306 140 1
308 140 1
309 140 1
310 140 1
311 140 1
315 140 1
316 140 1
318 140 1
319 140 1
320 140 1
305 141 1
306 141 1
307 141 1
308 141 1
309 141 1
310 141 1
311 141 1
314 141 1
315 141 1
316 141 1
317 141 1
318 141 1
319 141 1
320 141 1
305 142 1
306 142 1
307 142 1
308 142 1
309 142 1
310 142 1
311 142 1
312 142 1
313 142 1
315 142 1
316 142 1
317 142 1
318 142 1
319 142 1
305 143 1
306 143 1
309 143 1
310 143 1
313 143 1
314 143 1
315 143 1
316 143 1
317 143 1
318 143 1
319 143 1
305 144 1
306 144 1
308 144 1
309 144 1
310 144 1
312 144 1
313 144 1
314 144 1
316 144 1
317 144 1
318 144 1
319 144 1
305 145 1
306 145 1
309 145 1
310 145 1
311 145 1
312 145 1
313 145 1
316 145 1
317 145 1
318 145 1
306 146 1
307 146 1
309 146 1
310 146 1
311 146 1
314 146 1
316 146 1
317 146 1
318 146 1
306 147 1
307 147 1
316 147 1
317 147 1
318 147 1
267 148 1
306 148 1
307 148 1
311 148 1
316 148 1
306 149 1
307 149 1
308 149 1
309 149 1
310 149 1
311 149 1
312 149 1
313 149 1
314 149 1
315 149 1
316 149 1
306 150 1
307 150 1
308 150 1
309 150 1
310 150 1
311 150 1
312 150 1
313 150 1
314 150 1
315 150 1
316 150 1
306 151 1
307 151 1
309 151 1
310 151 1
311 151 1
312 151 1
313 151 1
314 151 1
315 151 1
316 151 1
306 152 1
307 152 1
308 152 1
309 152 1
310 152 1
311 152 1
312 152 1
315 152 1
316 152 1
307 153 1
308 153 1
309 153 1
310 153 1
311 153 1
312 153 1
313 153 1
314 153 1
315 153 1
316 153 1
306 154 1
308 154 1
309 154 1
310 154 1
311 154 1
312 154 1
313 154 1
314 154 1
315 154 1
316 154 1
305 155 1
306 155 1
307 155 1
308 155 1
309 155 1
310 155 1
311 155 1
312 155 1
313 155 1
314 155 1
315 155 1
305 156 1
306 156 1
307 156 1
308 156 1
309 156 1
310 156 1
311 156 1
312 156 1
313 156 1
314 156 1
315 156 1
305 157 1
306 157 1
309 157 1
310 157 1
311 157 1
312 157 1
313 157 1
314 157 1
304 158 1
305 158 1
309 158 1
310 158 1
311 158 1
312 158 1
313 158 1
314 158 1
315 158 1
307 159 1
309 159 1
310 159 1
311 159 1
312 159 1
313 159 1
305 160 1
307 160 1
309 160 1
312 160 1
313 160 1
304 161 1
305 161 1
307 161 1
309 161 1
311 161 1
342 161 1
304 162 1
305 162 1
306 162 1
307 162 1
309 162 1
313 162 1
342 162 1
343 162 1
303 163 1
304 163 1
306 163 1
307 163 1
343 163 1
344 163 1
304 164 1
307 164 1
310 164 1
313 164 1
314 164 1
303 165 1
304 165 1
307 165 1
310 165 1
311 165 1
312 165 1
314 165 1
315 165 1
303 166 1
304 166 1
307 166 1
310 166 1
314 166 1
315 166 1
301 167 1
302 167 1
303 167 1
307 167 1
313 167 1
302 168 1
307 168 1
312 168 1
300 169 1
302 169 1
303 169 1
307 169 1
308 169 1
311 169 1
312 169 1
313 169 1
314 169 1
315 169 1
316 169 1
335 169 1
336 169 1
300 170 1
303 170 1
307 170 1
308 170 1
314 170 1
316 170 1
317 170 1
300 171 1
303 171 1
307 171 1
308 171 1
311 171 1
313 171 1
316 171 1
317 171 1
300 172 1
303 172 1
307 172 1
308 172 1
316 172 1
317 172 1
318 172 1
283 173 1
284 173 1
307 173 1
308 173 1
309 173 1
310 173 1
311 173 1
312 173 1
313 173 1
314 173 1
316 173 1
317 173 1
284 174 1
285 174 1
307 174 1
308 174 1
309 174 1
310 174 1
311 174 1
312 174 1
313 174 1
314 174 1
316 174 1
317 174 1
285 175 1
286 175 1
303 175 1
306 175 1
307 175 1
308 175 1
309 175 1
310 175 1
311 175 1
312 175 1
313 175 1
316 175 1
317 175 1
307 176 1
308 176 1
309 176 1
310 176 1
311 176 1
312 176 1
313 176 1
314 176 1
315 176 1
316 176 1
306 177 1
307 177 1
308 177 1
309 177 1
310 177 1
311 177 1
312 177 1
313 177 1
314 177 1
315 177 1
316 177 1
317 177 1
305 178 1
309 178 1
310 178 1
311 178 1
312 178 1
317 178 1
301 179 1
305 179 1
306 179 1
309 179 1
310 179 1
312 179 1
313 179 1
317 179 1
305 180 1
306 180 1
309 180 1
312 180 1
313 180 1
314 180 1
315 180 1
317 180 1
318 180 1
303 181 1
305 181 1
306 181 1
309 181 1
310 181 1
314 181 1
317 181 1
318 181 1
304 182 1
305 182 1
306 182 1
310 182 1
317 182 1
318 182 1
319 182 1
320 182 1
305 183 1
306 183 1
309 183 1
310 183 1
314 183 1
317 183 1
318 183 1
319 183 1
306 184 1
310 184 1
318 184 1
319 184 1
307 185 1
310 185 1
311 185 1
312 185 1
313 185 1
318 185 1
319 185 1
310 186 1
311 186 1
313 186 1
314 186 1
315 186 1
316 186 1
318 186 1
319 186 1
310 187 1
311 187 1
312 187 1
313 187 1
314 187 1
315 187 1
316 187 1
317 187 1
318 187 1
319 187 1
310 188 1
311 188 1
313 188 1
314 188 1
315 188 1
316 188 1
317 188 1
318 188 1
319 188 1
310 189 1
314 189 1
315 189 1
317 189 1
318 189 1
319 189 1
311 190 1
312 190 1
313 190 1
314 190 1
317 190 1
318 190 1
311 191 1
313 191 1
314 191 1
318 191 1
319 191 1
320 191 1
311 192 1
317 192 1
318 192 1
320 192 1
321 192 1
322 192 1
311 193 1
312 193 1
313 193 1
314 193 1
317 193 1
320 193 1
321 193 1
322 193 1
311 194 1
313 194 1
314 194 1
315 194 1
318 194 1
319 194 1
320 194 1
321 194 1
322 194 1
323 194 1
311 195 1
312 195 1
313 195 1
317 195 1
318 195 1
319 195 1
320 195 1
321 195 1
322 195 1
323 195 1
311 196 1
312 196 1
315 196 1
316 196 1
317 196 1
318 196 1
319 196 1
320 196 1
321 196 1
322 196 1
323 196 1
324 196 1
311 197 1
312 197 1
313 197 1
314 197 1
315 197 1
316 197 1
317 197 1
318 197 1
319 197 1
320 197 1
321 197 1
322 197 1
323 197 1
324 197 1
311 198 1
312 198 1
313 198 1
314 198 1
315 198 1
316 198 1
317 198 1
318 198 1
319 198 1
320 198 1
321 198 1
322 198 1
323 198 1
324 198 1
311 199 1
312 199 1
313 199 1
314 199 1
315 199 1
316 199 1
317 199 1
318 199 1
319 199 1
320 199 1
321 199 1
322 199 1
323 199 1
324 199 1
311 200 1
312 200 1
313 200 1
314 200 1
315 200 1
316 200 1
317 200 1
318 200 1
319 200 1
320 200 1
321 200 1
322 200 1
323 200 1
311 201 1
314 201 1
315 201 1
316 201 1
317 201 1
318 201 1
314 202 1
315 202 1
316 202 1
317 202 1
318 202 1
319 202 1
315 203 1
316 203 1
317 203 1
318 203 1
319 203 1
320 203 1
321 203 1
322 203 1
316 204 1
317 204 1
318 204 1
319 204 1
320 204 1
321 204 1
322 204 1
297 211 1
301 71 2
302 71 2
290 73 2
291 73 2
292 73 2
293 73 2
289 74 2
290 74 2
291 74 2
292 74 2
293 74 2
295 74 2
299 74 2
289 75 2
290 75 2
291 75 2
292 75 2
293 75 2
294 75 2
295 75 2
288 76 2
289 76 2
290 76 2
291 76 2
292 76 2
293 76 2
294 76 2
288 77 2
289 77 2
290 77 2
291 77 2
292 77 2
293 77 2
295 77 2
287 78 2
288 78 2
289 78 2
290 78 2
292 78 2
293 78 2
294 78 2
288 79 2
289 79 2
290 79 2
291 79 2
292 79 2
293 79 2
294 79 2
295 79 2
288 80 2
289 80 2
291 80 2
292 80 2
293 80 2
294 80 2
288 81 2
289 81 2
290 81 2
291 81 2
292 81 2
293 81 2
294 81 2
295 81 2
288 82 2
289 82 2
290 82 2
291 82 2
292 82 2
293 82 2
294 82 2
295 82 2
296 82 2
288 83 2
289 83 2
290 83 2
291 83 2
292 83 2
293 83 2
294 83 2
295 83 2
296 83 2
288 84 2
289 84 2
290 84 2
291 84 2
292 84 2
293 84 2
294 84 2
295 84 2
296 84 2
275 85 2
276 85 2
277 85 2
289 85 2
290 85 2
291 85 2
292 85 2
293 85 2
294 85 2
295 85 2
296 85 2
288 86 2
289 86 2
290 86 2
291 86 2
292 86 2
293 86 2
294 86 2
295 86 2
296 86 2
297 86 2
288 87 2
289 87 2
290 87 2
291 87 2
292 87 2
293 87 2
294 87 2
295 87 2
296 87 2
297 87 2
289 88 2
290 88 2
291 88 2
292 88 2
293 88 2
294 88 2
295 88 2
296 88 2
297 88 2
298 88 2
290 89 2
291 89 2
292 89 2
293 89 2
294 89 2
295 89 2
296 89 2
297 89 2
298 89 2
299 89 2
300 89 2
301 89 2
291 90 2
292 90 2
293 90 2
294 90 2
295 90 2
296 90 2
297 90 2
298 90 2
299 90 2
300 90 2
301 90 2
289 91 2
292 91 2
293 91 2
294 91 2
295 91 2
296 91 2
297 91 2
298 91 2
299 91 2
300 91 2
301 91 2
302 91 2
303 91 2
291 92 2
293 92 2
294 92 2
295 92 2
296 92 2
297 92 2
298 92 2
299 92 2
300 92 2
301 92 2
302 92 2
303 92 2
304 92 2
292 93 2
293 93 2
294 93 2
295 93 2
296 93 2
297 93 2
298 93 2
299 93 2
300 93 2
301 93 2
302 93 2
303 93 2
304 93 2
305 93 2
306 93 2
295 94 2
296 94 2
297 94 2
298 94 2
299 94 2
300 94 2
301 94 2
302 94 2
303 94 2
304 94 2
305 94 2
307 94 2
308 94 2
309 94 2
310 94 2
327 94 2
329 94 2
293 95 2
296 95 2
297 95 2
298 95 2
299 95 2
300 95 2
301 95 2
302 95 2
303 95 2
304 95 2
305 95 2
306 95 2
307 95 2
310 95 2
311 95 2
295 96 2
296 96 2
298 96 2
299 96 2
300 96 2
301 96 2
302 96 2
303 96 2
304 96 2
305 96 2
306 96 2
307 96 2
308 96 2
309 96 2
310 96 2
311 96 2
312 96 2
328 96 2
299 97 2
300 97 2
301 97 2
302 97 2
303 97 2
304 97 2
305 97 2
306 97 2
307 97 2
308 97 2
309 97 2
310 97 2
312 97 2
313 97 2
314 97 2
325 97 2
327 97 2
328 97 2
292 98 2
293 98 2
301 98 2
302 98 2
303 98 2
304 98 2
305 98 2
306 98 2
307 98 2
308 98 2
309 98 2
310 98 2
313 98 2
314 98 2
315 98 2
316 98 2
323 98 2
327 98 2
328 98 2
292 99 2
302 99 2
303 99 2
304 99 2
305 99 2
306 99 2
307 99 2
308 99 2
309 99 2
310 99 2
312 99 2
314 99 2
319 99 2
320 99 2
321 99 2
322 99 2
327 99 2
328 99 2
329 99 2
292 100 2
293 100 2
304 100 2
305 100 2
306 100 2
312 100 2
313 100 2
314 100 2
315 100 2
318 100 2
319 100 2
320 100 2
321 100 2
322 100 2
328 100 2
329 100 2
310 101 2
312 101 2
313 101 2
314 101 2
315 101 2
319 101 2
320 101 2
327 101 2
328 101 2
329 101 2
313 102 2
314 102 2
315 102 2
316 102 2
317 102 2
318 102 2
319 102 2
320 102 2
321 102 2
325 102 2
326 102 2
327 102 2
328 102 2
315 103 2
316 103 2
317 103 2
318 103 2
319 103 2
320 103 2
321 103 2
322 103 2
325 103 2
326 103 2
327 103 2
328 103 2
316 104 2
317 104 2
318 104 2
319 104 2
320 104 2
321 104 2
322 104 2
325 104 2
326 104 2
327 104 2
328 104 2
316 105 2
317 105 2
318 105 2
319 105 2
320 105 2
321 105 2
325 105 2
326 105 2
327 105 2
317 106 2
318 106 2
319 106 2
320 106 2
321 106 2
325 106 2
326 106 2
327 106 2
308 107 2
325 107 2
326 107 2
327 107 2
325 108 2
326 108 2
325 109 2
334 94 3
335 94 3
334 95 3
334 96 3
335 96 3
336 96 3
334 97 3
335 97 3
336 97 3
333 98 3
334 98 3
335 98 3
336 98 3
333 99 3
334 99 3
335 99 3
336 99 3
333 100 3
334 100 3
335 100 3
336 100 3
334 101 3
335 101 3
336 101 3
333 102 3
334 102 3
335 102 3
336 102 3
333 103 3
334 103 3
335 103 3
336 103 3
334 104 3
335 104 3
336 104 3
334 105 3
335 105 3
334 106 3
335 106 3
334 107 3
335 107 3
325 108 3
326 108 3
333 108 3
334 108 3
335 108 3
325 109 3
326 109 3
332 109 3
333 109 3
334 109 3
335 109 3
325 110 3
326 110 3
327 110 3
332 110 3
333 110 3
334 110 3
335 110 3
347 110 3
325 111 3
326 111 3
327 111 3
333 111 3
334 111 3
347 111 3
348 111 3
349 111 3
350 111 3
325 112 3
326 112 3
327 112 3
332 112 3
333 112 3
334 112 3
351 112 3
352 112 3
324 113 3
325 113 3
326 113 3
327 113 3
331 113 3
332 113 3
333 113 3
322 114 3
323 114 3
324 114 3
325 114 3
326 114 3
327 114 3
328 114 3
329 114 3
330 114 3
331 114 3
332 114 3
333 114 3
322 115 3
323 115 3
324 115 3
325 115 3
326 115 3
327 115 3
328 115 3
329 115 3
330 115 3
331 115 3
332 115 3
333 115 3
322 116 3
323 116 3
324 116 3
325 116 3
326 116 3
327 116 3
328 116 3
329 116 3
330 116 3
331 116 3
332 116 3
333 116 3
322 117 3
323 117 3
324 117 3
325 117 3
326 117 3
327 117 3
328 117 3
329 117 3
330 117 3
331 117 3
332 117 3
324 118 3
325 118 3
326 118 3
327 118 3
328 118 3
329 118 3
330 118 3
331 118 3
326 119 3
327 119 3
328 119 3
329 119 3
327 120 3
328 120 3
