336 1 0
534 4 0
95 6 0
443 6 0
95 7 0
262 8 0
264 10 0
308 10 0
309 10 0
258 11 0
259 11 0
308 11 0
309 11 0
173 13 0
174 13 0
421 13 0
622 13 0
44 14 0
45 14 0
173 14 0
174 14 0
326 14 0
447 14 0
592 14 0
301 15 0
326 15 0
327 15 0
308 16 0
309 16 0
382 17 0
453 17 0
454 17 0
339 18 0
358 18 0
359 18 0
369 18 0
358 19 0
359 19 0
369 19 0
561 19 0
562 19 0
561 20 0
562 20 0
573 20 0
406 21 0
151 22 0
151 23 0
453 23 0
363 24 0
364 24 0
363 25 0
364 25 0
408 25 0
590 26 0
591 26 0
602 26 0
591 27 0
352 28 0
352 29 0
322 32 0
49 33 0
50 33 0
324 33 0
365 33 0
366 33 0
49 34 0
50 34 0
324 34 0
325 34 0
583 34 0
584 34 0
311 35 0
325 35 0
326 36 0
309 37 0
310 37 0
326 37 0
327 37 0
309 38 0
327 38 0
204 39 0
326 39 0
328 39 0
571 39 0
572 39 0
308 40 0
326 40 0
328 40 0
571 40 0
572 40 0
308 41 0
309 41 0
326 41 0
327 41 0
328 41 0
630 41 0
631 41 0
300 42 0
327 42 0
328 42 0
589 42 0
108 43 0
300 43 0
308 43 0
324 43 0
328 43 0
488 43 0
489 43 0
589 43 0
308 44 0
309 44 0
324 44 0
326 44 0
328 44 0
488 44 0
489 44 0
126 45 0
308 45 0
309 45 0
326 45 0
328 45 0
529 45 0
530 45 0
186 46 0
308 46 0
326 46 0
328 46 0
514 46 0
515 46 0
530 46 0
307 47 0
326 47 0
328 47 0
406 47 0
93 48 0
307 48 0
326 48 0
328 48 0
497 48 0
93 49 0
324 49 0
325 49 0
329 49 0
306 50 0
325 50 0
329 50 0
324 51 0
304 52 0
305 52 0
323 52 0
331 52 0
323 53 0
328 53 0
304 54 0
330 54 0
431 54 0
299 55 0
303 55 0
304 55 0
333 55 0
300 56 0
303 56 0
369 56 0
382 56 0
383 56 0
63 57 0
302 57 0
303 57 0
382 57 0
383 57 0
618 57 0
129 58 0
153 58 0
154 58 0
618 58 0
619 58 0
335 60 0
10 61 0
335 61 0
220 62 0
336 62 0
531 62 0
336 63 0
337 63 0
336 64 0
337 64 0
217 65 0
337 65 0
217 66 0
337 66 0
624 66 0
337 67 0
624 67 0
337 68 0
317 69 0
337 69 0
316 70 0
317 70 0
318 70 0
337 70 0
338 70 0
221 71 0
307 71 0
316 71 0
317 71 0
318 71 0
319 71 0
320 71 0
338 71 0
404 71 0
316 72 0
317 72 0
318 72 0
319 72 0
320 72 0
321 72 0
313 73 0
315 73 0
316 73 0
317 73 0
320 73 0
321 73 0
310 74 0
311 74 0
313 74 0
314 74 0
315 74 0
316 74 0
317 74 0
319 74 0
320 74 0
321 74 0
322 74 0
323 74 0
88 75 0
309 75 0
310 75 0
311 75 0
312 75 0
313 75 0
314 75 0
315 75 0
316 75 0
317 75 0
318 75 0
320 75 0
321 75 0
322 75 0
323 75 0
324 75 0
325 75 0
326 75 0
327 75 0
328 75 0
385 75 0
195 76 0
196 76 0
310 76 0
311 76 0
312 76 0
313 76 0
314 76 0
315 76 0
316 76 0
317 76 0
318 76 0
320 76 0
321 76 0
322 76 0
323 76 0
325 76 0
326 76 0
327 76 0
328 76 0
348 76 0
385 76 0
386 76 0
194 77 0
316 77 0
317 77 0
318 77 0
319 77 0
320 77 0
321 77 0
204 78 0
316 78 0
317 78 0
318 78 0
319 78 0
320 78 0
321 78 0
316 79 0
317 79 0
318 79 0
319 79 0
320 79 0
321 79 0
348 79 0
317 80 0
318 80 0
319 80 0
320 80 0
348 80 0
259 81 0
260 81 0
318 81 0
319 81 0
348 81 0
445 81 0
273 82 0
344 82 0
348 82 0
445 82 0
278 85 0
515 85 0
516 85 0
82 86 0
213 86 0
278 86 0
82 87 0
511 87 0
511 88 0
350 89 0
137 91 0
598 91 0
599 91 0
262 92 0
263 92 0
562 92 0
262 95 0
263 95 0
523 96 0
523 97 0
125 98 0
480 98 0
481 98 0
491 98 0
492 98 0
221 99 0
222 99 0
480 99 0
596 99 0
597 99 0
221 100 0
222 100 0
31 101 0
32 101 0
139 101 0
251 101 0
252 101 0
7 102 0
31 102 0
32 102 0
209 103 0
210 103 0
209 104 0
210 104 0
140 105 0
96 106 0
494 106 0
495 106 0
96 107 0
494 107 0
636 108 0
209 111 0
31 113 0
32 113 0
31 114 0
32 114 0
367 114 0
438 114 0
268 115 0
437 115 0
438 115 0
268 116 0
5 122 0
6 122 0
560 124 0
612 124 0
613 124 0
612 125 0
613 125 0
161 126 0
161 127 0
200 127 0
201 127 0
157 128 0
157 129 0
109 130 0
109 131 0
375 132 0
464 132 0
375 133 0
599 134 0
600 134 0
207 135 0
162 136 0
206 136 0
207 136 0
425 137 0
445 137 0
446 137 0
445 138 0
446 138 0
492 138 0
492 139 0
381 140 0
381 141 0
445 141 0
446 141 0
620 141 0
621 141 0
151 142 0
445 142 0
446 142 0
150 143 0
151 143 0
469 144 0
469 145 0
146 148 0
147 148 0
471 148 0
130 149 0
217 149 0
431 149 0
482 149 0
220 150 0
269 150 0
457 150 0
309 151 0
312 151 0
313 151 0
314 151 0
315 151 0
316 151 0
317 151 0
318 151 0
455 151 0
309 152 0
310 152 0
311 152 0
312 152 0
313 152 0
314 152 0
315 152 0
316 152 0
317 152 0
318 152 0
455 152 0
310 153 0
311 153 0
312 153 0
313 153 0
314 153 0
315 153 0
316 153 0
317 153 0
318 153 0
437 153 0
310 154 0
311 154 0
312 154 0
313 154 0
314 154 0
317 154 0
318 154 0
309 155 0
311 155 0
312 155 0
313 155 0
314 155 0
315 155 0
317 155 0
318 155 0
561 155 0
210 156 0
211 156 0
307 156 0
312 156 0
313 156 0
314 156 0
315 156 0
316 156 0
317 156 0
318 156 0
570 156 0
571 156 0
210 157 0
307 157 0
308 157 0
312 157 0
313 157 0
315 157 0
316 157 0
317 157 0
318 157 0
385 157 0
484 157 0
307 158 0
308 158 0
309 158 0
312 158 0
313 158 0
314 158 0
315 158 0
316 158 0
457 158 0
471 158 0
484 158 0
307 159 0
308 159 0
309 159 0
312 159 0
313 159 0
314 159 0
315 159 0
316 159 0
470 159 0
471 159 0
307 160 0
308 160 0
312 160 0
313 160 0
314 160 0
315 160 0
316 160 0
317 160 0
411 160 0
313 161 0
314 161 0
315 161 0
317 161 0
307 162 0
308 162 0
306 163 0
307 163 0
308 163 0
344 163 0
345 163 0
514 163 0
306 164 0
307 164 0
308 164 0
344 164 0
345 164 0
305 165 0
306 165 0
404 165 0
405 165 0
305 166 0
306 166 0
317 166 0
265 167 0
305 167 0
306 167 0
309 167 0
316 167 0
304 168 0
305 168 0
306 168 0
309 168 0
303 169 0
304 169 0
305 169 0
309 169 0
336 169 0
303 170 0
304 170 0
305 170 0
309 170 0
336 170 0
302 171 0
303 171 0
304 171 0
305 171 0
306 171 0
309 171 0
302 172 0
305 172 0
309 172 0
310 172 0
318 172 0
301 173 0
302 173 0
309 173 0
310 173 0
318 173 0
319 173 0
571 173 0
301 174 0
302 174 0
309 174 0
310 174 0
318 174 0
319 174 0
286 175 0
309 175 0
310 175 0
318 175 0
319 175 0
320 175 0
285 176 0
286 176 0
309 176 0
310 176 0
311 176 0
312 176 0
313 176 0
314 176 0
315 176 0
318 176 0
319 176 0
467 176 0
309 177 0
310 177 0
311 177 0
312 177 0
313 177 0
314 177 0
315 177 0
467 177 0
72 178 0
73 178 0
300 178 0
303 178 0
308 178 0
309 178 0
311 178 0
312 178 0
313 178 0
314 178 0
315 178 0
316 178 0
317 178 0
72 179 0
73 179 0
308 179 0
312 179 0
313 179 0
314 179 0
315 179 0
316 179 0
317 179 0
318 179 0
294 180 0
301 180 0
304 180 0
308 180 0
311 180 0
312 180 0
313 180 0
314 180 0
318 180 0
319 180 0
95 181 0
157 181 0
158 181 0
302 181 0
307 181 0
308 181 0
314 181 0
319 181 0
95 182 0
158 182 0
307 182 0
308 182 0
319 182 0
302 183 0
307 183 0
308 183 0
319 183 0
321 183 0
94 184 0
307 184 0
308 184 0
584 184 0
306 185 0
307 185 0
308 185 0
311 185 0
320 185 0
321 185 0
584 185 0
222 186 0
247 186 0
305 186 0
307 186 0
308 186 0
312 186 0
320 186 0
321 186 0
253 187 0
308 187 0
309 187 0
312 187 0
320 187 0
461 187 0
307 188 0
312 188 0
314 188 0
317 188 0
320 188 0
249 189 0
312 189 0
315 189 0
317 189 0
318 189 0
320 189 0
312 190 0
315 190 0
318 190 0
319 190 0
320 190 0
315 191 0
318 191 0
320 191 0
243 192 0
316 192 0
316 193 0
253 194 0
254 194 0
322 194 0
317 195 0
320 195 0
322 195 0
323 195 0
369 195 0
317 196 0
320 196 0
321 196 0
323 196 0
333 196 0
369 196 0
370 196 0
146 197 0
147 197 0
182 197 0
222 197 0
319 197 0
321 197 0
322 197 0
323 197 0
324 197 0
325 197 0
333 197 0
334 197 0
524 197 0
146 198 0
147 198 0
182 198 0
222 198 0
248 198 0
283 198 0
312 198 0
319 198 0
320 198 0
321 198 0
322 198 0
323 198 0
324 198 0
325 198 0
349 198 0
391 198 0
463 198 0
464 198 0
524 198 0
2 199 0
3 199 0
315 199 0
316 199 0
317 199 0
318 199 0
319 199 0
320 199 0
321 199 0
322 199 0
323 199 0
324 199 0
325 199 0
390 199 0
391 199 0
2 200 0
3 200 0
45 200 0
310 200 0
313 200 0
314 200 0
315 200 0
316 200 0
317 200 0
318 200 0
319 200 0
320 200 0
321 200 0
322 200 0
323 200 0
324 200 0
325 200 0
262 201 0
313 201 0
314 201 0
315 201 0
316 201 0
317 201 0
318 201 0
319 201 0
320 201 0
321 201 0
322 201 0
323 201 0
324 201 0
325 201 0
326 201 0
312 202 0
313 202 0
314 202 0
315 202 0
316 202 0
317 202 0
318 202 0
319 202 0
320 202 0
321 202 0
322 202 0
323 202 0
324 202 0
325 202 0
326 202 0
315 203 0
316 203 0
317 203 0
318 203 0
319 203 0
320 203 0
321 203 0
322 203 0
323 203 0
324 203 0
325 203 0
104 204 0
316 204 0
317 204 0
318 204 0
319 204 0
320 204 0
321 204 0
322 204 0
323 204 0
317 205 0
318 205 0
319 205 0
320 205 0
321 205 0
322 205 0
323 205 0
34 206 0
35 206 0
319 206 0
320 206 0
321 206 0
322 206 0
323 206 0
324 206 0
276 209 0
470 210 0
222 211 0
470 211 0
239 214 0
299 214 0
483 214 0
222 215 0
483 215 0
153 216 0
153 217 0
349 217 0
479 217 0
480 217 0
325 218 0
442 218 0
479 218 0
480 218 0
285 219 0
442 219 0
443 219 0
401 220 0
520 220 0
521 220 0
350 221 0
378 222 0
379 222 0
222 223 0
238 223 0
287 223 0
343 223 0
138 231 0
139 231 0
300 231 0
131 234 0
273 234 0
389 234 0
390 234 0
527 234 0
260 235 0
261 235 0
262 235 0
263 235 0
484 235 0
527 235 0
528 235 0
260 236 0
264 236 0
262 237 0
325 238 0
257 239 0
614 240 0
185 244 0
619 244 0
177 245 0
190 245 0
201 245 0
202 245 0
159 246 0
266 246 0
332 246 0
272 247 0
435 247 0
51 248 0
232 248 0
382 248 0
383 248 0
90 249 0
329 249 0
62 250 0
90 250 0
156 250 0
175 250 0
532 250 0
62 251 0
458 252 0
194 253 0
273 253 0
422 253 0
423 253 0
125 254 0
126 254 0
202 254 0
203 254 0
254 256 0
527 258 0
273 260 0
233 263 0
234 263 0
91 264 0
331 264 0
593 264 0
634 264 0
91 265 0
593 265 0
602 265 0
230 266 0
330 266 0
601 266 0
602 266 0
402 269 0
85 270 0
86 270 0
177 271 0
230 271 0
233 271 0
323 271 0
339 271 0
386 271 0
10 273 0
9 274 0
10 274 0
16 274 0
334 274 0
123 275 0
303 275 0
497 275 0
519 275 0
520 275 0
325 278 0
92 279 0
347 279 0
348 279 0
347 280 0
9 281 0
10 281 0
479 281 0
551 281 0
552 281 0
222 284 0
389 284 0
223 285 0
451 286 0
229 288 0
487 288 0
488 288 0
429 289 0
487 289 0
488 289 0
429 290 0
274 291 0
138 292 0
162 292 0
265 292 0
270 292 0
275 292 0
48 293 0
264 293 0
269 293 0
48 294 0
235 294 0
265 294 0
269 294 0
485 294 0
260 295 0
267 295 0
230 296 0
258 296 0
259 297 0
271 297 0
255 298 0
253 299 0
137 300 0
249 300 0
162 302 0
255 302 0
269 302 0
59 305 0
253 305 0
251 306 0
382 306 0
383 306 0
396 306 0
182 307 0
241 307 0
242 307 0
382 307 0
383 307 0
396 307 0
49 308 0
222 308 0
223 308 0
241 308 0
242 308 0
249 308 0
222 309 0
223 309 0
249 309 0
271 310 0
390 310 0
250 311 0
271 311 0
390 311 0
251 312 0
394 312 0
251 313 0
394 313 0
395 313 0
422 313 0
622 313 0
108 314 0
109 314 0
161 314 0
162 314 0
247 314 0
252 314 0
266 314 0
333 314 0
334 314 0
162 315 0
247 315 0
333 315 0
423 315 0
15 316 0
194 316 0
423 316 0
628 316 0
629 316 0
15 317 0
255 317 0
256 317 0
331 317 0
59 318 0
258 318 0
59 319 0
424 319 0
425 321 0
569 322 0
591 322 0
460 323 0
569 323 0
570 323 0
591 323 0
214 325 0
443 325 0
444 325 0
341 326 0
443 326 0
444 326 0
192 327 0
341 327 0
283 329 0
101 330 0
285 332 0
606 333 0
607 333 0
286 334 0
433 334 0
613 335 0
434 336 0
613 336 0
115 337 0
254 338 0
435 338 0
417 340 0
240 341 0
288 341 0
266 342 0
437 342 0
265 343 0
266 343 0
292 343 0
523 343 0
524 343 0
292 344 0
340 344 0
341 344 0
523 344 0
524 344 0
587 344 0
412 345 0
194 346 0
195 346 0
194 347 0
195 347 0
295 347 0
149 348 0
150 348 0
295 348 0
149 349 0
150 349 0
296 349 0
72 350 0
73 350 0
298 353 0
127 354 0
102 355 0
223 355 0
604 356 0
102 358 0
451 358 0
452 358 0
451 359 0
452 359 0
555 359 0
421 360 0
542 360 0
543 360 0
303 361 0
420 361 0
421 361 0
542 361 0
543 361 0
378 363 0
379 363 0
305 364 0
593 366 0
295 367 0
593 367 0
280 368 0
295 368 0
310 368 0
316 368 0
280 369 0
308 369 0
310 369 0
311 369 0
424 369 0
423 370 0
424 370 0
309 371 0
423 371 0
571 372 0
572 372 0
510 374 0
313 377 0
527 378 0
533 378 0
516 379 0
533 379 0
578 380 0
218 381 0
219 381 0
516 381 0
582 381 0
218 382 0
219 382 0
308 383 0
517 383 0
378 384 0
450 386 0
373 387 0
374 387 0
47 388 0
48 388 0
624 388 0
47 389 0
48 389 0
424 389 0
425 389 0
523 389 0
624 389 0
289 390 0
289 391 0
527 392 0
24 393 0
24 394 0
417 394 0
418 394 0
371 396 0
372 396 0
529 396 0
97 397 0
98 397 0
187 397 0
371 397 0
372 397 0
303 398 0
127 399 0
185 399 0
241 399 0
303 399 0
304 399 0
423 399 0
443 400 0
443 401 0
150 403 0
267 403 0
268 403 0
150 404 0
293 406 0
13 407 0
13 408 0
395 411 0
151 412 0
149 413 0
263 414 0
264 414 0
578 417 0
438 420 0
439 420 0
37 421 0
38 421 0
37 422 0
38 422 0
89 422 0
46 423 0
89 423 0
221 423 0
460 425 0
104 426 0
105 426 0
144 426 0
144 427 0
92 428 0
93 428 0
265 428 0
316 428 0
317 428 0
316 429 0
317 429 0
192 430 0
193 430 0
333 430 0
193 431 0
333 431 0
289 434 0
420 434 0
505 434 0
506 434 0
420 435 0
505 435 0
83 436 0
83 437 0
160 440 0
161 440 0
55 442 0
177 443 0
178 443 0
295 445 0
443 451 0
444 451 0
208 452 0
423 456 0
334 457 0
335 457 0
423 457 0
334 458 0
335 458 0
635 458 0
636 458 0
635 459 0
444 460 0
445 460 0
343 462 0
220 464 0
220 465 0
221 465 0
240 471 0
240 472 0
125 475 0
125 476 0
126 476 0
472 476 0
425 477 0
472 477 0
414 478 0
293 73 1
294 73 1
291 74 1
292 74 1
293 74 1
294 74 1
291 75 1
292 75 1
293 75 1
294 75 1
295 75 1
296 75 1
291 76 1
292 76 1
293 76 1
294 76 1
295 76 1
296 76 1
290 77 1
291 77 1
292 77 1
293 77 1
295 77 1
290 78 1
291 78 1
292 78 1
290 79 1
291 79 1
292 79 1
293 79 1
294 79 1
295 79 1
296 79 1
297 79 1
290 80 1
291 80 1
292 80 1
294 80 1
295 80 1
296 80 1
297 80 1
291 81 1
294 81 1
295 81 1
296 81 1
297 81 1
291 82 1
292 82 1
294 82 1
295 82 1
297 82 1
298 82 1
291 83 1
292 83 1
293 83 1
294 83 1
295 83 1
296 83 1
297 83 1
298 83 1
291 84 1
292 84 1
293 84 1
294 84 1
295 84 1
296 84 1
297 84 1
298 84 1
291 85 1
292 85 1
293 85 1
294 85 1
295 85 1
296 85 1
297 85 1
298 85 1
291 86 1
292 86 1
293 86 1
294 86 1
295 86 1
296 86 1
297 86 1
298 86 1
299 86 1
291 87 1
292 87 1
293 87 1
294 87 1
295 87 1
296 87 1
297 87 1
298 87 1
299 87 1
300 87 1
292 88 1
293 88 1
294 88 1
295 88 1
296 88 1
297 88 1
298 88 1
299 88 1
300 88 1
301 88 1
303 88 1
293 89 1
294 89 1
295 89 1
296 89 1
297 89 1
298 89 1
299 89 1
300 89 1
301 89 1
302 89 1
303 89 1
294 90 1
295 90 1
296 90 1
297 90 1
298 90 1
299 90 1
300 90 1
301 90 1
302 90 1
303 90 1
304 90 1
292 91 1
294 91 1
295 91 1
296 91 1
297 91 1
298 91 1
299 91 1
300 91 1
301 91 1
302 91 1
303 91 1
304 91 1
305 91 1
294 92 1
295 92 1
296 92 1
297 92 1
298 92 1
299 92 1
300 92 1
301 92 1
302 92 1
303 92 1
304 92 1
305 92 1
306 92 1
307 92 1
294 93 1
295 93 1
296 93 1
297 93 1
298 93 1
299 93 1
300 93 1
301 93 1
302 93 1
303 93 1
304 93 1
305 93 1
306 93 1
307 93 1
308 93 1
309 93 1
310 93 1
298 94 1
299 94 1
300 94 1
301 94 1
302 94 1
303 94 1
304 94 1
305 94 1
306 94 1
307 94 1
308 94 1
309 94 1
312 94 1
313 94 1
300 95 1
301 95 1
302 95 1
303 95 1
304 95 1
305 95 1
306 95 1
307 95 1
308 95 1
309 95 1
310 95 1
311 95 1
313 95 1
314 95 1
315 95 1
298 96 1
301 96 1
302 96 1
303 96 1
304 96 1
305 96 1
306 96 1
307 96 1
308 96 1
309 96 1
310 96 1
311 96 1
312 96 1
313 96 1
315 96 1
316 96 1
337 96 1
294 97 1
303 97 1
304 97 1
305 97 1
306 97 1
307 97 1
308 97 1
309 97 1
310 97 1
311 97 1
312 97 1
313 97 1
316 97 1
317 97 1
318 97 1
336 97 1
337 97 1
294 98 1
295 98 1
296 98 1
305 98 1
306 98 1
307 98 1
308 98 1
309 98 1
310 98 1
311 98 1
312 98 1
313 98 1
316 98 1
319 98 1
320 98 1
330 98 1
336 98 1
337 98 1
295 99 1
296 99 1
305 99 1
307 99 1
308 99 1
309 99 1
310 99 1
311 99 1
312 99 1
313 99 1
314 99 1
315 99 1
317 99 1
323 99 1
324 99 1
325 99 1
326 99 1
328 99 1
336 99 1
337 99 1
338 99 1
295 100 1
296 100 1
308 100 1
309 100 1
317 100 1
318 100 1
319 100 1
324 100 1
325 100 1
326 100 1
328 100 1
336 100 1
337 100 1
295 101 1
296 101 1
313 101 1
318 101 1
319 101 1
323 101 1
324 101 1
328 101 1
329 101 1
330 101 1
335 101 1
336 101 1
337 101 1
295 102 1
296 102 1
324 102 1
328 102 1
329 102 1
330 102 1
336 102 1
337 102 1
338 102 1
294 103 1
295 103 1
296 103 1
320 103 1
321 103 1
322 103 1
323 103 1
324 103 1
325 103 1
328 103 1
329 103 1
330 103 1
336 103 1
337 103 1
338 103 1
295 104 1
296 104 1
320 104 1
321 104 1
322 104 1
323 104 1
324 104 1
325 104 1
328 104 1
329 104 1
330 104 1
336 104 1
337 104 1
338 104 1
295 105 1
296 105 1
297 105 1
320 105 1
321 105 1
322 105 1
323 105 1
324 105 1
325 105 1
328 105 1
329 105 1
330 105 1
336 105 1
337 105 1
338 105 1
295 106 1
296 106 1
297 106 1
321 106 1
322 106 1
323 106 1
324 106 1
328 106 1
329 106 1
330 106 1
336 106 1
337 106 1
291 107 1
295 107 1
296 107 1
297 107 1
311 107 1
313 107 1
324 107 1
328 107 1
329 107 1
336 107 1
337 107 1
291 108 1
296 108 1
297 108 1
311 108 1
312 108 1
313 108 1
329 108 1
336 108 1
337 108 1
295 109 1
296 109 1
297 109 1
298 109 1
310 109 1
311 109 1
312 109 1
313 109 1
314 109 1
328 109 1
329 109 1
336 109 1
337 109 1
295 110 1
296 110 1
297 110 1
310 110 1
311 110 1
312 110 1
313 110 1
314 110 1
328 110 1
336 110 1
337 110 1
296 111 1
297 111 1
313 111 1
314 111 1
328 111 1
335 111 1
336 111 1
337 111 1
296 112 1
297 112 1
314 112 1
328 112 1
329 112 1
335 112 1
336 112 1
337 112 1
348 112 1
349 112 1
350 112 1
351 112 1
352 112 1
296 113 1
297 113 1
315 113 1
328 113 1
329 113 1
330 113 1
335 113 1
336 113 1
337 113 1
348 113 1
349 113 1
350 113 1
352 113 1
296 114 1
297 114 1
298 114 1
317 114 1
327 114 1
328 114 1
329 114 1
330 114 1
334 114 1
335 114 1
336 114 1
296 115 1
297 115 1
298 115 1
327 115 1
328 115 1
329 115 1
330 115 1
331 115 1
334 115 1
335 115 1
336 115 1
296 116 1
297 116 1
326 116 1
327 116 1
328 116 1
329 116 1
330 116 1
331 116 1
332 116 1
333 116 1
334 116 1
335 116 1
336 116 1
296 117 1
297 117 1
298 117 1
325 117 1
326 117 1
327 117 1
328 117 1
329 117 1
330 117 1
331 117 1
332 117 1
333 117 1
334 117 1
335 117 1
336 117 1
296 118 1
297 118 1
325 118 1
326 118 1
327 118 1
328 118 1
329 118 1
330 118 1
331 118 1
332 118 1
333 118 1
334 118 1
335 118 1
336 118 1
296 119 1
297 119 1
325 119 1
326 119 1
327 119 1
328 119 1
329 119 1
330 119 1
331 119 1
332 119 1
333 119 1
334 119 1
335 119 1
296 120 1
297 120 1
325 120 1
326 120 1
327 120 1
328 120 1
329 120 1
330 120 1
331 120 1
332 120 1
333 120 1
296 121 1
297 121 1
304 121 1
325 121 1
326 121 1
327 121 1
328 121 1
329 121 1
330 121 1
331 121 1
296 122 1
297 122 1
298 122 1
299 122 1
301 122 1
302 122 1
303 122 1
304 122 1
305 122 1
306 122 1
307 122 1
309 122 1
325 122 1
326 122 1
327 122 1
328 122 1
298 123 1
299 123 1
300 123 1
313 123 1
314 123 1
324 123 1
325 123 1
326 123 1
327 123 1
299 124 1
300 124 1
313 124 1
314 124 1
323 124 1
325 124 1
326 124 1
300 125 1
313 125 1
314 125 1
324 125 1
325 125 1
326 125 1
300 126 1
301 126 1
312 126 1
313 126 1
314 126 1
322 126 1
325 126 1
326 126 1
312 127 1
313 127 1
314 127 1
319 127 1
322 127 1
324 127 1
325 127 1
301 128 1
311 128 1
312 128 1
313 128 1
314 128 1
323 128 1
324 128 1
325 128 1
300 129 1
301 129 1
302 129 1
312 129 1
313 129 1
314 129 1
323 129 1
324 129 1
300 130 1
302 130 1
305 130 1
312 130 1
313 130 1
314 130 1
320 130 1
323 130 1
324 130 1
301 131 1
302 131 1
305 131 1
306 131 1
313 131 1
314 131 1
323 131 1
324 131 1
301 132 1
302 132 1
303 132 1
309 132 1
313 132 1
314 132 1
315 132 1
323 132 1
324 132 1
302 133 1
303 133 1
307 133 1
313 133 1
314 133 1
321 133 1
322 133 1
302 134 1
303 134 1
304 134 1
306 134 1
313 134 1
314 134 1
321 134 1
302 135 1
303 135 1
304 135 1
306 135 1
312 135 1
313 135 1
314 135 1
315 135 1
303 136 1
304 136 1
305 136 1
306 136 1
311 136 1
314 136 1
315 136 1
320 136 1
322 136 1
304 137 1
310 137 1
311 137 1
313 137 1
314 137 1
315 137 1
321 137 1
322 137 1
304 138 1
305 138 1
308 138 1
312 138 1
313 138 1
314 138 1
315 138 1
316 138 1
320 138 1
321 138 1
322 138 1
304 139 1
305 139 1
306 139 1
312 139 1
313 139 1
314 139 1
315 139 1
316 139 1
319 139 1
320 139 1
321 139 1
304 140 1
305 140 1
308 140 1
315 140 1
316 140 1
319 140 1
320 140 1
321 140 1
307 141 1
308 141 1
310 141 1
311 141 1
312 141 1
313 141 1
315 141 1
316 141 1
317 141 1
319 141 1
320 141 1
321 141 1
296 142 1
305 142 1
306 142 1
309 142 1
310 142 1
312 142 1
313 142 1
315 142 1
316 142 1
317 142 1
319 142 1
320 142 1
305 143 1
306 143 1
309 143 1
310 143 1
312 143 1
314 143 1
315 143 1
316 143 1
317 143 1
319 143 1
320 143 1
306 144 1
307 144 1
308 144 1
310 144 1
311 144 1
315 144 1
316 144 1
317 144 1
318 144 1
319 144 1
320 144 1
306 145 1
307 145 1
308 145 1
309 145 1
310 145 1
311 145 1
312 145 1
313 145 1
316 145 1
317 145 1
318 145 1
319 145 1
305 146 1
306 146 1
307 146 1
309 146 1
313 146 1
315 146 1
316 146 1
317 146 1
318 146 1
311 147 1
315 147 1
317 147 1
318 147 1
307 148 1
312 148 1
317 148 1
307 149 1
317 149 1
