100 1 0
534 4 0
95 6 0
443 6 0
95 7 0
263 7 0
387 7 0
262 8 0
270 8 0
11 9 0
263 9 0
270 9 0
11 10 0
308 10 0
309 10 0
258 11 0
259 11 0
308 11 0
309 11 0
151 12 0
259 12 0
173 13 0
174 13 0
419 13 0
420 13 0
421 13 0
422 13 0
622 13 0
44 14 0
173 14 0
174 14 0
326 14 0
432 14 0
433 14 0
434 14 0
435 14 0
443 14 0
444 14 0
445 14 0
447 14 0
449 14 0
450 14 0
592 14 0
326 15 0
327 15 0
455 15 0
456 15 0
466 15 0
467 15 0
470 15 0
308 16 0
309 16 0
476 16 0
477 16 0
488 16 0
489 16 0
453 17 0
454 17 0
506 17 0
507 17 0
508 17 0
339 18 0
358 18 0
359 18 0
369 18 0
358 19 0
359 19 0
369 19 0
561 19 0
562 19 0
561 20 0
562 20 0
406 21 0
151 22 0
151 23 0
238 23 0
453 23 0
238 24 0
363 24 0
364 24 0
238 25 0
364 25 0
408 25 0
590 26 0
591 26 0
602 26 0
591 27 0
602 27 0
238 28 0
238 29 0
352 29 0
323 32 0
324 32 0
49 33 0
50 33 0
324 33 0
325 33 0
365 33 0
366 33 0
512 33 0
49 34 0
50 34 0
224 34 0
325 34 0
326 34 0
583 34 0
584 34 0
326 35 0
512 35 0
326 36 0
327 36 0
327 37 0
326 38 0
327 38 0
328 38 0
204 39 0
327 39 0
328 39 0
571 39 0
572 39 0
311 40 0
327 40 0
328 40 0
571 40 0
572 40 0
311 41 0
312 41 0
327 41 0
328 41 0
630 41 0
631 41 0
300 42 0
309 42 0
589 42 0
108 43 0
300 43 0
488 43 0
489 43 0
589 43 0
488 44 0
489 44 0
126 45 0
529 45 0
530 45 0
605 45 0
126 46 0
514 46 0
515 46 0
126 47 0
326 47 0
406 47 0
310 48 0
311 48 0
326 48 0
329 48 0
406 48 0
497 48 0
511 48 0
564 48 0
93 49 0
329 49 0
329 50 0
128 52 0
324 52 0
331 52 0
128 53 0
406 53 0
562 53 0
330 54 0
406 54 0
431 54 0
303 56 0
369 56 0
382 56 0
383 56 0
63 57 0
382 57 0
383 57 0
406 57 0
618 57 0
129 58 0
154 58 0
618 58 0
10 61 0
509 61 0
220 62 0
220 63 0
217 65 0
217 66 0
624 66 0
222 67 0
221 71 0
404 71 0
175 72 0
168 73 0
169 73 0
170 73 0
176 73 0
404 73 0
385 75 0
133 76 0
185 76 0
194 76 0
195 76 0
196 76 0
385 76 0
386 76 0
184 77 0
185 77 0
186 77 0
194 77 0
195 77 0
237 77 0
480 77 0
184 78 0
186 78 0
204 78 0
204 79 0
259 81 0
260 81 0
445 81 0
134 82 0
445 82 0
479 82 0
567 84 0
278 85 0
82 86 0
213 86 0
82 87 0
511 87 0
205 90 0
137 91 0
140 91 0
562 92 0
564 92 0
157 93 0
161 94 0
459 95 0
460 95 0
461 95 0
138 96 0
150 97 0
483 97 0
484 97 0
523 97 0
125 98 0
491 98 0
492 98 0
493 98 0
494 98 0
222 99 0
597 99 0
209 100 0
222 100 0
582 100 0
31 101 0
32 101 0
139 101 0
209 101 0
251 101 0
252 101 0
560 101 0
7 102 0
31 102 0
32 102 0
238 102 0
174 103 0
209 103 0
210 103 0
542 103 0
209 104 0
210 104 0
543 104 0
544 104 0
545 104 0
546 104 0
140 105 0
550 105 0
494 106 0
526 106 0
553 106 0
590 106 0
96 107 0
494 107 0
533 108 0
534 108 0
536 108 0
562 112 0
31 113 0
591 113 0
31 114 0
367 114 0
438 114 0
268 115 0
437 115 0
438 115 0
268 116 0
468 116 0
505 120 0
506 120 0
5 122 0
6 122 0
560 124 0
613 124 0
612 125 0
613 125 0
490 126 0
109 130 0
487 130 0
487 131 0
520 131 0
375 132 0
492 132 0
375 133 0
432 134 0
492 134 0
599 134 0
600 134 0
207 135 0
207 136 0
492 136 0
445 137 0
446 137 0
492 137 0
445 138 0
446 138 0
492 138 0
492 139 0
514 139 0
223 141 0
381 141 0
433 141 0
445 141 0
446 141 0
469 141 0
621 141 0
151 142 0
445 142 0
446 142 0
513 142 0
523 142 0
150 143 0
151 143 0
469 143 0
213 144 0
456 144 0
469 144 0
213 145 0
438 145 0
457 145 0
469 145 0
114 146 0
115 146 0
434 146 0
130 148 0
146 148 0
147 148 0
471 148 0
482 148 0
130 149 0
215 149 0
217 149 0
219 149 0
431 149 0
432 149 0
433 149 0
437 149 0
482 149 0
220 150 0
221 150 0
269 150 0
451 150 0
457 150 0
458 150 0
221 151 0
269 151 0
455 151 0
268 152 0
455 152 0
268 153 0
437 153 0
431 154 0
498 154 0
366 155 0
456 155 0
457 155 0
561 155 0
210 156 0
371 156 0
378 156 0
570 156 0
571 156 0
385 157 0
400 157 0
401 157 0
481 157 0
484 157 0
308 158 0
309 158 0
363 158 0
457 158 0
471 158 0
484 158 0
308 159 0
309 159 0
470 159 0
471 159 0
484 159 0
308 160 0
309 160 0
314 160 0
410 160 0
411 160 0
484 160 0
485 160 0
308 161 0
309 161 0
314 161 0
308 162 0
268 163 0
269 163 0
307 163 0
308 163 0
309 163 0
344 163 0
345 163 0
267 164 0
268 164 0
307 164 0
308 164 0
309 164 0
344 164 0
345 164 0
51 165 0
268 165 0
307 165 0
308 165 0
404 165 0
405 165 0
411 165 0
412 165 0
418 165 0
51 166 0
306 166 0
308 166 0
419 166 0
291 167 0
305 167 0
306 167 0
291 168 0
305 168 0
310 168 0
304 169 0
305 169 0
336 169 0
303 170 0
304 170 0
305 170 0
306 170 0
336 170 0
303 171 0
304 171 0
305 171 0
306 171 0
307 171 0
310 171 0
613 171 0
302 172 0
303 172 0
306 172 0
310 172 0
622 172 0
623 172 0
287 173 0
302 173 0
303 173 0
310 173 0
319 173 0
571 173 0
302 174 0
310 174 0
319 174 0
609 174 0
283 175 0
286 175 0
297 175 0
302 175 0
310 175 0
319 175 0
320 175 0
619 175 0
283 176 0
285 176 0
286 176 0
302 176 0
310 176 0
315 176 0
319 176 0
321 176 0
476 176 0
477 176 0
284 177 0
301 177 0
302 177 0
309 177 0
310 177 0
315 177 0
319 177 0
619 177 0
72 178 0
73 178 0
284 178 0
295 178 0
301 178 0
302 178 0
303 178 0
305 178 0
309 178 0
310 178 0
319 178 0
623 178 0
72 179 0
73 179 0
308 179 0
309 179 0
314 179 0
315 179 0
316 179 0
317 179 0
318 179 0
319 179 0
624 179 0
294 180 0
301 180 0
303 180 0
304 180 0
308 180 0
309 180 0
312 180 0
313 180 0
314 180 0
95 181 0
157 181 0
158 181 0
300 181 0
302 181 0
308 181 0
309 181 0
632 181 0
95 182 0
158 182 0
295 182 0
303 182 0
308 182 0
309 182 0
302 183 0
305 183 0
308 183 0
309 183 0
302 184 0
305 184 0
308 184 0
309 184 0
320 184 0
334 184 0
584 184 0
222 185 0
306 185 0
309 185 0
312 185 0
320 185 0
321 185 0
322 185 0
584 185 0
222 186 0
247 186 0
305 186 0
307 186 0
309 186 0
312 186 0
320 186 0
321 186 0
222 187 0
306 187 0
308 187 0
309 187 0
310 187 0
312 187 0
461 187 0
248 188 0
307 188 0
312 188 0
320 188 0
249 189 0
311 189 0
312 189 0
222 190 0
312 190 0
318 190 0
320 190 0
321 190 0
318 191 0
222 192 0
243 192 0
299 192 0
316 193 0
253 194 0
254 194 0
258 194 0
222 195 0
258 195 0
299 195 0
322 195 0
369 195 0
222 196 0
320 196 0
333 196 0
369 196 0
370 196 0
146 197 0
147 197 0
182 197 0
222 197 0
256 197 0
324 197 0
333 197 0
334 197 0
524 197 0
146 198 0
147 198 0
182 198 0
222 198 0
248 198 0
283 198 0
312 198 0
324 198 0
325 198 0
349 198 0
391 198 0
464 198 0
524 198 0
2 199 0
3 199 0
256 199 0
325 199 0
390 199 0
391 199 0
2 200 0
3 200 0
256 200 0
318 200 0
319 200 0
321 200 0
323 200 0
256 201 0
262 201 0
316 201 0
317 201 0
320 201 0
321 201 0
322 201 0
323 201 0
324 201 0
325 201 0
222 202 0
256 202 0
316 202 0
317 202 0
318 202 0
319 202 0
320 202 0
321 202 0
322 202 0
323 202 0
324 202 0
325 202 0
326 202 0
222 203 0
241 203 0
315 203 0
316 203 0
317 203 0
318 203 0
319 203 0
320 203 0
321 203 0
322 203 0
323 203 0
324 203 0
325 203 0
274 204 0
315 204 0
316 204 0
317 204 0
318 204 0
319 204 0
320 204 0
321 204 0
322 204 0
323 204 0
324 204 0
222 205 0
256 205 0
316 205 0
317 205 0
321 205 0
322 205 0
323 205 0
324 205 0
222 206 0
320 206 0
321 206 0
322 206 0
323 206 0
324 206 0
325 206 0
256 208 0
274 208 0
276 208 0
222 209 0
276 209 0
222 210 0
470 210 0
222 211 0
274 211 0
222 212 0
274 213 0
276 213 0
236 214 0
239 214 0
254 214 0
274 214 0
276 214 0
299 214 0
483 214 0
222 215 0
236 215 0
254 215 0
274 215 0
483 215 0
153 216 0
222 216 0
239 216 0
254 216 0
272 216 0
276 216 0
153 217 0
479 217 0
480 217 0
222 218 0
325 218 0
442 218 0
479 218 0
480 218 0
222 219 0
276 219 0
285 219 0
442 219 0
443 219 0
222 220 0
401 220 0
350 221 0
378 222 0
379 222 0
222 223 0
238 223 0
271 223 0
273 223 0
287 223 0
343 223 0
271 224 0
222 225 0
258 225 0
259 225 0
269 225 0
222 226 0
274 226 0
222 227 0
255 227 0
434 229 0
255 230 0
138 231 0
255 231 0
300 231 0
291 233 0
131 234 0
273 234 0
390 234 0
527 234 0
260 235 0
261 235 0
262 235 0
484 235 0
527 235 0
528 235 0
260 236 0
263 236 0
264 236 0
261 237 0
262 237 0
265 237 0
266 237 0
529 237 0
325 238 0
257 239 0
614 240 0
258 241 0
273 241 0
256 242 0
273 242 0
325 242 0
118 243 0
145 244 0
146 244 0
147 244 0
185 244 0
619 244 0
167 245 0
168 245 0
173 245 0
174 245 0
175 245 0
176 245 0
177 245 0
178 245 0
183 245 0
187 245 0
188 245 0
190 245 0
191 245 0
194 245 0
195 245 0
196 245 0
197 245 0
200 245 0
201 245 0
202 245 0
619 245 0
159 246 0
266 246 0
332 246 0
272 247 0
435 247 0
51 248 0
232 248 0
382 248 0
383 248 0
90 249 0
329 249 0
62 250 0
156 250 0
175 250 0
62 251 0
363 252 0
273 253 0
422 253 0
423 253 0
354 254 0
241 255 0
273 255 0
254 256 0
273 256 0
243 257 0
273 258 0
527 258 0
273 259 0
273 260 0
245 261 0
267 262 0
232 263 0
233 263 0
234 263 0
91 264 0
231 264 0
633 264 0
634 264 0
91 265 0
231 265 0
593 265 0
602 265 0
230 266 0
330 266 0
601 266 0
602 266 0
85 270 0
86 270 0
230 271 0
323 271 0
339 271 0
386 271 0
230 272 0
323 272 0
10 273 0
224 273 0
9 274 0
10 274 0
16 274 0
334 274 0
507 274 0
123 275 0
303 275 0
519 275 0
520 275 0
519 276 0
520 276 0
231 277 0
276 279 0
347 279 0
348 279 0
30 280 0
347 280 0
30 281 0
479 281 0
232 283 0
256 283 0
221 284 0
222 284 0
232 284 0
389 284 0
610 284 0
92 285 0
222 285 0
223 285 0
224 286 0
225 286 0
227 287 0
229 288 0
487 288 0
488 288 0
270 289 0
429 289 0
487 289 0
488 289 0
272 290 0
429 290 0
264 291 0
273 291 0
274 291 0
138 292 0
265 292 0
270 292 0
272 292 0
275 292 0
276 292 0
277 292 0
48 293 0
264 293 0
269 293 0
276 293 0
48 294 0
235 294 0
258 294 0
263 294 0
264 294 0
265 294 0
269 294 0
258 295 0
259 295 0
260 295 0
267 295 0
275 295 0
230 296 0
258 296 0
260 296 0
275 296 0
253 297 0
259 297 0
271 297 0
254 298 0
255 298 0
253 299 0
255 299 0
137 300 0
249 300 0
254 300 0
255 300 0
249 301 0
379 301 0
162 302 0
243 302 0
255 302 0
379 302 0
251 303 0
253 303 0
248 304 0
251 304 0
252 304 0
254 304 0
269 304 0
253 305 0
254 305 0
251 306 0
255 306 0
382 306 0
383 306 0
182 307 0
241 307 0
242 307 0
249 307 0
251 307 0
382 307 0
383 307 0
396 307 0
401 307 0
222 308 0
223 308 0
241 308 0
242 308 0
249 308 0
222 309 0
223 309 0
249 309 0
250 310 0
271 310 0
390 310 0
420 310 0
250 311 0
253 311 0
271 311 0
390 311 0
421 311 0
250 312 0
251 312 0
264 312 0
270 312 0
394 312 0
251 313 0
263 313 0
264 313 0
267 313 0
270 313 0
394 313 0
395 313 0
422 313 0
622 313 0
108 314 0
109 314 0
161 314 0
162 314 0
252 314 0
261 314 0
266 314 0
270 314 0
333 314 0
334 314 0
162 315 0
260 315 0
261 315 0
265 315 0
266 315 0
333 315 0
423 315 0
194 316 0
233 316 0
255 316 0
423 316 0
628 316 0
629 316 0
255 317 0
256 317 0
268 317 0
256 318 0
258 318 0
268 318 0
258 319 0
261 319 0
262 319 0
424 319 0
270 320 0
424 320 0
577 320 0
578 320 0
270 321 0
425 321 0
569 323 0
591 323 0
280 324 0
214 325 0
427 325 0
443 325 0
444 325 0
241 326 0
281 326 0
341 326 0
428 326 0
443 326 0
444 326 0
192 327 0
341 327 0
429 327 0
282 328 0
283 329 0
101 330 0
283 330 0
94 331 0
179 331 0
179 332 0
285 332 0
259 333 0
285 333 0
286 333 0
296 333 0
432 333 0
606 333 0
607 333 0
286 334 0
296 334 0
433 334 0
287 335 0
613 335 0
247 336 0
288 336 0
434 336 0
613 336 0
115 337 0
239 337 0
251 337 0
288 337 0
95 338 0
219 338 0
254 338 0
255 338 0
435 338 0
257 339 0
289 339 0
436 339 0
290 340 0
417 340 0
436 340 0
288 341 0
317 341 0
538 341 0
95 342 0
241 342 0
266 342 0
291 342 0
437 342 0
240 343 0
247 343 0
248 343 0
265 343 0
266 343 0
292 343 0
438 343 0
523 343 0
524 343 0
250 344 0
292 344 0
523 344 0
524 344 0
587 344 0
293 345 0
194 346 0
195 346 0
294 346 0
194 347 0
195 347 0
294 347 0
295 347 0
487 347 0
149 348 0
150 348 0
295 348 0
149 349 0
150 349 0
296 349 0
490 349 0
72 350 0
73 350 0
296 350 0
319 350 0
443 350 0
491 350 0
297 351 0
96 352 0
298 353 0
127 354 0
299 354 0
309 354 0
222 355 0
223 355 0
222 356 0
300 356 0
542 356 0
220 357 0
300 357 0
301 357 0
301 358 0
446 358 0
451 358 0
452 358 0
302 359 0
451 359 0
555 359 0
303 360 0
311 360 0
421 360 0
505 360 0
303 361 0
421 361 0
506 361 0
304 362 0
304 363 0
378 363 0
379 363 0
447 363 0
305 364 0
305 365 0
306 365 0
306 366 0
593 366 0
295 367 0
593 367 0
280 368 0
295 368 0
307 368 0
310 368 0
280 369 0
308 369 0
310 369 0
311 369 0
424 369 0
309 370 0
423 370 0
309 371 0
571 372 0
572 372 0
450 373 0
509 373 0
510 374 0
312 376 0
326 376 0
327 376 0
313 377 0
534 377 0
547 377 0
329 378 0
395 378 0
396 378 0
397 378 0
398 378 0
525 378 0
527 378 0
528 378 0
533 378 0
573 378 0
314 379 0
322 379 0
514 379 0
515 379 0
533 379 0
315 380 0
391 380 0
517 380 0
577 380 0
578 380 0
579 380 0
218 381 0
219 381 0
516 381 0
582 381 0
218 382 0
219 382 0
516 382 0
517 383 0
518 383 0
387 384 0
393 384 0
417 384 0
381 385 0
417 385 0
515 385 0
519 385 0
520 385 0
319 386 0
450 386 0
520 386 0
521 386 0
10 387 0
348 387 0
376 387 0
390 387 0
503 387 0
504 387 0
521 387 0
522 387 0
48 388 0
522 388 0
624 388 0
47 389 0
48 389 0
370 389 0
381 389 0
424 389 0
425 389 0
523 389 0
624 389 0
289 390 0
326 390 0
382 390 0
425 390 0
524 390 0
289 391 0
526 391 0
376 392 0
527 392 0
405 393 0
417 394 0
418 394 0
528 394 0
325 395 0
371 396 0
372 396 0
529 396 0
530 396 0
187 397 0
326 397 0
371 397 0
372 397 0
303 398 0
582 398 0
127 399 0
185 399 0
303 399 0
304 399 0
423 399 0
593 399 0
443 400 0
533 400 0
443 401 0
150 403 0
150 404 0
13 407 0
49 407 0
13 408 0
332 409 0
332 410 0
151 412 0
263 414 0
300 420 0
438 420 0
439 420 0
37 421 0
38 421 0
37 422 0
89 422 0
89 423 0
221 423 0
104 426 0
105 426 0
144 426 0
144 427 0
92 428 0
93 428 0
317 428 0
316 429 0
317 429 0
192 430 0
193 430 0
333 430 0
192 431 0
193 431 0
333 431 0
333 432 0
505 434 0
506 434 0
83 436 0
228 439 0
160 440 0
161 440 0
228 441 0
55 442 0
228 442 0
177 443 0
178 443 0
295 445 0
246 450 0
246 451 0
247 451 0
443 451 0
208 452 0
423 456 0
334 457 0
335 457 0
423 457 0
334 458 0
335 458 0
635 458 0
249 459 0
635 459 0
343 462 0
220 464 0
220 465 0
221 465 0
478 469 0
240 471 0
125 475 0
125 476 0
472 476 0
472 477 0
414 478 0
332 59 1
333 60 1
333 61 1
334 62 1
330 63 1
335 63 1
335 64 1
335 65 1
335 66 1
335 67 1
335 68 1
336 68 1
335 69 1
336 69 1
316 70 1
335 70 1
336 70 1
315 71 1
316 71 1
317 71 1
318 71 1
335 71 1
336 71 1
315 72 1
316 72 1
317 72 1
319 72 1
335 72 1
312 73 1
315 73 1
316 73 1
317 73 1
318 73 1
319 73 1
320 73 1
338 73 1
293 74 1
294 74 1
295 74 1
296 74 1
310 74 1
312 74 1
313 74 1
314 74 1
315 74 1
317 74 1
318 74 1
319 74 1
320 74 1
325 74 1
294 75 1
295 75 1
296 75 1
297 75 1
308 75 1
309 75 1
310 75 1
311 75 1
312 75 1
313 75 1
314 75 1
315 75 1
319 75 1
320 75 1
321 75 1
322 75 1
323 75 1
324 75 1
325 75 1
326 75 1
293 76 1
294 76 1
296 76 1
297 76 1
308 76 1
309 76 1
310 76 1
311 76 1
312 76 1
313 76 1
314 76 1
315 76 1
316 76 1
319 76 1
322 76 1
323 76 1
325 76 1
326 76 1
292 77 1
293 77 1
294 77 1
295 77 1
297 77 1
298 77 1
315 77 1
316 77 1
317 77 1
318 77 1
292 78 1
293 78 1
294 78 1
315 78 1
316 78 1
318 78 1
319 78 1
320 78 1
292 79 1
293 79 1
294 79 1
296 79 1
297 79 1
298 79 1
315 79 1
316 79 1
317 79 1
318 79 1
319 79 1
320 79 1
292 80 1
293 80 1
294 80 1
296 80 1
297 80 1
298 80 1
299 80 1
316 80 1
317 80 1
318 80 1
293 81 1
297 81 1
298 81 1
299 81 1
317 81 1
293 82 1
294 82 1
295 82 1
296 82 1
297 82 1
299 82 1
300 82 1
342 82 1
293 83 1
294 83 1
295 83 1
296 83 1
297 83 1
298 83 1
299 83 1
300 83 1
349 83 1
293 84 1
294 84 1
295 84 1
296 84 1
297 84 1
298 84 1
299 84 1
300 84 1
348 84 1
349 84 1
293 85 1
294 85 1
295 85 1
297 85 1
298 85 1
299 85 1
300 85 1
293 86 1
294 86 1
295 86 1
296 86 1
297 86 1
298 86 1
299 86 1
300 86 1
301 86 1
337 86 1
294 87 1
295 87 1
296 87 1
297 87 1
298 87 1
299 87 1
300 87 1
301 87 1
302 87 1
303 87 1
337 87 1
295 88 1
296 88 1
297 88 1
298 88 1
299 88 1
300 88 1
301 88 1
302 88 1
303 88 1
295 89 1
296 89 1
297 89 1
298 89 1
299 89 1
300 89 1
301 89 1
302 89 1
303 89 1
304 89 1
297 90 1
298 90 1
299 90 1
300 90 1
301 90 1
302 90 1
303 90 1
304 90 1
305 90 1
306 90 1
307 90 1
291 91 1
296 91 1
298 91 1
299 91 1
300 91 1
301 91 1
302 91 1
303 91 1
304 91 1
305 91 1
306 91 1
307 91 1
308 91 1
297 92 1
298 92 1
299 92 1
300 92 1
301 92 1
302 92 1
303 92 1
304 92 1
305 92 1
306 92 1
307 92 1
308 92 1
309 92 1
310 92 1
295 93 1
296 93 1
297 93 1
298 93 1
300 93 1
301 93 1
302 93 1
303 93 1
304 93 1
305 93 1
306 93 1
307 93 1
308 93 1
309 93 1
310 93 1
311 93 1
312 93 1
301 94 1
302 94 1
303 94 1
304 94 1
305 94 1
306 94 1
307 94 1
308 94 1
309 94 1
310 94 1
311 94 1
312 94 1
317 94 1
338 94 1
303 95 1
304 95 1
305 95 1
306 95 1
307 95 1
308 95 1
309 95 1
310 95 1
311 95 1
312 95 1
313 95 1
314 95 1
317 95 1
318 95 1
339 95 1
295 96 1
304 96 1
305 96 1
306 96 1
307 96 1
308 96 1
309 96 1
310 96 1
311 96 1
312 96 1
313 96 1
314 96 1
315 96 1
316 96 1
318 96 1
319 96 1
338 96 1
296 97 1
297 97 1
306 97 1
307 97 1
308 97 1
309 97 1
310 97 1
311 97 1
312 97 1
313 97 1
314 97 1
315 97 1
316 97 1
317 97 1
320 97 1
329 97 1
330 97 1
338 97 1
339 97 1
296 98 1
297 98 1
298 98 1
309 98 1
310 98 1
311 98 1
312 98 1
313 98 1
314 98 1
315 98 1
316 98 1
318 98 1
319 98 1
330 98 1
338 98 1
339 98 1
296 99 1
297 99 1
298 99 1
310 99 1
311 99 1
312 99 1
313 99 1
314 99 1
315 99 1
316 99 1
326 99 1
327 99 1
328 99 1
329 99 1
330 99 1
338 99 1
339 99 1
296 100 1
297 100 1
298 100 1
312 100 1
321 100 1
326 100 1
327 100 1
328 100 1
329 100 1
330 100 1
331 100 1
338 100 1
339 100 1
297 101 1
298 101 1
321 101 1
325 101 1
326 101 1
327 101 1
329 101 1
330 101 1
331 101 1
338 101 1
339 101 1
297 102 1
298 102 1
326 102 1
327 102 1
329 102 1
330 102 1
331 102 1
332 102 1
338 102 1
339 102 1
297 103 1
298 103 1
326 103 1
327 103 1
329 103 1
330 103 1
331 103 1
332 103 1
338 103 1
339 103 1
296 104 1
297 104 1
298 104 1
325 104 1
326 104 1
327 104 1
330 104 1
331 104 1
332 104 1
338 104 1
339 104 1
296 105 1
297 105 1
298 105 1
325 105 1
326 105 1
327 105 1
330 105 1
331 105 1
338 105 1
339 105 1
297 106 1
298 106 1
313 106 1
325 106 1
326 106 1
327 106 1
330 106 1
331 106 1
338 106 1
339 106 1
292 107 1
297 107 1
298 107 1
314 107 1
326 107 1
327 107 1
330 107 1
331 107 1
338 107 1
339 107 1
297 108 1
298 108 1
315 108 1
316 108 1
331 108 1
338 108 1
339 108 1
297 109 1
298 109 1
311 109 1
312 109 1
313 109 1
314 109 1
315 109 1
316 109 1
331 109 1
338 109 1
339 109 1
297 110 1
298 110 1
299 110 1
311 110 1
312 110 1
313 110 1
314 110 1
316 110 1
317 110 1
330 110 1
331 110 1
338 110 1
339 110 1
297 111 1
298 111 1
299 111 1
317 111 1
330 111 1
331 111 1
337 111 1
338 111 1
339 111 1
297 112 1
298 112 1
299 112 1
330 112 1
331 112 1
338 112 1
339 112 1
350 112 1
351 112 1
352 112 1
298 113 1
299 113 1
318 113 1
330 113 1
331 113 1
332 113 1
338 113 1
339 113 1
350 113 1
351 113 1
352 113 1
298 114 1
299 114 1
330 114 1
331 114 1
332 114 1
337 114 1
338 114 1
339 114 1
298 115 1
299 115 1
330 115 1
331 115 1
332 115 1
337 115 1
338 115 1
298 116 1
299 116 1
329 116 1
330 116 1
331 116 1
332 116 1
333 116 1
334 116 1
335 116 1
336 116 1
337 116 1
338 116 1
298 117 1
299 117 1
330 117 1
331 117 1
332 117 1
333 117 1
334 117 1
335 117 1
336 117 1
337 117 1
338 117 1
298 118 1
299 118 1
329 118 1
330 118 1
331 118 1
332 118 1
333 118 1
334 118 1
335 118 1
336 118 1
337 118 1
338 118 1
298 119 1
299 119 1
328 119 1
329 119 1
330 119 1
331 119 1
332 119 1
333 119 1
334 119 1
335 119 1
336 119 1
337 119 1
298 120 1
299 120 1
329 120 1
330 120 1
331 120 1
332 120 1
333 120 1
334 120 1
335 120 1
336 120 1
298 121 1
299 121 1
326 121 1
330 121 1
331 121 1
332 121 1
333 121 1
334 121 1
298 122 1
299 122 1
300 122 1
304 122 1
307 122 1
308 122 1
309 122 1
310 122 1
311 122 1
327 122 1
328 122 1
329 122 1
300 123 1
303 123 1
305 123 1
312 123 1
313 123 1
326 123 1
327 123 1
328 123 1
300 124 1
301 124 1
313 124 1
326 124 1
327 124 1
328 124 1
301 125 1
314 125 1
326 125 1
327 125 1
328 125 1
301 126 1
314 126 1
326 126 1
327 126 1
301 127 1
302 127 1
314 127 1
316 127 1
324 127 1
326 127 1
327 127 1
302 128 1
313 128 1
314 128 1
315 128 1
326 128 1
327 128 1
302 129 1
314 129 1
322 129 1
325 129 1
326 129 1
302 130 1
303 130 1
314 130 1
315 130 1
323 130 1
326 130 1
303 131 1
314 131 1
315 131 1
325 131 1
326 131 1
303 132 1
304 132 1
311 132 1
314 132 1
315 132 1
319 132 1
324 132 1
325 132 1
303 133 1
304 133 1
315 133 1
324 133 1
325 133 1
304 134 1
315 134 1
324 134 1
304 135 1
310 135 1
315 135 1
316 135 1
323 135 1
324 135 1
304 136 1
305 136 1
315 136 1
316 136 1
323 136 1
304 137 1
305 137 1
309 137 1
316 137 1
323 137 1
305 138 1
316 138 1
309 139 1
316 139 1
317 139 1
322 139 1
323 139 1
316 140 1
317 140 1
322 140 1
323 140 1
306 141 1
309 141 1
310 141 1
317 141 1
322 141 1
323 141 1
306 142 1
311 142 1
312 142 1
317 142 1
318 142 1
321 142 1
322 142 1
306 143 1
307 143 1
317 143 1
318 143 1
321 143 1
322 143 1
315 144 1
317 144 1
318 144 1
320 144 1
321 144 1
307 145 1
311 145 1
312 145 1
315 145 1
317 145 1
320 145 1
321 145 1
307 146 1
312 146 1
317 146 1
318 146 1
320 146 1
321 146 1
307 147 1
317 147 1
318 147 1
319 147 1
320 147 1
307 148 1
319 148 1
320 148 1
319 149 1
320 149 1
308 150 1
319 150 1
320 150 1
318 151 1
310 152 1
315 152 1
317 152 1
318 152 1
313 153 1
314 153 1
317 153 1
318 153 1
311 154 1
318 154 1
312 155 1
311 157 1
317 157 1
312 158 1
