367 4 0
95 6 0
387 6 0
95 7 0
387 7 0
270 9 0
308 10 0
309 10 0
258 11 0
259 11 0
308 11 0
309 11 0
151 12 0
259 12 0
173 13 0
174 13 0
410 13 0
419 13 0
420 13 0
422 13 0
622 13 0
44 14 0
45 14 0
173 14 0
174 14 0
326 14 0
432 14 0
433 14 0
444 14 0
445 14 0
446 14 0
447 14 0
448 14 0
449 14 0
450 14 0
301 15 0
302 15 0
326 15 0
327 15 0
454 15 0
455 15 0
456 15 0
458 15 0
467 15 0
308 16 0
309 16 0
476 16 0
478 16 0
488 16 0
453 17 0
454 17 0
506 17 0
507 17 0
508 17 0
511 17 0
512 17 0
515 17 0
358 18 0
359 18 0
369 18 0
515 18 0
516 18 0
270 19 0
358 19 0
359 19 0
369 19 0
561 19 0
562 19 0
406 20 0
561 20 0
562 20 0
406 21 0
151 22 0
151 23 0
453 23 0
363 24 0
364 24 0
291 25 0
363 25 0
364 25 0
590 26 0
591 26 0
602 26 0
591 27 0
602 27 0
40 28 0
346 28 0
352 29 0
178 31 0
178 32 0
179 32 0
365 32 0
49 33 0
50 33 0
365 33 0
366 33 0
49 34 0
50 34 0
583 34 0
584 34 0
260 38 0
204 39 0
213 39 0
571 39 0
572 39 0
571 40 0
572 40 0
630 41 0
631 41 0
589 42 0
108 43 0
109 43 0
136 43 0
488 43 0
489 43 0
589 43 0
598 43 0
488 44 0
489 44 0
584 44 0
529 45 0
530 45 0
186 46 0
514 46 0
515 46 0
497 48 0
497 49 0
183 52 0
562 53 0
431 54 0
405 55 0
409 55 0
63 56 0
382 56 0
383 56 0
63 57 0
382 57 0
383 57 0
618 57 0
153 58 0
154 58 0
180 58 0
618 58 0
217 65 0
217 66 0
624 66 0
100 67 0
624 67 0
221 71 0
585 72 0
482 74 0
483 74 0
88 75 0
385 75 0
482 75 0
194 76 0
195 76 0
196 76 0
385 76 0
386 76 0
194 77 0
195 77 0
43 78 0
134 79 0
457 79 0
259 81 0
445 81 0
199 82 0
445 82 0
479 82 0
213 85 0
277 85 0
278 85 0
515 85 0
516 85 0
82 86 0
213 86 0
214 86 0
277 86 0
278 86 0
82 87 0
511 87 0
511 88 0
562 92 0
460 95 0
461 95 0
390 97 0
483 97 0
484 97 0
480 98 0
489 98 0
492 98 0
493 98 0
494 98 0
221 99 0
222 99 0
480 99 0
221 100 0
222 100 0
31 101 0
32 101 0
251 101 0
252 101 0
560 101 0
6 102 0
7 102 0
31 102 0
32 102 0
238 102 0
209 103 0
210 103 0
626 103 0
209 104 0
210 104 0
545 104 0
546 104 0
550 105 0
494 106 0
495 106 0
590 106 0
494 107 0
495 107 0
596 107 0
102 108 0
171 108 0
503 108 0
533 108 0
534 108 0
536 108 0
208 111 0
537 111 0
542 111 0
31 113 0
32 113 0
603 113 0
604 113 0
605 113 0
606 113 0
31 114 0
32 114 0
367 114 0
438 114 0
268 115 0
437 115 0
438 115 0
268 116 0
505 120 0
145 121 0
5 122 0
6 122 0
452 123 0
559 124 0
560 124 0
612 124 0
613 124 0
446 125 0
612 125 0
613 125 0
200 127 0
201 127 0
157 128 0
200 128 0
201 128 0
157 129 0
492 129 0
493 129 0
109 130 0
404 131 0
452 131 0
474 133 0
599 134 0
600 134 0
207 135 0
206 136 0
207 136 0
425 137 0
445 137 0
446 137 0
445 138 0
446 138 0
381 140 0
223 141 0
381 141 0
408 141 0
445 141 0
446 141 0
620 141 0
621 141 0
151 142 0
408 142 0
445 142 0
446 142 0
523 142 0
150 143 0
151 143 0
211 145 0
458 145 0
115 146 0
116 146 0
470 146 0
146 148 0
147 148 0
492 148 0
628 148 0
211 149 0
212 149 0
215 149 0
218 149 0
431 149 0
432 149 0
433 149 0
437 149 0
456 150 0
457 150 0
458 150 0
221 151 0
449 152 0
456 155 0
457 155 0
561 155 0
210 156 0
211 156 0
379 156 0
387 156 0
441 156 0
570 156 0
571 156 0
210 157 0
385 157 0
387 157 0
400 157 0
401 157 0
484 157 0
570 157 0
422 158 0
457 158 0
470 158 0
471 158 0
484 158 0
470 159 0
471 159 0
482 159 0
484 159 0
407 160 0
418 160 0
420 160 0
422 160 0
420 161 0
509 161 0
263 163 0
344 163 0
345 163 0
406 163 0
344 164 0
345 164 0
407 164 0
51 165 0
404 165 0
405 165 0
411 165 0
412 165 0
50 166 0
51 166 0
419 166 0
420 166 0
336 169 0
336 170 0
337 170 0
89 171 0
613 171 0
618 171 0
618 172 0
636 172 0
311 173 0
311 174 0
609 174 0
286 175 0
311 175 0
320 175 0
286 176 0
302 176 0
303 176 0
310 176 0
311 176 0
320 176 0
476 176 0
477 176 0
302 177 0
303 177 0
309 177 0
310 177 0
311 177 0
619 177 0
72 178 0
73 178 0
301 178 0
302 178 0
305 178 0
306 178 0
309 178 0
310 178 0
311 178 0
72 179 0
73 179 0
301 179 0
302 179 0
309 179 0
310 179 0
311 179 0
319 179 0
302 180 0
303 180 0
309 180 0
310 180 0
311 180 0
315 180 0
316 180 0
317 180 0
318 180 0
319 180 0
95 181 0
157 181 0
158 181 0
302 181 0
303 181 0
305 181 0
309 181 0
310 181 0
320 181 0
632 181 0
95 182 0
158 182 0
207 182 0
303 182 0
305 182 0
309 182 0
310 182 0
320 182 0
343 182 0
207 183 0
302 183 0
305 183 0
306 183 0
309 183 0
310 183 0
316 183 0
343 183 0
344 183 0
305 184 0
309 184 0
310 184 0
584 184 0
309 185 0
310 185 0
311 185 0
312 185 0
321 185 0
584 185 0
309 186 0
310 186 0
311 186 0
312 186 0
320 186 0
321 186 0
253 187 0
294 187 0
310 187 0
311 187 0
312 187 0
320 187 0
321 187 0
476 187 0
310 188 0
311 188 0
312 188 0
320 188 0
321 188 0
13 189 0
311 189 0
312 189 0
320 189 0
321 189 0
320 190 0
321 190 0
303 191 0
316 191 0
318 191 0
319 191 0
320 191 0
321 191 0
308 192 0
312 192 0
321 192 0
312 193 0
369 195 0
370 195 0
276 196 0
333 196 0
369 196 0
370 196 0
146 197 0
147 197 0
182 197 0
333 197 0
334 197 0
524 197 0
146 198 0
147 198 0
182 198 0
283 198 0
349 198 0
350 198 0
390 198 0
391 198 0
464 198 0
524 198 0
2 199 0
3 199 0
390 199 0
391 199 0
2 200 0
3 200 0
45 200 0
319 202 0
321 202 0
322 202 0
241 203 0
318 203 0
319 203 0
322 203 0
317 204 0
319 204 0
320 204 0
321 204 0
322 204 0
324 204 0
316 205 0
317 205 0
318 205 0
319 205 0
320 205 0
321 205 0
322 205 0
323 205 0
324 205 0
325 205 0
326 205 0
455 205 0
325 206 0
276 209 0
243 210 0
470 210 0
483 214 0
483 215 0
153 216 0
153 217 0
479 217 0
480 217 0
325 218 0
442 218 0
443 218 0
480 218 0
442 219 0
443 219 0
468 220 0
350 221 0
378 222 0
379 222 0
287 223 0
343 223 0
102 225 0
202 225 0
203 225 0
102 226 0
138 231 0
139 231 0
300 231 0
306 232 0
291 233 0
131 234 0
273 234 0
389 234 0
390 234 0
527 234 0
262 235 0
484 235 0
527 235 0
528 235 0
159 237 0
266 237 0
529 237 0
530 237 0
325 238 0
614 240 0
325 242 0
140 244 0
146 244 0
147 244 0
185 244 0
619 244 0
620 244 0
172 245 0
181 245 0
182 245 0
187 245 0
192 245 0
193 245 0
199 245 0
200 245 0
619 245 0
332 246 0
272 247 0
435 247 0
51 248 0
382 248 0
383 248 0
90 249 0
329 249 0
62 250 0
90 250 0
159 250 0
175 250 0
62 251 0
273 252 0
363 252 0
408 252 0
458 252 0
465 252 0
466 252 0
273 253 0
422 253 0
423 253 0
466 253 0
202 254 0
203 254 0
354 254 0
254 256 0
527 257 0
527 258 0
271 262 0
233 263 0
234 263 0
504 263 0
593 264 0
633 264 0
634 264 0
75 265 0
76 265 0
593 265 0
602 265 0
330 266 0
601 266 0
602 266 0
402 269 0
85 270 0
86 270 0
177 271 0
323 271 0
339 271 0
385 271 0
386 271 0
323 272 0
10 273 0
9 274 0
10 274 0
334 274 0
507 274 0
123 275 0
303 275 0
497 275 0
519 275 0
520 275 0
519 276 0
520 276 0
347 279 0
348 279 0
347 280 0
222 284 0
609 284 0
610 284 0
249 288 0
264 288 0
487 288 0
488 288 0
269 289 0
270 289 0
429 289 0
487 289 0
488 289 0
429 290 0
138 292 0
162 292 0
48 293 0
264 293 0
234 294 0
235 294 0
258 294 0
258 295 0
260 295 0
229 296 0
230 296 0
271 297 0
255 298 0
137 300 0
137 301 0
378 301 0
379 301 0
546 301 0
162 302 0
254 302 0
255 302 0
378 302 0
379 302 0
240 303 0
253 303 0
376 303 0
376 304 0
254 305 0
255 306 0
382 306 0
383 306 0
396 306 0
429 306 0
181 307 0
182 307 0
241 307 0
242 307 0
382 307 0
383 307 0
396 307 0
49 308 0
222 308 0
223 308 0
241 308 0
242 308 0
222 309 0
223 309 0
249 309 0
271 310 0
418 310 0
419 310 0
420 310 0
271 311 0
390 311 0
251 312 0
394 312 0
394 313 0
395 313 0
108 314 0
109 314 0
161 314 0
162 314 0
247 314 0
266 314 0
333 314 0
334 314 0
162 315 0
333 315 0
334 315 0
14 316 0
15 316 0
628 316 0
629 316 0
14 317 0
15 317 0
256 317 0
331 317 0
59 318 0
185 318 0
258 318 0
331 318 0
59 319 0
258 319 0
261 319 0
577 319 0
577 320 0
578 320 0
569 322 0
569 323 0
570 323 0
591 323 0
214 325 0
443 325 0
444 325 0
341 326 0
443 326 0
444 326 0
191 327 0
192 327 0
341 327 0
342 327 0
29 328 0
30 328 0
378 330 0
446 330 0
447 330 0
179 331 0
180 331 0
179 332 0
606 333 0
607 333 0
612 335 0
613 335 0
434 336 0
482 336 0
612 336 0
613 336 0
173 338 0
435 338 0
173 339 0
436 340 0
599 341 0
600 341 0
266 342 0
302 342 0
599 342 0
265 343 0
266 343 0
523 343 0
524 343 0
340 344 0
341 344 0
523 344 0
524 344 0
587 344 0
141 345 0
293 345 0
412 345 0
141 346 0
194 346 0
195 346 0
54 347 0
194 347 0
195 347 0
295 347 0
149 348 0
150 348 0
295 348 0
149 349 0
150 349 0
158 349 0
296 349 0
72 350 0
73 350 0
152 350 0
158 350 0
443 350 0
491 350 0
152 351 0
127 354 0
102 355 0
127 355 0
221 355 0
222 355 0
300 356 0
604 356 0
102 358 0
451 358 0
452 358 0
302 359 0
451 359 0
311 360 0
421 360 0
505 360 0
542 360 0
543 360 0
420 361 0
421 361 0
542 361 0
543 361 0
378 363 0
379 363 0
593 366 0
295 367 0
280 368 0
295 368 0
310 368 0
280 369 0
310 369 0
311 369 0
424 369 0
423 370 0
424 370 0
423 371 0
571 372 0
572 372 0
191 376 0
543 376 0
544 376 0
313 377 0
395 378 0
396 378 0
527 378 0
533 378 0
533 379 0
476 380 0
578 380 0
579 380 0
218 381 0
219 381 0
516 381 0
218 382 0
219 382 0
516 382 0
517 383 0
378 384 0
387 384 0
390 385 0
513 385 0
515 385 0
10 387 0
348 387 0
503 387 0
504 387 0
10 388 0
47 388 0
48 388 0
624 388 0
47 389 0
48 389 0
295 389 0
424 389 0
425 389 0
624 389 0
289 390 0
295 390 0
425 390 0
289 391 0
117 392 0
527 392 0
417 394 0
46 395 0
371 396 0
372 396 0
529 396 0
187 397 0
371 397 0
372 397 0
303 398 0
582 398 0
303 399 0
304 399 0
466 399 0
467 399 0
333 400 0
443 400 0
444 400 0
467 400 0
443 401 0
444 401 0
95 402 0
95 403 0
150 403 0
151 403 0
267 403 0
268 403 0
150 404 0
151 404 0
498 405 0
49 407 0
535 407 0
49 408 0
149 413 0
263 414 0
264 414 0
438 420 0
439 420 0
37 421 0
38 421 0
37 422 0
38 422 0
89 422 0
46 423 0
89 423 0
90 423 0
221 423 0
104 426 0
105 426 0
144 426 0
105 427 0
144 427 0
92 428 0
93 428 0
316 428 0
317 428 0
295 429 0
316 429 0
317 429 0
606 429 0
192 430 0
193 430 0
606 430 0
193 431 0
629 431 0
630 431 0
629 432 0
630 432 0
420 434 0
505 434 0
506 434 0
505 435 0
23 437 0
160 440 0
161 440 0
178 442 0
177 443 0
178 443 0
295 445 0
46 448 0
443 451 0
208 452 0
327 452 0
423 456 0
334 457 0
335 457 0
422 457 0
423 457 0
334 458 0
335 458 0
258 462 0
343 462 0
220 464 0
220 465 0
221 465 0
18 466 0
478 469 0
240 471 0
125 475 0
125 476 0
126 476 0
472 476 0
472 477 0
414 478 0
318 30 1
319 30 1
317 31 1
318 31 1
319 31 1
320 31 1
321 31 1
320 32 1
321 32 1
322 32 1
323 32 1
322 33 1
323 33 1
324 33 1
323 34 1
324 34 1
325 34 1
323 35 1
324 35 1
325 35 1
326 35 1
316 36 1
323 36 1
324 36 1
325 36 1
326 36 1
323 37 1
324 37 1
325 37 1
326 37 1
327 37 1
324 38 1
325 38 1
326 38 1
327 38 1
328 38 1
325 39 1
326 39 1
327 39 1
325 40 1
326 40 1
327 40 1
328 40 1
307 41 1
308 41 1
310 41 1
311 41 1
318 41 1
320 41 1
321 41 1
325 41 1
326 41 1
327 41 1
328 41 1
307 42 1
308 42 1
311 42 1
321 42 1
322 42 1
325 42 1
326 42 1
327 42 1
328 42 1
307 43 1
308 43 1
309 43 1
311 43 1
317 43 1
323 43 1
324 43 1
326 43 1
327 43 1
328 43 1
306 44 1
307 44 1
308 44 1
309 44 1
318 44 1
320 44 1
323 44 1
324 44 1
325 44 1
326 44 1
327 44 1
306 45 1
307 45 1
308 45 1
309 45 1
323 45 1
324 45 1
325 45 1
326 45 1
327 45 1
328 45 1
306 46 1
307 46 1
310 46 1
322 46 1
324 46 1
325 46 1
326 46 1
327 46 1
309 47 1
312 47 1
322 47 1
323 47 1
324 47 1
325 47 1
326 47 1
309 48 1
310 48 1
312 48 1
325 48 1
326 48 1
327 48 1
305 49 1
312 49 1
313 49 1
323 49 1
324 49 1
325 49 1
326 49 1
327 49 1
328 49 1
313 50 1
314 50 1
324 50 1
327 50 1
328 50 1
314 51 1
315 51 1
322 51 1
323 51 1
327 51 1
328 51 1
314 52 1
315 52 1
316 52 1
322 52 1
323 52 1
328 52 1
329 52 1
303 53 1
304 53 1
316 53 1
317 53 1
319 53 1
320 53 1
322 53 1
329 53 1
303 54 1
304 54 1
307 54 1
303 55 1
302 56 1
303 56 1
316 56 1
331 56 1
330 57 1
331 57 1
321 58 1
330 58 1
331 58 1
332 58 1
333 58 1
332 59 1
333 59 1
334 59 1
303 60 1
324 60 1
333 60 1
334 60 1
335 60 1
304 61 1
306 61 1
329 61 1
330 61 1
334 61 1
335 61 1
304 62 1
329 62 1
330 62 1
331 62 1
335 62 1
336 62 1
330 63 1
335 63 1
336 63 1
337 63 1
301 64 1
302 64 1
319 64 1
335 64 1
336 64 1
337 64 1
319 65 1
320 65 1
335 65 1
336 65 1
337 65 1
302 66 1
320 66 1
330 66 1
336 66 1
337 66 1
304 67 1
336 67 1
337 67 1
336 68 1
337 68 1
318 69 1
336 69 1
337 69 1
306 70 1
316 70 1
317 70 1
318 70 1
319 70 1
320 70 1
336 70 1
337 70 1
338 70 1
299 71 1
305 71 1
316 71 1
317 71 1
318 71 1
319 71 1
320 71 1
321 71 1
336 71 1
337 71 1
338 71 1
313 72 1
315 72 1
316 72 1
317 72 1
318 72 1
319 72 1
320 72 1
321 72 1
336 72 1
337 72 1
338 72 1
297 73 1
298 73 1
300 73 1
303 73 1
313 73 1
314 73 1
315 73 1
316 73 1
317 73 1
318 73 1
319 73 1
320 73 1
321 73 1
322 73 1
336 73 1
337 73 1
295 74 1
296 74 1
297 74 1
298 74 1
299 74 1
310 74 1
311 74 1
312 74 1
313 74 1
314 74 1
315 74 1
316 74 1
317 74 1
318 74 1
319 74 1
320 74 1
321 74 1
322 74 1
323 74 1
324 74 1
325 74 1
326 74 1
327 74 1
328 74 1
296 75 1
297 75 1
298 75 1
299 75 1
300 75 1
306 75 1
309 75 1
310 75 1
311 75 1
312 75 1
313 75 1
314 75 1
315 75 1
316 75 1
317 75 1
320 75 1
321 75 1
322 75 1
323 75 1
324 75 1
325 75 1
326 75 1
327 75 1
328 75 1
295 76 1
296 76 1
297 76 1
298 76 1
299 76 1
300 76 1
309 76 1
310 76 1
311 76 1
312 76 1
313 76 1
314 76 1
315 76 1
316 76 1
317 76 1
318 76 1
319 76 1
320 76 1
321 76 1
322 76 1
323 76 1
324 76 1
325 76 1
326 76 1
327 76 1
328 76 1
294 77 1
295 77 1
296 77 1
297 77 1
298 77 1
299 77 1
300 77 1
301 77 1
304 77 1
307 77 1
311 77 1
314 77 1
316 77 1
317 77 1
318 77 1
319 77 1
320 77 1
321 77 1
338 77 1
294 78 1
295 78 1
296 78 1
297 78 1
300 78 1
301 78 1
316 78 1
317 78 1
318 78 1
319 78 1
320 78 1
321 78 1
322 78 1
338 78 1
294 79 1
295 79 1
296 79 1
297 79 1
298 79 1
299 79 1
300 79 1
301 79 1
302 79 1
316 79 1
317 79 1
318 79 1
319 79 1
320 79 1
321 79 1
338 79 1
295 80 1
296 80 1
297 80 1
298 80 1
299 80 1
300 80 1
301 80 1
302 80 1
318 80 1
319 80 1
338 80 1
295 81 1
296 81 1
297 81 1
300 81 1
301 81 1
302 81 1
318 81 1
319 81 1
338 81 1
345 81 1
295 82 1
296 82 1
297 82 1
298 82 1
299 82 1
300 82 1
301 82 1
302 82 1
303 82 1
338 82 1
295 83 1
296 83 1
297 83 1
298 83 1
299 83 1
300 83 1
301 83 1
302 83 1
303 83 1
338 83 1
339 83 1
295 84 1
296 84 1
297 84 1
298 84 1
299 84 1
300 84 1
301 84 1
302 84 1
303 84 1
335 84 1
338 84 1
339 84 1
295 85 1
296 85 1
297 85 1
298 85 1
299 85 1
300 85 1
301 85 1
302 85 1
303 85 1
334 85 1
339 85 1
295 86 1
296 86 1
297 86 1
298 86 1
299 86 1
300 86 1
301 86 1
302 86 1
303 86 1
304 86 1
334 86 1
339 86 1
293 87 1
296 87 1
297 87 1
298 87 1
299 87 1
300 87 1
301 87 1
302 87 1
303 87 1
304 87 1
305 87 1
306 87 1
307 87 1
334 87 1
339 87 1
293 88 1
297 88 1
298 88 1
299 88 1
300 88 1
301 88 1
302 88 1
303 88 1
304 88 1
305 88 1
306 88 1
307 88 1
334 88 1
339 88 1
293 89 1
298 89 1
299 89 1
300 89 1
301 89 1
302 89 1
303 89 1
304 89 1
305 89 1
306 89 1
307 89 1
308 89 1
334 89 1
339 89 1
340 89 1
293 90 1
299 90 1
300 90 1
301 90 1
302 90 1
303 90 1
304 90 1
305 90 1
306 90 1
307 90 1
308 90 1
309 90 1
310 90 1
311 90 1
339 90 1
340 90 1
293 91 1
294 91 1
300 91 1
301 91 1
302 91 1
303 91 1
304 91 1
305 91 1
306 91 1
307 91 1
308 91 1
309 91 1
310 91 1
311 91 1
312 91 1
315 91 1
318 91 1
333 91 1
339 91 1
340 91 1
293 92 1
294 92 1
301 92 1
302 92 1
303 92 1
304 92 1
305 92 1
306 92 1
307 92 1
308 92 1
309 92 1
310 92 1
311 92 1
312 92 1
313 92 1
314 92 1
317 92 1
318 92 1
319 92 1
333 92 1
339 92 1
340 92 1
294 93 1
295 93 1
296 93 1
297 93 1
302 93 1
303 93 1
304 93 1
305 93 1
306 93 1
307 93 1
308 93 1
309 93 1
310 93 1
311 93 1
312 93 1
313 93 1
314 93 1
315 93 1
316 93 1
318 93 1
319 93 1
320 93 1
333 93 1
339 93 1
340 93 1
295 94 1
296 94 1
305 94 1
306 94 1
307 94 1
308 94 1
309 94 1
310 94 1
311 94 1
312 94 1
313 94 1
314 94 1
315 94 1
316 94 1
319 94 1
320 94 1
321 94 1
322 94 1
340 94 1
341 94 1
296 95 1
297 95 1
306 95 1
307 95 1
308 95 1
309 95 1
310 95 1
311 95 1
312 95 1
313 95 1
314 95 1
315 95 1
316 95 1
317 95 1
318 95 1
319 95 1
320 95 1
321 95 1
322 95 1
323 95 1
330 95 1
331 95 1
340 95 1
341 95 1
296 96 1
297 96 1
298 96 1
309 96 1
310 96 1
311 96 1
312 96 1
313 96 1
314 96 1
315 96 1
316 96 1
317 96 1
318 96 1
319 96 1
320 96 1
321 96 1
323 96 1
324 96 1
325 96 1
326 96 1
330 96 1
331 96 1
333 96 1
340 96 1
341 96 1
297 97 1
298 97 1
299 97 1
310 97 1
311 97 1
312 97 1
313 97 1
314 97 1
315 97 1
316 97 1
317 97 1
318 97 1
319 97 1
320 97 1
321 97 1
322 97 1
324 97 1
325 97 1
326 97 1
327 97 1
328 97 1
330 97 1
331 97 1
332 97 1
333 97 1
340 97 1
341 97 1
298 98 1
299 98 1
312 98 1
313 98 1
314 98 1
315 98 1
316 98 1
317 98 1
318 98 1
319 98 1
320 98 1
321 98 1
322 98 1
326 98 1
327 98 1
328 98 1
329 98 1
330 98 1
331 98 1
332 98 1
333 98 1
340 98 1
341 98 1
298 99 1
299 99 1
300 99 1
314 99 1
315 99 1
316 99 1
317 99 1
318 99 1
319 99 1
320 99 1
321 99 1
325 99 1
326 99 1
330 99 1
331 99 1
332 99 1
333 99 1
340 99 1
341 99 1
298 100 1
299 100 1
300 100 1
315 100 1
316 100 1
317 100 1
318 100 1
319 100 1
320 100 1
325 100 1
327 100 1
330 100 1
331 100 1
332 100 1
333 100 1
334 100 1
340 100 1
341 100 1
298 101 1
299 101 1
300 101 1
303 101 1
322 101 1
325 101 1
327 101 1
329 101 1
330 101 1
331 101 1
332 101 1
333 101 1
340 101 1
341 101 1
298 102 1
299 102 1
300 102 1
325 102 1
328 102 1
329 102 1
330 102 1
331 102 1
332 102 1
333 102 1
334 102 1
340 102 1
341 102 1
342 102 1
298 103 1
299 103 1
300 103 1
331 103 1
332 103 1
333 103 1
334 103 1
340 103 1
341 103 1
342 103 1
298 104 1
299 104 1
300 104 1
328 104 1
329 104 1
330 104 1
331 104 1
332 104 1
333 104 1
334 104 1
341 104 1
342 104 1
298 105 1
299 105 1
300 105 1
328 105 1
329 105 1
330 105 1
331 105 1
332 105 1
333 105 1
334 105 1
340 105 1
341 105 1
342 105 1
298 106 1
299 106 1
300 106 1
304 106 1
317 106 1
318 106 1
327 106 1
328 106 1
329 106 1
330 106 1
331 106 1
332 106 1
333 106 1
334 106 1
340 106 1
341 106 1
342 106 1
298 107 1
299 107 1
300 107 1
304 107 1
318 107 1
328 107 1
329 107 1
330 107 1
331 107 1
332 107 1
333 107 1
334 107 1
340 107 1
341 107 1
342 107 1
290 108 1
298 108 1
299 108 1
300 108 1
320 108 1
321 108 1
331 108 1
332 108 1
333 108 1
334 108 1
335 108 1
341 108 1
342 108 1
299 109 1
300 109 1
303 109 1
311 109 1
312 109 1
313 109 1
314 109 1
320 109 1
321 109 1
331 109 1
332 109 1
333 109 1
334 109 1
340 109 1
341 109 1
342 109 1
298 110 1
299 110 1
300 110 1
302 110 1
310 110 1
311 110 1
312 110 1
313 110 1
314 110 1
322 110 1
331 110 1
332 110 1
333 110 1
334 110 1
339 110 1
340 110 1
341 110 1
342 110 1
299 111 1
300 111 1
301 111 1
321 111 1
322 111 1
332 111 1
333 111 1
334 111 1
340 111 1
341 111 1
342 111 1
299 112 1
300 112 1
332 112 1
333 112 1
334 112 1
341 112 1
342 112 1
351 112 1
352 112 1
299 113 1
300 113 1
320 113 1
331 113 1
332 113 1
333 113 1
334 113 1
335 113 1
340 113 1
341 113 1
342 113 1
349 113 1
350 113 1
351 113 1
298 114 1
299 114 1
300 114 1
331 114 1
332 114 1
334 114 1
335 114 1
340 114 1
341 114 1
299 115 1
300 115 1
301 115 1
309 115 1
331 115 1
332 115 1
334 115 1
335 115 1
338 115 1
339 115 1
340 115 1
341 115 1
299 116 1
300 116 1
311 116 1
331 116 1
332 116 1
333 116 1
334 116 1
335 116 1
336 116 1
337 116 1
338 116 1
339 116 1
340 116 1
341 116 1
342 116 1
299 117 1
300 117 1
301 117 1
331 117 1
332 117 1
333 117 1
334 117 1
335 117 1
336 117 1
337 117 1
338 117 1
339 117 1
340 117 1
341 117 1
299 118 1
300 118 1
301 118 1
331 118 1
332 118 1
333 118 1
334 118 1
335 118 1
336 118 1
337 118 1
338 118 1
339 118 1
340 118 1
341 118 1
299 119 1
300 119 1
301 119 1
331 119 1
332 119 1
333 119 1
335 119 1
336 119 1
337 119 1
338 119 1
339 119 1
340 119 1
299 120 1
300 120 1
301 120 1
329 120 1
331 120 1
332 120 1
333 120 1
334 120 1
335 120 1
336 120 1
337 120 1
338 120 1
339 120 1
299 121 1
300 121 1
301 121 1
311 121 1
313 121 1
328 121 1
329 121 1
332 121 1
333 121 1
334 121 1
335 121 1
299 122 1
300 122 1
301 122 1
314 122 1
329 122 1
330 122 1
300 123 1
301 123 1
302 123 1
305 123 1
306 123 1
307 123 1
314 123 1
325 123 1
328 123 1
329 123 1
330 123 1
302 124 1
303 124 1
315 124 1
325 124 1
328 124 1
329 124 1
330 124 1
302 125 1
314 125 1
315 125 1
316 125 1
327 125 1
328 125 1
329 125 1
330 125 1
302 126 1
303 126 1
305 126 1
314 126 1
315 126 1
316 126 1
325 126 1
327 126 1
328 126 1
329 126 1
330 126 1
302 127 1
303 127 1
306 127 1
315 127 1
316 127 1
324 127 1
327 127 1
328 127 1
329 127 1
303 128 1
304 128 1
315 128 1
316 128 1
323 128 1
327 128 1
328 128 1
329 128 1
303 129 1
304 129 1
315 129 1
316 129 1
317 129 1
326 129 1
328 129 1
329 129 1
302 130 1
303 130 1
304 130 1
311 130 1
316 130 1
317 130 1
326 130 1
327 130 1
328 130 1
329 130 1
294 131 1
303 131 1
304 131 1
305 131 1
307 131 1
316 131 1
317 131 1
324 131 1
326 131 1
327 131 1
328 131 1
304 132 1
305 132 1
316 132 1
317 132 1
321 132 1
326 132 1
327 132 1
328 132 1
304 133 1
316 133 1
317 133 1
321 133 1
326 133 1
327 133 1
328 133 1
305 134 1
306 134 1
316 134 1
317 134 1
326 134 1
327 134 1
328 134 1
305 135 1
306 135 1
316 135 1
317 135 1
318 135 1
325 135 1
326 135 1
327 135 1
328 135 1
307 136 1
317 136 1
318 136 1
325 136 1
326 136 1
327 136 1
307 137 1
311 137 1
317 137 1
318 137 1
325 137 1
326 137 1
327 137 1
307 138 1
317 138 1
318 138 1
325 138 1
326 138 1
327 138 1
307 139 1
317 139 1
318 139 1
319 139 1
325 139 1
326 139 1
327 139 1
307 140 1
308 140 1
311 140 1
317 140 1
318 140 1
319 140 1
324 140 1
325 140 1
326 140 1
311 141 1
313 141 1
318 141 1
319 141 1
323 141 1
324 141 1
325 141 1
326 141 1
313 142 1
318 142 1
319 142 1
323 142 1
324 142 1
325 142 1
326 142 1
318 143 1
319 143 1
323 143 1
324 143 1
325 143 1
326 143 1
309 144 1
312 144 1
318 144 1
319 144 1
323 144 1
324 144 1
325 144 1
326 144 1
309 145 1
313 145 1
314 145 1
315 145 1
319 145 1
320 145 1
323 145 1
324 145 1
325 145 1
308 146 1
309 146 1
310 146 1
313 146 1
314 146 1
319 146 1
320 146 1
321 146 1
322 146 1
323 146 1
324 146 1
325 146 1
309 147 1
310 147 1
313 147 1
319 147 1
321 147 1
322 147 1
323 147 1
324 147 1
325 147 1
319 148 1
321 148 1
322 148 1
323 148 1
324 148 1
325 148 1
321 149 1
322 149 1
323 149 1
324 149 1
325 149 1
321 150 1
322 150 1
323 150 1
324 150 1
318 151 1
319 151 1
321 151 1
322 151 1
323 151 1
324 151 1
313 152 1
318 152 1
319 152 1
321 152 1
322 152 1
323 152 1
324 152 1
312 153 1
313 153 1
314 153 1
316 153 1
317 153 1
318 153 1
319 153 1
321 153 1
322 153 1
323 153 1
324 153 1
313 154 1
319 154 1
321 154 1
322 154 1
323 154 1
324 154 1
313 155 1
316 155 1
320 155 1
321 155 1
322 155 1
323 155 1
313 156 1
315 156 1
316 156 1
318 156 1
320 156 1
321 156 1
322 156 1
323 156 1
313 157 1
316 157 1
318 157 1
320 157 1
321 157 1
322 157 1
318 158 1
319 158 1
320 158 1
321 158 1
322 158 1
308 159 1
309 159 1
317 159 1
318 159 1
319 159 1
320 159 1
321 159 1
308 160 1
309 160 1
318 160 1
319 160 1
320 160 1
321 160 1
308 161 1
309 161 1
314 161 1
315 161 1
318 161 1
319 161 1
320 161 1
307 162 1
308 162 1
313 162 1
314 162 1
315 162 1
318 162 1
319 162 1
307 163 1
308 163 1
316 163 1
317 163 1
318 163 1
307 164 1
308 164 1
317 164 1
318 164 1
306 165 1
307 165 1
308 165 1
314 165 1
306 166 1
307 166 1
308 166 1
316 166 1
305 167 1
306 167 1
307 167 1
308 167 1
304 168 1
305 168 1
306 168 1
307 168 1
314 168 1
303 169 1
304 169 1
305 169 1
306 169 1
307 169 1
316 169 1
303 170 1
304 170 1
305 170 1
306 170 1
307 170 1
308 170 1
302 171 1
303 171 1
304 171 1
306 171 1
307 171 1
308 171 1
309 171 1
302 172 1
303 172 1
306 172 1
307 172 1
308 172 1
309 172 1
302 173 1
303 173 1
306 173 1
307 173 1
302 174 1
302 175 1
