95 6 0
443 6 0
11 7 0
95 7 0
11 8 0
11 9 0
76 11 0
151 12 0
173 13 0
174 13 0
622 13 0
44 14 0
45 14 0
173 14 0
174 14 0
592 14 0
409 15 0
409 16 0
409 17 0
453 17 0
454 17 0
512 17 0
358 18 0
359 18 0
369 18 0
515 18 0
358 19 0
359 19 0
369 19 0
561 19 0
562 19 0
561 20 0
562 20 0
392 21 0
11 22 0
151 22 0
151 23 0
238 23 0
453 23 0
238 24 0
363 24 0
364 24 0
238 25 0
363 25 0
364 25 0
238 26 0
590 26 0
591 26 0
602 26 0
238 27 0
591 27 0
238 28 0
346 28 0
377 28 0
408 28 0
238 29 0
352 29 0
408 29 0
121 30 0
238 30 0
238 31 0
238 32 0
49 33 0
50 33 0
365 33 0
366 33 0
49 34 0
50 34 0
238 34 0
583 34 0
584 34 0
238 35 0
187 36 0
571 39 0
572 39 0
571 40 0
572 40 0
407 41 0
630 41 0
631 41 0
589 42 0
108 43 0
109 43 0
488 43 0
489 43 0
589 43 0
13 44 0
488 44 0
489 44 0
126 45 0
529 45 0
530 45 0
186 46 0
187 46 0
406 46 0
186 47 0
497 48 0
497 49 0
14 50 0
511 50 0
128 51 0
183 52 0
406 52 0
406 53 0
497 53 0
406 54 0
431 54 0
216 55 0
405 55 0
406 55 0
63 56 0
382 56 0
383 56 0
63 57 0
129 57 0
382 57 0
383 57 0
406 57 0
618 57 0
129 58 0
154 58 0
406 58 0
618 58 0
129 59 0
406 59 0
509 60 0
406 61 0
15 63 0
15 64 0
217 65 0
217 66 0
624 66 0
624 67 0
404 69 0
221 71 0
122 72 0
174 73 0
189 73 0
404 73 0
404 74 0
88 75 0
223 75 0
385 75 0
481 75 0
482 75 0
483 75 0
184 76 0
194 76 0
195 76 0
196 76 0
385 76 0
386 76 0
186 77 0
194 77 0
195 77 0
196 77 0
197 77 0
480 77 0
185 78 0
186 78 0
205 78 0
206 78 0
480 78 0
457 79 0
134 81 0
237 81 0
445 81 0
199 82 0
445 82 0
237 83 0
616 83 0
136 85 0
213 85 0
515 85 0
516 85 0
184 86 0
213 86 0
214 86 0
511 87 0
511 88 0
137 91 0
599 91 0
138 94 0
138 95 0
138 96 0
158 96 0
390 97 0
523 97 0
125 98 0
491 98 0
492 98 0
221 99 0
222 99 0
596 99 0
597 99 0
139 100 0
221 100 0
222 100 0
31 101 0
32 101 0
139 101 0
251 101 0
252 101 0
566 101 0
6 102 0
7 102 0
31 102 0
32 102 0
174 102 0
209 102 0
209 103 0
210 103 0
481 103 0
526 103 0
140 104 0
209 104 0
210 104 0
140 105 0
526 105 0
18 106 0
96 106 0
209 106 0
244 106 0
450 106 0
494 106 0
96 107 0
209 107 0
210 107 0
494 107 0
209 108 0
236 108 0
209 111 0
60 112 0
447 112 0
31 113 0
32 113 0
60 113 0
61 113 0
494 113 0
31 114 0
32 114 0
437 114 0
438 114 0
629 114 0
209 115 0
437 115 0
438 115 0
209 116 0
236 116 0
268 116 0
236 117 0
117 120 0
195 120 0
145 121 0
5 122 0
6 122 0
477 122 0
477 124 0
560 124 0
613 124 0
612 125 0
613 125 0
489 126 0
490 126 0
511 126 0
200 127 0
201 127 0
437 127 0
438 127 0
476 127 0
488 127 0
633 127 0
201 128 0
438 128 0
476 128 0
490 129 0
109 130 0
510 130 0
109 131 0
404 131 0
510 131 0
74 133 0
74 134 0
490 134 0
528 134 0
599 134 0
600 134 0
207 135 0
435 135 0
490 135 0
207 136 0
492 136 0
512 136 0
424 137 0
425 137 0
434 137 0
445 137 0
446 137 0
457 137 0
492 137 0
512 137 0
434 138 0
445 138 0
446 138 0
492 138 0
512 138 0
198 139 0
482 139 0
484 139 0
492 139 0
514 139 0
484 140 0
492 140 0
527 140 0
422 141 0
445 141 0
446 141 0
492 141 0
620 141 0
621 141 0
151 142 0
433 142 0
445 142 0
446 142 0
469 142 0
492 142 0
513 142 0
523 142 0
150 143 0
151 143 0
469 143 0
492 143 0
515 143 0
483 144 0
492 144 0
517 144 0
518 144 0
524 144 0
546 144 0
213 145 0
258 145 0
438 145 0
483 145 0
438 146 0
512 146 0
238 147 0
482 147 0
130 148 0
146 148 0
147 148 0
471 148 0
130 149 0
433 149 0
434 149 0
471 149 0
489 149 0
498 149 0
130 150 0
482 150 0
482 151 0
248 152 0
482 152 0
437 153 0
493 153 0
442 155 0
561 155 0
210 156 0
442 156 0
487 156 0
561 156 0
570 156 0
571 156 0
222 157 0
385 157 0
481 157 0
222 158 0
446 158 0
470 158 0
471 158 0
481 158 0
484 158 0
470 159 0
471 159 0
484 159 0
507 161 0
441 162 0
186 163 0
263 163 0
268 163 0
268 164 0
269 164 0
51 165 0
404 165 0
405 165 0
51 166 0
462 167 0
274 170 0
608 172 0
571 173 0
609 173 0
283 175 0
286 175 0
286 176 0
72 178 0
73 178 0
72 179 0
73 179 0
244 179 0
95 181 0
157 181 0
158 181 0
95 182 0
158 182 0
81 183 0
222 183 0
343 183 0
242 184 0
584 184 0
240 185 0
321 185 0
584 185 0
321 186 0
244 187 0
294 187 0
321 187 0
476 187 0
238 188 0
321 188 0
242 189 0
320 191 0
258 192 0
294 192 0
320 192 0
321 192 0
222 193 0
254 194 0
222 195 0
369 195 0
370 195 0
222 196 0
333 196 0
369 196 0
370 196 0
146 197 0
147 197 0
333 197 0
334 197 0
524 197 0
146 198 0
147 198 0
222 198 0
349 198 0
390 198 0
391 198 0
464 198 0
524 198 0
2 199 0
3 199 0
390 199 0
391 199 0
2 200 0
3 200 0
45 200 0
256 200 0
256 201 0
262 201 0
222 202 0
221 203 0
222 203 0
104 204 0
222 205 0
284 205 0
222 206 0
284 206 0
222 207 0
222 208 0
256 208 0
274 208 0
222 209 0
276 209 0
222 210 0
470 210 0
222 211 0
470 211 0
222 212 0
274 212 0
222 213 0
274 213 0
222 214 0
239 214 0
256 214 0
483 214 0
222 215 0
483 215 0
239 216 0
376 216 0
153 217 0
222 217 0
479 217 0
480 217 0
222 218 0
285 218 0
325 218 0
442 218 0
479 218 0
480 218 0
31 219 0
442 219 0
443 219 0
222 220 0
401 220 0
350 221 0
222 222 0
238 222 0
378 222 0
379 222 0
343 223 0
102 225 0
118 225 0
102 226 0
256 226 0
222 230 0
300 231 0
291 233 0
225 234 0
389 234 0
390 234 0
527 234 0
225 235 0
260 235 0
484 235 0
527 235 0
528 235 0
253 236 0
529 237 0
530 237 0
325 238 0
614 240 0
615 240 0
258 241 0
571 241 0
291 242 0
185 244 0
172 245 0
249 245 0
332 246 0
106 247 0
272 247 0
435 247 0
51 248 0
105 248 0
90 249 0
104 249 0
232 249 0
329 249 0
62 250 0
90 250 0
103 250 0
159 250 0
532 250 0
62 251 0
102 251 0
532 251 0
273 252 0
465 252 0
466 252 0
194 253 0
273 253 0
422 253 0
423 253 0
466 253 0
202 254 0
203 254 0
354 254 0
355 254 0
230 257 0
266 260 0
233 263 0
234 263 0
593 264 0
633 264 0
634 264 0
75 265 0
76 265 0
593 265 0
602 265 0
319 266 0
493 266 0
601 266 0
602 266 0
402 269 0
85 270 0
86 270 0
177 271 0
228 271 0
230 271 0
323 271 0
339 271 0
10 273 0
591 273 0
9 274 0
10 274 0
334 274 0
386 274 0
507 274 0
497 275 0
519 275 0
520 275 0
354 276 0
519 276 0
520 276 0
225 277 0
316 277 0
224 278 0
225 278 0
347 279 0
348 279 0
222 280 0
347 280 0
256 282 0
331 284 0
609 284 0
610 284 0
488 288 0
429 289 0
429 290 0
262 291 0
138 292 0
48 293 0
263 293 0
264 293 0
268 293 0
235 294 0
245 294 0
267 294 0
258 295 0
275 295 0
230 296 0
258 296 0
260 296 0
275 296 0
250 297 0
271 297 0
272 297 0
151 298 0
250 298 0
255 299 0
137 300 0
378 301 0
379 301 0
162 302 0
378 302 0
379 302 0
251 306 0
255 306 0
382 306 0
383 306 0
181 307 0
182 307 0
241 307 0
242 307 0
382 307 0
383 307 0
49 308 0
222 308 0
223 308 0
241 308 0
242 308 0
249 308 0
222 309 0
223 309 0
257 310 0
271 310 0
250 311 0
271 311 0
251 312 0
270 312 0
394 312 0
414 312 0
261 313 0
394 313 0
395 313 0
422 313 0
108 314 0
109 314 0
162 314 0
261 314 0
333 314 0
334 314 0
162 315 0
333 315 0
334 315 0
14 316 0
15 316 0
628 316 0
629 316 0
14 317 0
15 317 0
331 317 0
59 318 0
331 318 0
59 319 0
424 319 0
577 320 0
578 320 0
581 320 0
569 322 0
591 322 0
569 323 0
570 323 0
591 323 0
214 325 0
443 325 0
444 325 0
443 326 0
444 326 0
192 327 0
341 327 0
100 330 0
101 330 0
446 330 0
447 330 0
606 333 0
612 335 0
613 335 0
612 336 0
613 336 0
115 337 0
173 338 0
636 338 0
173 339 0
636 339 0
599 341 0
95 342 0
266 342 0
302 342 0
599 342 0
265 343 0
266 343 0
523 343 0
524 343 0
523 344 0
524 344 0
412 345 0
141 346 0
194 346 0
195 346 0
318 346 0
194 347 0
195 347 0
149 348 0
150 348 0
149 349 0
150 349 0
319 350 0
298 353 0
300 356 0
102 358 0
379 358 0
451 358 0
452 358 0
451 359 0
421 360 0
421 361 0
378 363 0
379 363 0
29 366 0
593 366 0
29 367 0
295 367 0
593 367 0
280 368 0
310 368 0
280 369 0
310 369 0
424 369 0
423 370 0
571 372 0
572 372 0
18 375 0
543 376 0
533 378 0
516 379 0
533 379 0
476 380 0
218 381 0
219 381 0
218 382 0
219 382 0
450 386 0
48 388 0
624 388 0
47 389 0
48 389 0
295 389 0
370 389 0
424 389 0
425 389 0
624 389 0
237 390 0
289 390 0
295 390 0
425 390 0
289 391 0
117 392 0
24 393 0
443 395 0
371 396 0
372 396 0
371 397 0
372 397 0
303 398 0
241 399 0
303 399 0
304 399 0
423 399 0
467 399 0
443 400 0
467 400 0
443 401 0
150 403 0
151 403 0
150 404 0
151 404 0
49 407 0
535 407 0
395 411 0
151 412 0
263 414 0
264 414 0
300 420 0
438 420 0
439 420 0
37 421 0
38 421 0
37 422 0
38 422 0
89 422 0
89 423 0
104 426 0
105 426 0
144 426 0
105 427 0
144 427 0
92 428 0
93 428 0
317 428 0
295 429 0
316 429 0
317 429 0
192 430 0
193 430 0
193 431 0
420 434 0
505 434 0
506 434 0
420 435 0
183 436 0
23 437 0
160 440 0
161 440 0
55 442 0
177 443 0
178 443 0
295 445 0
443 451 0
208 452 0
327 452 0
628 453 0
423 456 0
181 457 0
334 457 0
335 457 0
423 457 0
334 458 0
335 458 0
343 462 0
220 464 0
220 465 0
221 465 0
125 475 0
125 476 0
472 476 0
295 477 0
336 477 0
472 477 0
295 478 0
414 478 0
264 6 1
268 9 1
268 10 1
268 11 1
306 11 1
307 11 1
308 11 1
325 15 1
326 15 1
307 16 1
308 16 1
309 16 1
324 16 1
325 16 1
307 17 1
308 17 1
264 19 1
268 19 1
319 29 1
320 29 1
321 29 1
322 29 1
320 30 1
321 30 1
322 30 1
323 30 1
323 31 1
324 31 1
325 31 1
324 32 1
325 32 1
326 32 1
312 33 1
325 33 1
326 33 1
327 33 1
311 34 1
312 34 1
326 34 1
327 34 1
311 35 1
325 35 1
326 35 1
327 35 1
328 35 1
310 36 1
311 36 1
326 36 1
327 36 1
328 36 1
329 36 1
310 37 1
327 37 1
328 37 1
329 37 1
309 38 1
310 38 1
317 38 1
318 38 1
327 38 1
328 38 1
329 38 1
309 39 1
317 39 1
327 39 1
328 39 1
329 39 1
308 40 1
309 40 1
312 40 1
313 40 1
322 40 1
323 40 1
327 40 1
328 40 1
329 40 1
330 40 1
308 41 1
309 41 1
310 41 1
313 41 1
321 41 1
322 41 1
323 41 1
324 41 1
328 41 1
329 41 1
330 41 1
308 42 1
309 42 1
310 42 1
318 42 1
319 42 1
320 42 1
321 42 1
322 42 1
325 42 1
326 42 1
328 42 1
329 42 1
330 42 1
308 43 1
309 43 1
310 43 1
320 43 1
321 43 1
324 43 1
325 43 1
326 43 1
327 43 1
328 43 1
329 43 1
308 44 1
309 44 1
310 44 1
311 44 1
324 44 1
325 44 1
326 44 1
327 44 1
328 44 1
329 44 1
308 45 1
309 45 1
311 45 1
312 45 1
314 45 1
324 45 1
325 45 1
327 45 1
328 45 1
329 45 1
308 46 1
309 46 1
313 46 1
314 46 1
319 46 1
324 46 1
325 46 1
326 46 1
327 46 1
328 46 1
329 46 1
307 47 1
308 47 1
314 47 1
323 47 1
326 47 1
327 47 1
328 47 1
329 47 1
307 48 1
308 48 1
310 48 1
314 48 1
315 48 1
325 48 1
326 48 1
327 48 1
328 48 1
329 48 1
330 48 1
307 49 1
308 49 1
315 49 1
316 49 1
325 49 1
326 49 1
328 49 1
329 49 1
330 49 1
306 50 1
307 50 1
316 50 1
317 50 1
323 50 1
325 50 1
328 50 1
329 50 1
330 50 1
331 50 1
305 51 1
306 51 1
316 51 1
317 51 1
318 51 1
324 51 1
325 51 1
329 51 1
330 51 1
331 51 1
306 52 1
318 52 1
319 52 1
320 52 1
321 52 1
322 52 1
324 52 1
325 52 1
329 52 1
330 52 1
331 52 1
304 53 1
305 53 1
306 53 1
317 53 1
331 53 1
332 53 1
298 54 1
305 54 1
306 54 1
318 54 1
331 54 1
332 54 1
304 55 1
305 55 1
318 55 1
331 55 1
332 55 1
333 55 1
304 56 1
305 56 1
332 56 1
333 56 1
334 56 1
304 57 1
306 57 1
331 57 1
333 57 1
334 57 1
335 57 1
299 58 1
304 58 1
307 58 1
335 58 1
336 58 1
298 59 1
299 59 1
305 59 1
308 59 1
326 59 1
335 59 1
336 59 1
337 59 1
298 60 1
305 60 1
322 60 1
332 60 1
336 60 1
337 60 1
298 61 1
306 61 1
332 61 1
333 61 1
337 61 1
338 61 1
298 62 1
302 62 1
307 62 1
321 62 1
332 62 1
333 62 1
338 62 1
339 62 1
307 63 1
321 63 1
333 63 1
338 63 1
339 63 1
308 64 1
321 64 1
322 64 1
323 64 1
333 64 1
338 64 1
339 64 1
322 65 1
338 65 1
339 65 1
307 66 1
338 66 1
339 66 1
340 66 1
307 67 1
339 67 1
340 67 1
306 68 1
308 68 1
320 68 1
339 68 1
340 68 1
319 69 1
320 69 1
321 69 1
322 69 1
338 69 1
339 69 1
340 69 1
306 70 1
308 70 1
317 70 1
319 70 1
320 70 1
321 70 1
322 70 1
323 70 1
338 70 1
339 70 1
340 70 1
306 71 1
308 71 1
317 71 1
318 71 1
319 71 1
320 71 1
321 71 1
322 71 1
323 71 1
338 71 1
339 71 1
340 71 1
303 72 1
317 72 1
318 72 1
319 72 1
320 72 1
321 72 1
322 72 1
323 72 1
324 72 1
338 72 1
339 72 1
340 72 1
285 73 1
299 73 1
300 73 1
301 73 1
302 73 1
304 73 1
313 73 1
314 73 1
315 73 1
316 73 1
317 73 1
318 73 1
319 73 1
321 73 1
322 73 1
323 73 1
324 73 1
325 73 1
326 73 1
327 73 1
329 73 1
330 73 1
338 73 1
339 73 1
340 73 1
299 74 1
300 74 1
301 74 1
302 74 1
303 74 1
307 74 1
312 74 1
313 74 1
314 74 1
315 74 1
316 74 1
317 74 1
318 74 1
319 74 1
323 74 1
324 74 1
325 74 1
326 74 1
327 74 1
328 74 1
329 74 1
330 74 1
338 74 1
299 75 1
300 75 1
301 75 1
302 75 1
303 75 1
304 75 1
311 75 1
312 75 1
313 75 1
314 75 1
315 75 1
316 75 1
317 75 1
318 75 1
319 75 1
320 75 1
323 75 1
324 75 1
325 75 1
326 75 1
327 75 1
328 75 1
329 75 1
330 75 1
338 75 1
340 75 1
341 75 1
298 76 1
299 76 1
300 76 1
301 76 1
302 76 1
303 76 1
304 76 1
312 76 1
313 76 1
314 76 1
315 76 1
317 76 1
318 76 1
319 76 1
320 76 1
321 76 1
322 76 1
323 76 1
330 76 1
338 76 1
340 76 1
341 76 1
298 77 1
299 77 1
300 77 1
301 77 1
302 77 1
307 77 1
319 77 1
320 77 1
321 77 1
322 77 1
323 77 1
324 77 1
338 77 1
341 77 1
346 77 1
298 78 1
299 78 1
300 78 1
303 78 1
304 78 1
305 78 1
319 78 1
320 78 1
321 78 1
322 78 1
323 78 1
324 78 1
341 78 1
298 79 1
299 79 1
300 79 1
301 79 1
303 79 1
304 79 1
305 79 1
319 79 1
320 79 1
321 79 1
322 79 1
323 79 1
338 79 1
341 79 1
346 79 1
299 80 1
300 80 1
301 80 1
303 80 1
304 80 1
305 80 1
306 80 1
321 80 1
338 80 1
341 80 1
346 80 1
258 81 1
259 81 1
299 81 1
300 81 1
301 81 1
304 81 1
305 81 1
306 81 1
307 81 1
338 81 1
341 81 1
342 81 1
345 81 1
346 81 1
299 82 1
300 82 1
301 82 1
303 82 1
304 82 1
305 82 1
306 82 1
307 82 1
338 82 1
341 82 1
342 82 1
345 82 1
346 82 1
296 83 1
299 83 1
300 83 1
301 83 1
302 83 1
303 83 1
304 83 1
305 83 1
306 83 1
307 83 1
337 83 1
338 83 1
341 83 1
342 83 1
348 83 1
296 84 1
297 84 1
300 84 1
301 84 1
302 84 1
304 84 1
305 84 1
306 84 1
307 84 1
308 84 1
342 84 1
347 84 1
348 84 1
276 85 1
277 85 1
296 85 1
297 85 1
300 85 1
301 85 1
302 85 1
303 85 1
305 85 1
306 85 1
307 85 1
308 85 1
315 85 1
342 85 1
276 86 1
296 86 1
297 86 1
300 86 1
301 86 1
302 86 1
303 86 1
304 86 1
305 86 1
306 86 1
307 86 1
308 86 1
337 86 1
342 86 1
296 87 1
297 87 1
301 87 1
302 87 1
303 87 1
304 87 1
305 87 1
306 87 1
307 87 1
308 87 1
309 87 1
310 87 1
342 87 1
296 88 1
297 88 1
302 88 1
303 88 1
304 88 1
305 88 1
306 88 1
307 88 1
308 88 1
309 88 1
310 88 1
311 88 1
338 88 1
342 88 1
343 88 1
297 89 1
303 89 1
304 89 1
305 89 1
306 89 1
307 89 1
308 89 1
309 89 1
310 89 1
311 89 1
312 89 1
313 89 1
337 89 1
338 89 1
343 89 1
297 90 1
298 90 1
303 90 1
304 90 1
305 90 1
306 90 1
307 90 1
308 90 1
309 90 1
310 90 1
311 90 1
312 90 1
313 90 1
314 90 1
315 90 1
321 90 1
337 90 1
343 90 1
297 91 1
298 91 1
305 91 1
306 91 1
307 91 1
308 91 1
309 91 1
310 91 1
311 91 1
312 91 1
313 91 1
314 91 1
315 91 1
316 91 1
321 91 1
322 91 1
337 91 1
343 91 1
297 92 1
298 92 1
299 92 1
307 92 1
308 92 1
309 92 1
310 92 1
311 92 1
312 92 1
313 92 1
314 92 1
315 92 1
316 92 1
317 92 1
318 92 1
319 92 1
321 92 1
322 92 1
333 92 1
337 92 1
343 92 1
296 93 1
297 93 1
298 93 1
299 93 1
300 93 1
309 93 1
310 93 1
311 93 1
312 93 1
313 93 1
314 93 1
315 93 1
316 93 1
317 93 1
318 93 1
319 93 1
320 93 1
322 93 1
332 93 1
333 93 1
334 93 1
337 93 1
343 93 1
299 94 1
300 94 1
311 94 1
312 94 1
313 94 1
314 94 1
315 94 1
316 94 1
317 94 1
318 94 1
319 94 1
320 94 1
321 94 1
322 94 1
327 94 1
328 94 1
332 94 1
333 94 1
334 94 1
336 94 1
337 94 1
338 94 1
343 94 1
344 94 1
300 95 1
301 95 1
313 95 1
314 95 1
315 95 1
316 95 1
317 95 1
318 95 1
319 95 1
320 95 1
321 95 1
322 95 1
323 95 1
324 95 1
328 95 1
329 95 1
330 95 1
332 95 1
333 95 1
334 95 1
337 95 1
338 95 1
344 95 1
300 96 1
301 96 1
314 96 1
315 96 1
316 96 1
317 96 1
318 96 1
319 96 1
320 96 1
321 96 1
322 96 1
323 96 1
324 96 1
325 96 1
330 96 1
331 96 1
332 96 1
333 96 1
334 96 1
337 96 1
338 96 1
344 96 1
300 97 1
301 97 1
317 97 1
318 97 1
319 97 1
320 97 1
321 97 1
322 97 1
323 97 1
324 97 1
325 97 1
326 97 1
330 97 1
331 97 1
332 97 1
333 97 1
334 97 1
337 97 1
338 97 1
344 97 1
300 98 1
301 98 1
319 98 1
320 98 1
321 98 1
322 98 1
323 98 1
324 98 1
325 98 1
326 98 1
336 98 1
337 98 1
338 98 1
344 98 1
300 99 1
301 99 1
320 99 1
321 99 1
322 99 1
323 99 1
324 99 1
325 99 1
332 99 1
337 99 1
338 99 1
344 99 1
345 99 1
300 100 1
301 100 1
322 100 1
324 100 1
325 100 1
337 100 1
344 100 1
345 100 1
300 101 1
301 101 1
337 101 1
343 101 1
344 101 1
345 101 1
300 102 1
301 102 1
303 102 1
336 102 1
337 102 1
338 102 1
344 102 1
345 102 1
300 103 1
301 103 1
336 103 1
337 103 1
344 103 1
345 103 1
300 104 1
301 104 1
334 104 1
335 104 1
336 104 1
337 104 1
344 104 1
345 104 1
300 105 1
301 105 1
302 105 1
334 105 1
335 105 1
336 105 1
337 105 1
338 105 1
344 105 1
345 105 1
300 106 1
301 106 1
302 106 1
308 106 1
334 106 1
335 106 1
336 106 1
337 106 1
338 106 1
344 106 1
345 106 1
301 107 1
302 107 1
325 107 1
334 107 1
335 107 1
336 107 1
337 107 1
338 107 1
339 107 1
344 107 1
345 107 1
346 107 1
301 108 1
302 108 1
329 108 1
334 108 1
335 108 1
336 108 1
337 108 1
338 108 1
344 108 1
345 108 1
346 108 1
301 109 1
302 109 1
312 109 1
313 109 1
314 109 1
334 109 1
335 109 1
336 109 1
337 109 1
338 109 1
343 109 1
344 109 1
345 109 1
346 109 1
301 110 1
302 110 1
312 110 1
313 110 1
314 110 1
334 110 1
335 110 1
336 110 1
337 110 1
338 110 1
344 110 1
345 110 1
346 110 1
301 111 1
302 111 1
319 111 1
335 111 1
336 111 1
337 111 1
338 111 1
344 111 1
345 111 1
301 112 1
302 112 1
335 112 1
336 112 1
337 112 1
338 112 1
339 112 1
344 112 1
345 112 1
351 112 1
352 112 1
301 113 1
302 113 1
335 113 1
336 113 1
338 113 1
339 113 1
344 113 1
345 113 1
350 113 1
351 113 1
352 113 1
301 114 1
302 114 1
335 114 1
336 114 1
338 114 1
339 114 1
340 114 1
341 114 1
342 114 1
343 114 1
344 114 1
345 114 1
301 115 1
302 115 1
334 115 1
335 115 1
336 115 1
338 115 1
339 115 1
340 115 1
341 115 1
342 115 1
343 115 1
344 115 1
345 115 1
364 115 1
301 116 1
302 116 1
334 116 1
335 116 1
338 116 1
339 116 1
340 116 1
341 116 1
342 116 1
343 116 1
344 116 1
345 116 1
301 117 1
302 117 1
334 117 1
335 117 1
338 117 1
339 117 1
340 117 1
341 117 1
342 117 1
344 117 1
301 118 1
302 118 1
333 118 1
334 118 1
335 118 1
336 118 1
338 118 1
339 118 1
340 118 1
341 118 1
301 119 1
302 119 1
333 119 1
334 119 1
335 119 1
336 119 1
338 119 1
339 119 1
340 119 1
342 119 1
301 120 1
302 120 1
333 120 1
334 120 1
335 120 1
336 120 1
339 120 1
301 121 1
302 121 1
332 121 1
333 121 1
334 121 1
335 121 1
336 121 1
301 122 1
302 122 1
303 122 1
332 122 1
333 122 1
303 123 1
304 123 1
308 123 1
309 123 1
310 123 1
312 123 1
314 123 1
322 123 1
331 123 1
332 123 1
333 123 1
303 124 1
304 124 1
307 124 1
308 124 1
332 124 1
333 124 1
303 125 1
304 125 1
317 125 1
318 125 1
324 125 1
331 125 1
332 125 1
333 125 1
304 126 1
317 126 1
318 126 1
330 126 1
331 126 1
332 126 1
333 126 1
304 127 1
305 127 1
318 127 1
330 127 1
331 127 1
332 127 1
333 127 1
304 128 1
305 128 1
318 128 1
319 128 1
332 128 1
333 128 1
305 129 1
306 129 1
318 129 1
319 129 1
330 129 1
332 129 1
305 130 1
306 130 1
318 130 1
319 130 1
330 130 1
331 130 1
332 130 1
305 131 1
306 131 1
318 131 1
319 131 1
329 131 1
331 131 1
332 131 1
306 132 1
318 132 1
319 132 1
331 132 1
332 132 1
306 133 1
307 133 1
318 133 1
319 133 1
322 133 1
330 133 1
331 133 1
332 133 1
373 133 1
306 134 1
307 134 1
318 134 1
319 134 1
330 134 1
331 134 1
332 134 1
307 135 1
319 135 1
330 135 1
331 135 1
332 135 1
307 136 1
319 136 1
320 136 1
330 136 1
331 136 1
332 136 1
307 137 1
315 137 1
319 137 1
320 137 1
330 137 1
331 137 1
308 138 1
319 138 1
320 138 1
330 138 1
331 138 1
308 139 1
312 139 1
317 139 1
319 139 1
320 139 1
329 139 1
330 139 1
331 139 1
309 140 1
320 140 1
330 140 1
331 140 1
309 141 1
320 141 1
321 141 1
329 141 1
330 141 1
331 141 1
379 141 1
380 141 1
309 142 1
320 142 1
321 142 1
330 142 1
331 142 1
309 143 1
310 143 1
320 143 1
321 143 1
323 143 1
330 143 1
309 144 1
310 144 1
314 144 1
315 144 1
317 144 1
320 144 1
321 144 1
329 144 1
330 144 1
309 145 1
310 145 1
314 145 1
320 145 1
321 145 1
329 145 1
330 145 1
310 146 1
314 146 1
315 146 1
320 146 1
321 146 1
329 146 1
330 146 1
310 147 1
314 147 1
315 147 1
320 147 1
321 147 1
323 147 1
328 147 1
329 147 1
321 148 1
323 148 1
327 148 1
328 148 1
329 148 1
321 149 1
327 149 1
328 149 1
329 149 1
322 150 1
327 150 1
328 150 1
329 150 1
322 151 1
323 151 1
324 151 1
326 151 1
327 151 1
328 151 1
312 152 1
321 152 1
322 152 1
323 152 1
327 152 1
328 152 1
329 152 1
311 153 1
312 153 1
319 153 1
321 153 1
322 153 1
323 153 1
326 153 1
327 153 1
328 153 1
329 153 1
312 154 1
313 154 1
314 154 1
316 154 1
318 154 1
326 154 1
327 154 1
328 154 1
313 155 1
314 155 1
322 155 1
326 155 1
327 155 1
328 155 1
329 155 1
313 156 1
315 156 1
321 156 1
326 156 1
327 156 1
328 156 1
315 157 1
318 157 1
319 157 1
320 157 1
321 157 1
325 157 1
326 157 1
327 157 1
328 157 1
316 158 1
317 158 1
319 158 1
320 158 1
324 158 1
325 158 1
326 158 1
327 158 1
328 158 1
316 159 1
320 159 1
324 159 1
325 159 1
326 159 1
327 159 1
319 160 1
324 160 1
325 160 1
326 160 1
319 161 1
323 161 1
324 161 1
325 161 1
326 161 1
310 162 1
315 162 1
319 162 1
322 162 1
323 162 1
324 162 1
325 162 1
310 163 1
321 163 1
322 163 1
323 163 1
324 163 1
344 163 1
318 164 1
321 164 1
322 164 1
323 164 1
344 164 1
319 165 1
320 165 1
321 165 1
322 165 1
310 166 1
319 166 1
320 166 1
321 166 1
308 167 1
309 167 1
310 167 1
316 167 1
319 167 1
320 167 1
307 168 1
308 168 1
309 168 1
310 168 1
316 168 1
318 168 1
306 169 1
307 169 1
310 169 1
317 169 1
318 169 1
305 170 1
306 170 1
307 170 1
310 170 1
334 170 1
305 171 1
306 171 1
310 171 1
318 171 1
302 172 1
304 172 1
305 172 1
306 172 1
309 172 1
310 172 1
302 173 1
303 173 1
304 173 1
305 173 1
309 173 1
310 173 1
302 174 1
303 174 1
304 174 1
305 174 1
309 174 1
310 174 1
302 175 1
303 175 1
304 175 1
305 175 1
309 175 1
310 175 1
302 176 1
303 176 1
304 176 1
305 176 1
306 176 1
309 176 1
310 176 1
302 177 1
303 177 1
304 177 1
305 177 1
306 177 1
311 177 1
302 178 1
303 178 1
304 178 1
305 178 1
306 178 1
310 178 1
303 179 1
304 179 1
305 179 1
306 179 1
311 179 1
302 180 1
303 180 1
304 180 1
305 180 1
306 180 1
303 181 1
304 181 1
305 181 1
306 181 1
311 181 1
313 181 1
304 182 1
305 182 1
306 182 1
304 183 1
305 183 1
306 183 1
304 184 1
305 184 1
306 184 1
311 184 1
304 185 1
305 185 1
306 185 1
305 186 1
306 186 1
310 186 1
306 187 1
306 188 1
306 189 1
307 189 1
308 189 1
309 189 1
306 190 1
307 190 1
308 190 1
309 190 1
310 190 1
305 191 1
306 191 1
307 191 1
308 191 1
309 191 1
305 192 1
306 192 1
307 192 1
308 192 1
309 192 1
305 193 1
306 193 1
307 193 1
308 193 1
309 193 1
310 193 1
311 193 1
305 194 1
306 194 1
307 194 1
308 194 1
309 194 1
310 194 1
311 194 1
