95 6 0
443 6 0
95 7 0
11 8 0
11 9 0
11 10 0
76 10 0
11 11 0
103 13 0
173 13 0
174 13 0
409 13 0
622 13 0
44 14 0
173 14 0
174 14 0
409 14 0
409 15 0
409 16 0
12 17 0
201 17 0
409 17 0
453 17 0
454 17 0
12 18 0
358 18 0
359 18 0
409 18 0
514 18 0
12 19 0
358 19 0
359 19 0
409 19 0
514 19 0
561 19 0
562 19 0
12 20 0
201 20 0
409 20 0
514 20 0
561 20 0
562 20 0
235 21 0
409 21 0
514 21 0
409 22 0
514 22 0
238 23 0
409 23 0
514 23 0
238 24 0
363 24 0
364 24 0
238 25 0
238 26 0
590 26 0
591 26 0
602 26 0
13 27 0
238 27 0
13 28 0
238 28 0
377 28 0
408 28 0
123 29 0
238 29 0
352 29 0
408 29 0
513 29 0
238 30 0
513 30 0
238 31 0
513 31 0
238 32 0
365 32 0
49 33 0
50 33 0
238 33 0
365 33 0
366 33 0
407 33 0
238 34 0
407 34 0
238 35 0
76 36 0
187 36 0
238 36 0
407 36 0
238 37 0
407 37 0
238 38 0
407 38 0
407 39 0
571 39 0
572 39 0
407 40 0
571 40 0
572 40 0
407 41 0
511 41 0
630 41 0
631 41 0
407 42 0
511 42 0
108 43 0
126 43 0
407 43 0
488 43 0
489 43 0
511 43 0
589 43 0
126 44 0
407 44 0
488 44 0
489 44 0
511 44 0
126 45 0
511 45 0
529 45 0
530 45 0
186 46 0
511 46 0
407 47 0
511 47 0
587 47 0
497 48 0
511 48 0
93 49 0
511 49 0
14 50 0
128 50 0
511 50 0
128 51 0
406 51 0
406 52 0
14 53 0
406 53 0
562 53 0
14 54 0
406 54 0
406 55 0
238 56 0
382 56 0
383 56 0
406 56 0
510 56 0
63 57 0
129 57 0
382 57 0
383 57 0
406 57 0
618 57 0
129 58 0
154 58 0
405 58 0
406 58 0
618 58 0
129 59 0
405 59 0
406 59 0
509 59 0
405 60 0
406 60 0
509 60 0
406 61 0
509 62 0
15 63 0
220 63 0
15 64 0
405 64 0
217 65 0
217 66 0
221 66 0
624 66 0
149 69 0
122 70 0
149 70 0
150 70 0
210 70 0
508 71 0
122 72 0
189 72 0
508 72 0
172 73 0
189 73 0
210 73 0
404 73 0
133 74 0
201 74 0
404 74 0
482 74 0
483 74 0
133 75 0
385 75 0
481 75 0
482 75 0
483 75 0
507 75 0
194 76 0
195 76 0
196 76 0
197 76 0
385 76 0
386 76 0
483 76 0
507 76 0
185 77 0
194 77 0
195 77 0
196 77 0
197 77 0
205 77 0
480 77 0
507 77 0
183 78 0
185 78 0
204 78 0
205 78 0
206 78 0
480 78 0
134 79 0
134 80 0
134 81 0
237 81 0
445 81 0
445 82 0
237 83 0
237 84 0
135 85 0
136 85 0
213 85 0
214 85 0
136 86 0
213 86 0
214 86 0
237 87 0
511 87 0
237 88 0
137 89 0
137 90 0
137 91 0
237 91 0
237 92 0
237 93 0
138 94 0
138 95 0
463 95 0
138 96 0
158 96 0
390 97 0
222 99 0
139 100 0
222 100 0
31 101 0
32 101 0
174 101 0
209 101 0
251 101 0
542 101 0
6 102 0
7 102 0
32 102 0
209 102 0
542 102 0
140 103 0
208 103 0
209 103 0
210 103 0
140 104 0
174 104 0
209 104 0
210 104 0
452 104 0
544 104 0
140 105 0
209 105 0
210 105 0
526 105 0
18 106 0
96 106 0
209 106 0
210 106 0
244 106 0
450 106 0
494 106 0
96 107 0
209 107 0
210 107 0
555 107 0
209 108 0
210 108 0
236 108 0
542 108 0
31 113 0
32 113 0
60 113 0
447 113 0
494 113 0
31 114 0
32 114 0
438 114 0
495 114 0
438 115 0
479 115 0
494 115 0
209 116 0
236 116 0
494 116 0
236 117 0
478 117 0
494 117 0
478 118 0
494 118 0
117 120 0
477 120 0
494 120 0
477 121 0
494 121 0
5 122 0
6 122 0
477 122 0
494 122 0
435 123 0
466 123 0
473 123 0
477 123 0
195 124 0
477 124 0
489 124 0
560 124 0
612 124 0
613 124 0
195 125 0
477 125 0
511 125 0
612 125 0
613 125 0
488 126 0
490 126 0
511 126 0
195 127 0
437 127 0
438 127 0
488 127 0
490 127 0
511 127 0
633 127 0
195 128 0
196 128 0
438 128 0
488 128 0
490 129 0
510 129 0
515 129 0
510 130 0
514 130 0
404 131 0
436 131 0
510 131 0
575 131 0
447 133 0
490 133 0
513 133 0
199 134 0
435 134 0
447 134 0
490 134 0
513 134 0
599 134 0
199 135 0
207 135 0
435 135 0
490 135 0
512 135 0
513 135 0
110 136 0
207 136 0
435 136 0
446 136 0
485 136 0
490 136 0
512 136 0
516 136 0
198 137 0
424 137 0
425 137 0
434 137 0
445 137 0
446 137 0
457 137 0
490 137 0
492 137 0
512 137 0
516 137 0
198 138 0
434 138 0
445 138 0
446 138 0
457 138 0
490 138 0
492 138 0
512 138 0
436 139 0
457 139 0
482 139 0
484 139 0
490 139 0
492 139 0
505 139 0
514 139 0
457 140 0
469 140 0
484 140 0
490 140 0
492 140 0
527 140 0
529 140 0
445 141 0
446 141 0
457 141 0
484 141 0
492 141 0
511 141 0
151 142 0
433 142 0
445 142 0
446 142 0
469 142 0
492 142 0
513 142 0
151 143 0
199 143 0
469 143 0
492 143 0
504 143 0
513 143 0
515 143 0
199 144 0
213 144 0
483 144 0
492 144 0
504 144 0
515 144 0
517 144 0
518 144 0
546 144 0
213 145 0
258 145 0
432 145 0
483 145 0
492 145 0
515 145 0
517 145 0
544 145 0
438 146 0
489 146 0
492 146 0
512 146 0
545 146 0
438 147 0
471 147 0
499 147 0
515 147 0
130 148 0
146 148 0
147 148 0
471 148 0
489 148 0
499 148 0
515 148 0
130 149 0
432 149 0
433 149 0
434 149 0
471 149 0
482 149 0
489 149 0
514 149 0
516 149 0
130 150 0
221 150 0
266 150 0
438 150 0
482 150 0
498 150 0
516 150 0
482 151 0
496 151 0
482 152 0
222 153 0
437 153 0
443 153 0
452 153 0
493 153 0
452 154 0
436 155 0
428 156 0
442 156 0
570 156 0
571 156 0
222 157 0
442 157 0
481 157 0
484 157 0
446 158 0
470 158 0
471 158 0
480 158 0
481 158 0
484 158 0
222 159 0
470 159 0
471 159 0
422 160 0
441 161 0
507 161 0
441 162 0
479 162 0
268 163 0
479 163 0
268 164 0
269 164 0
404 165 0
405 165 0
51 166 0
266 166 0
478 166 0
636 172 0
286 175 0
286 176 0
476 176 0
73 178 0
72 179 0
73 179 0
95 181 0
157 181 0
158 181 0
222 181 0
584 184 0
584 185 0
222 187 0
244 187 0
253 187 0
222 190 0
222 192 0
222 193 0
258 193 0
222 194 0
222 195 0
369 195 0
370 195 0
222 196 0
369 196 0
370 196 0
146 197 0
147 197 0
222 197 0
256 197 0
524 197 0
146 198 0
147 198 0
222 198 0
256 198 0
391 198 0
464 198 0
524 198 0
2 199 0
390 199 0
391 199 0
2 200 0
222 200 0
222 201 0
256 201 0
222 202 0
222 204 0
256 204 0
222 205 0
256 205 0
222 206 0
222 207 0
222 208 0
256 208 0
274 208 0
222 209 0
273 209 0
276 209 0
222 210 0
470 210 0
222 211 0
254 211 0
222 212 0
254 212 0
274 212 0
222 213 0
256 213 0
274 213 0
276 213 0
222 214 0
239 214 0
256 214 0
274 214 0
276 214 0
483 214 0
222 215 0
274 215 0
483 215 0
222 216 0
239 216 0
274 216 0
276 216 0
376 216 0
222 217 0
480 217 0
222 218 0
274 218 0
276 218 0
285 218 0
325 218 0
442 218 0
258 219 0
276 219 0
442 219 0
222 220 0
401 220 0
350 221 0
222 222 0
238 222 0
258 222 0
378 222 0
379 222 0
29 223 0
222 223 0
258 223 0
343 223 0
222 226 0
255 226 0
222 227 0
255 227 0
222 228 0
255 228 0
222 230 0
300 230 0
222 231 0
300 231 0
222 232 0
291 233 0
527 234 0
260 235 0
527 235 0
528 235 0
325 237 0
529 237 0
325 238 0
273 240 0
614 240 0
258 241 0
273 241 0
571 241 0
233 243 0
185 244 0
159 246 0
332 246 0
272 247 0
105 248 0
90 249 0
104 249 0
329 249 0
62 250 0
159 250 0
532 250 0
62 251 0
102 251 0
458 252 0
466 252 0
273 253 0
422 253 0
423 253 0
202 254 0
203 254 0
273 254 0
354 254 0
243 257 0
273 258 0
266 260 0
234 263 0
91 264 0
602 265 0
601 266 0
602 266 0
85 270 0
86 270 0
177 271 0
228 271 0
230 271 0
323 271 0
230 272 0
10 273 0
9 274 0
10 274 0
334 274 0
386 274 0
507 274 0
303 275 0
497 275 0
519 275 0
225 277 0
224 278 0
223 279 0
347 279 0
348 279 0
221 280 0
222 280 0
225 286 0
487 288 0
488 288 0
429 289 0
429 290 0
138 292 0
267 292 0
263 293 0
235 294 0
252 294 0
265 294 0
267 294 0
258 295 0
258 296 0
275 296 0
250 297 0
255 299 0
137 300 0
249 300 0
379 301 0
162 302 0
379 302 0
256 303 0
251 305 0
251 306 0
382 306 0
383 306 0
182 307 0
241 307 0
242 307 0
249 307 0
382 307 0
383 307 0
222 308 0
223 308 0
241 308 0
242 308 0
249 308 0
222 309 0
223 309 0
250 310 0
271 310 0
257 311 0
417 311 0
394 312 0
261 313 0
394 313 0
108 314 0
109 314 0
162 314 0
261 314 0
333 314 0
334 314 0
333 315 0
423 315 0
14 316 0
15 316 0
423 316 0
15 317 0
331 317 0
59 318 0
59 319 0
424 319 0
577 319 0
578 319 0
577 320 0
578 320 0
569 322 0
569 323 0
443 325 0
444 325 0
443 326 0
444 326 0
100 330 0
101 330 0
446 330 0
612 335 0
613 335 0
636 338 0
436 339 0
636 339 0
266 342 0
265 343 0
266 343 0
523 343 0
524 343 0
523 344 0
524 344 0
412 345 0
194 346 0
195 346 0
194 347 0
195 347 0
149 348 0
150 348 0
149 349 0
150 349 0
144 351 0
102 358 0
451 358 0
452 358 0
421 360 0
421 361 0
378 363 0
13 367 0
14 367 0
310 368 0
310 369 0
423 370 0
543 376 0
533 378 0
516 379 0
218 381 0
219 381 0
218 382 0
219 382 0
387 384 0
383 385 0
513 385 0
515 385 0
48 388 0
624 388 0
48 389 0
295 389 0
424 389 0
425 389 0
624 389 0
289 390 0
295 390 0
289 391 0
371 396 0
372 396 0
372 397 0
303 398 0
241 399 0
303 399 0
304 399 0
443 400 0
443 401 0
150 403 0
151 403 0
150 404 0
293 406 0
49 407 0
151 412 0
263 413 0
264 413 0
263 414 0
264 414 0
439 420 0
37 421 0
38 421 0
37 422 0
38 422 0
89 423 0
105 426 0
144 426 0
144 427 0
92 428 0
93 428 0
317 428 0
316 429 0
317 429 0
193 430 0
420 434 0
505 434 0
23 437 0
178 442 0
177 443 0
178 443 0
443 451 0
423 456 0
334 457 0
335 457 0
423 457 0
334 458 0
335 458 0
220 464 0
220 465 0
221 465 0
125 475 0
125 476 0
472 476 0
472 477 0
414 478 0
265 4 1
265 5 1
271 5 1
265 6 1
261 7 1
277 8 1
275 9 1
269 11 1
273 11 1
307 11 1
308 11 1
325 15 1
326 15 1
307 17 1
265 18 1
266 18 1
267 18 1
269 18 1
267 19 1
268 19 1
269 19 1
300 29 1
321 29 1
322 29 1
323 29 1
300 30 1
323 30 1
324 30 1
325 30 1
325 31 1
326 31 1
300 32 1
314 32 1
326 32 1
327 32 1
300 33 1
313 33 1
327 33 1
328 33 1
312 34 1
313 34 1
326 34 1
328 34 1
329 34 1
300 35 1
312 35 1
327 35 1
328 35 1
329 35 1
300 36 1
312 36 1
328 36 1
329 36 1
330 36 1
311 37 1
312 37 1
328 37 1
329 37 1
330 37 1
310 38 1
311 38 1
318 38 1
319 38 1
329 38 1
330 38 1
331 38 1
310 39 1
311 39 1
329 39 1
330 39 1
310 40 1
311 40 1
313 40 1
314 40 1
317 40 1
329 40 1
330 40 1
331 40 1
309 41 1
310 41 1
311 41 1
326 41 1
330 41 1
309 42 1
310 42 1
311 42 1
320 42 1
321 42 1
322 42 1
326 42 1
327 42 1
330 42 1
331 42 1
309 43 1
310 43 1
312 43 1
326 43 1
327 43 1
328 43 1
329 43 1
330 43 1
310 44 1
312 44 1
327 44 1
328 44 1
329 44 1
330 44 1
299 45 1
310 45 1
313 45 1
328 45 1
329 45 1
330 45 1
309 46 1
310 46 1
315 46 1
324 46 1
328 46 1
329 46 1
330 46 1
309 47 1
310 47 1
316 47 1
328 47 1
329 47 1
330 47 1
331 47 1
308 48 1
309 48 1
316 48 1
327 48 1
328 48 1
329 48 1
330 48 1
331 48 1
308 49 1
309 49 1
317 49 1
327 49 1
330 49 1
331 49 1
307 50 1
308 50 1
318 50 1
326 50 1
327 50 1
330 50 1
331 50 1
332 50 1
307 51 1
318 51 1
320 51 1
326 51 1
331 51 1
332 51 1
305 52 1
307 52 1
332 52 1
333 52 1
299 53 1
305 53 1
306 53 1
307 53 1
308 53 1
319 53 1
332 53 1
333 53 1
305 54 1
306 54 1
333 54 1
334 54 1
305 55 1
306 55 1
319 55 1
333 55 1
334 55 1
264 56 1
299 56 1
318 56 1
334 56 1
335 56 1
305 57 1
335 57 1
336 57 1
299 58 1
300 58 1
308 58 1
336 58 1
337 58 1
299 59 1
300 59 1
306 59 1
317 59 1
337 59 1
338 59 1
299 60 1
300 60 1
307 60 1
338 60 1
339 60 1
299 61 1
323 61 1
334 61 1
338 61 1
339 61 1
340 61 1
299 62 1
334 62 1
339 62 1
340 62 1
299 63 1
309 63 1
335 63 1
339 63 1
340 63 1
298 64 1
299 64 1
324 64 1
335 64 1
340 64 1
341 64 1
324 65 1
340 65 1
341 65 1
340 66 1
341 66 1
307 67 1
340 67 1
341 67 1
340 68 1
341 68 1
320 69 1
321 69 1
322 69 1
323 69 1
340 69 1
341 69 1
320 70 1
321 70 1
322 70 1
323 70 1
324 70 1
340 70 1
341 70 1
342 70 1
320 71 1
321 71 1
322 71 1
323 71 1
324 71 1
325 71 1
340 71 1
341 71 1
342 71 1
318 72 1
319 72 1
320 72 1
321 72 1
323 72 1
324 72 1
325 72 1
340 72 1
341 72 1
342 72 1
301 73 1
302 73 1
303 73 1
315 73 1
317 73 1
318 73 1
319 73 1
320 73 1
323 73 1
324 73 1
325 73 1
326 73 1
327 73 1
331 73 1
332 73 1
341 73 1
342 73 1
301 74 1
302 74 1
303 74 1
304 74 1
305 74 1
313 74 1
314 74 1
315 74 1
316 74 1
317 74 1
318 74 1
319 74 1
320 74 1
324 74 1
325 74 1
326 74 1
327 74 1
328 74 1
329 74 1
330 74 1
331 74 1
332 74 1
301 75 1
302 75 1
304 75 1
305 75 1
313 75 1
314 75 1
315 75 1
316 75 1
317 75 1
318 75 1
319 75 1
320 75 1
321 75 1
322 75 1
324 75 1
325 75 1
326 75 1
327 75 1
328 75 1
342 75 1
300 76 1
301 76 1
302 76 1
303 76 1
305 76 1
315 76 1
320 76 1
321 76 1
322 76 1
323 76 1
324 76 1
325 76 1
300 77 1
301 77 1
302 77 1
320 77 1
321 77 1
322 77 1
324 77 1
325 77 1
343 77 1
347 77 1
300 78 1
301 78 1
302 78 1
305 78 1
306 78 1
307 78 1
320 78 1
321 78 1
322 78 1
323 78 1
324 78 1
325 78 1
343 78 1
347 78 1
300 79 1
301 79 1
302 79 1
305 79 1
306 79 1
307 79 1
322 79 1
323 79 1
324 79 1
343 79 1
347 79 1
298 80 1
301 80 1
302 80 1
303 80 1
304 80 1
306 80 1
307 80 1
324 80 1
343 80 1
347 80 1
298 81 1
302 81 1
308 81 1
347 81 1
298 82 1
301 82 1
302 82 1
307 82 1
308 82 1
309 82 1
340 82 1
343 82 1
347 82 1
350 82 1
298 83 1
302 83 1
303 83 1
306 83 1
307 83 1
308 83 1
309 83 1
343 83 1
349 83 1
350 83 1
298 84 1
302 84 1
303 84 1
304 84 1
306 84 1
307 84 1
308 84 1
309 84 1
343 84 1
344 84 1
350 84 1
277 85 1
298 85 1
302 85 1
303 85 1
304 85 1
307 85 1
308 85 1
309 85 1
343 85 1
344 85 1
277 86 1
298 86 1
303 86 1
304 86 1
305 86 1
306 86 1
307 86 1
309 86 1
310 86 1
339 86 1
344 86 1
349 86 1
298 87 1
299 87 1
305 87 1
306 87 1
307 87 1
308 87 1
309 87 1
310 87 1
311 87 1
312 87 1
344 87 1
298 88 1
299 88 1
306 88 1
307 88 1
308 88 1
309 88 1
310 88 1
311 88 1
312 88 1
313 88 1
339 88 1
344 88 1
298 89 1
299 89 1
307 89 1
308 89 1
309 89 1
311 89 1
312 89 1
313 89 1
314 89 1
299 90 1
306 90 1
308 90 1
309 90 1
310 90 1
311 90 1
312 90 1
313 90 1
314 90 1
316 90 1
317 90 1
345 90 1
299 91 1
300 91 1
309 91 1
310 91 1
311 91 1
312 91 1
313 91 1
314 91 1
315 91 1
316 91 1
317 91 1
318 91 1
339 91 1
345 91 1
299 92 1
300 92 1
310 92 1
311 92 1
312 92 1
313 92 1
314 92 1
315 92 1
316 92 1
317 92 1
318 92 1
319 92 1
320 92 1
334 92 1
335 92 1
339 92 1
345 92 1
297 93 1
300 93 1
301 93 1
313 93 1
314 93 1
315 93 1
316 93 1
317 93 1
318 93 1
319 93 1
320 93 1
321 93 1
333 93 1
334 93 1
335 93 1
339 93 1
345 93 1
301 94 1
314 94 1
315 94 1
316 94 1
317 94 1
318 94 1
319 94 1
320 94 1
321 94 1
322 94 1
323 94 1
330 94 1
334 94 1
335 94 1
339 94 1
345 94 1
301 95 1
302 95 1
314 95 1
316 95 1
317 95 1
318 95 1
319 95 1
320 95 1
321 95 1
322 95 1
323 95 1
324 95 1
331 95 1
332 95 1
334 95 1
339 95 1
345 95 1
346 95 1
351 95 1
301 96 1
302 96 1
317 96 1
318 96 1
319 96 1
320 96 1
321 96 1
322 96 1
323 96 1
324 96 1
325 96 1
326 96 1
327 96 1
339 96 1
346 96 1
301 97 1
302 97 1
319 97 1
320 97 1
321 97 1
322 97 1
323 97 1
324 97 1
325 97 1
326 97 1
327 97 1
338 97 1
339 97 1
301 98 1
302 98 1
321 98 1
322 98 1
323 98 1
324 98 1
325 98 1
326 98 1
327 98 1
339 98 1
346 98 1
301 99 1
302 99 1
323 99 1
324 99 1
326 99 1
327 99 1
339 99 1
346 99 1
301 100 1
302 100 1
339 100 1
341 100 1
346 100 1
301 101 1
302 101 1
338 101 1
346 101 1
301 102 1
302 102 1
338 102 1
339 102 1
346 102 1
347 102 1
301 103 1
302 103 1
338 103 1
339 103 1
346 103 1
347 103 1
301 104 1
302 104 1
336 104 1
337 104 1
338 104 1
339 104 1
346 104 1
347 104 1
302 105 1
336 105 1
337 105 1
338 105 1
339 105 1
346 105 1
347 105 1
302 106 1
303 106 1
336 106 1
337 106 1
338 106 1
339 106 1
340 106 1
346 106 1
347 106 1
302 107 1
303 107 1
336 107 1
337 107 1
338 107 1
339 107 1
340 107 1
346 107 1
347 107 1
302 108 1
303 108 1
336 108 1
337 108 1
338 108 1
339 108 1
346 108 1
347 108 1
303 109 1
314 109 1
336 109 1
337 109 1
338 109 1
339 109 1
346 109 1
347 109 1
303 110 1
314 110 1
337 110 1
338 110 1
339 110 1
346 110 1
347 110 1
303 111 1
336 111 1
337 111 1
338 111 1
339 111 1
340 111 1
346 111 1
347 111 1
303 112 1
336 112 1
337 112 1
338 112 1
340 112 1
341 112 1
346 112 1
352 112 1
353 112 1
303 113 1
336 113 1
337 113 1
340 113 1
341 113 1
346 113 1
347 113 1
351 113 1
352 113 1
302 114 1
303 114 1
336 114 1
337 114 1
340 114 1
341 114 1
342 114 1
343 114 1
345 114 1
346 114 1
347 114 1
302 115 1
303 115 1
336 115 1
337 115 1
340 115 1
341 115 1
342 115 1
343 115 1
344 115 1
345 115 1
346 115 1
347 115 1
266 116 1
267 116 1
302 116 1
303 116 1
336 116 1
337 116 1
340 116 1
341 116 1
342 116 1
343 116 1
344 116 1
345 116 1
346 116 1
302 117 1
303 117 1
336 117 1
337 117 1
340 117 1
341 117 1
343 117 1
302 118 1
303 118 1
336 118 1
337 118 1
340 118 1
342 118 1
302 119 1
303 119 1
336 119 1
337 119 1
340 119 1
341 119 1
302 120 1
303 120 1
337 120 1
302 121 1
303 121 1
334 121 1
302 122 1
303 122 1
333 122 1
334 122 1
335 122 1
304 123 1
305 123 1
308 123 1
311 123 1
334 123 1
305 124 1
334 124 1
305 125 1
319 125 1
320 125 1
333 125 1
334 125 1
305 126 1
319 126 1
320 126 1
334 126 1
306 127 1
319 127 1
320 127 1
333 127 1
334 127 1
306 128 1
319 128 1
320 128 1
334 128 1
306 129 1
307 129 1
319 129 1
320 129 1
332 129 1
334 129 1
306 130 1
307 130 1
319 130 1
320 130 1
333 130 1
334 130 1
307 131 1
319 131 1
320 131 1
307 132 1
319 132 1
320 132 1
308 133 1
320 133 1
326 133 1
334 133 1
308 134 1
320 134 1
321 134 1
333 134 1
308 135 1
320 135 1
321 135 1
308 136 1
309 136 1
320 136 1
321 136 1
308 137 1
320 137 1
321 137 1
332 137 1
321 138 1
332 138 1
333 138 1
321 139 1
332 139 1
333 139 1
321 140 1
332 140 1
321 141 1
322 141 1
332 141 1
380 141 1
381 141 1
310 142 1
321 142 1
322 142 1
332 142 1
322 143 1
332 143 1
322 144 1
322 145 1
322 146 1
311 147 1
322 147 1
319 148 1
312 149 1
322 149 1
324 150 1
326 150 1
329 151 1
316 152 1
329 152 1
316 154 1
320 154 1
325 154 1
326 154 1
330 154 1
316 155 1
317 155 1
324 155 1
330 155 1
331 155 1
365 155 1
329 156 1
330 156 1
365 156 1
319 157 1
320 157 1
321 157 1
322 157 1
328 157 1
329 157 1
330 157 1
312 158 1
319 158 1
321 158 1
327 158 1
328 158 1
329 158 1
330 158 1
311 159 1
327 159 1
328 159 1
329 159 1
327 160 1
328 160 1
320 161 1
321 161 1
326 161 1
327 161 1
328 161 1
315 162 1
317 162 1
320 162 1
325 162 1
326 162 1
327 162 1
324 163 1
325 163 1
326 163 1
323 164 1
324 164 1
325 164 1
342 164 1
319 165 1
321 165 1
322 165 1
323 165 1
324 165 1
322 166 1
310 167 1
321 167 1
322 167 1
309 168 1
310 168 1
318 168 1
320 168 1
308 169 1
309 169 1
320 169 1
306 170 1
307 170 1
308 170 1
320 170 1
334 170 1
305 171 1
307 171 1
308 171 1
320 171 1
304 172 1
305 172 1
306 172 1
307 172 1
324 172 1
304 173 1
305 173 1
306 173 1
307 173 1
308 173 1
311 173 1
304 174 1
305 174 1
306 174 1
307 174 1
311 174 1
299 175 1
304 175 1
305 175 1
306 175 1
307 175 1
311 175 1
304 176 1
305 176 1
306 176 1
307 176 1
308 176 1
305 177 1
306 177 1
307 177 1
311 177 1
306 178 1
307 178 1
308 178 1
306 179 1
307 179 1
308 179 1
312 179 1
306 180 1
307 180 1
308 180 1
306 181 1
307 181 1
308 181 1
312 181 1
314 181 1
306 182 1
307 182 1
308 182 1
306 183 1
307 183 1
308 183 1
306 184 1
307 184 1
308 184 1
306 185 1
307 185 1
308 185 1
320 185 1
306 186 1
307 186 1
308 186 1
307 187 1
308 187 1
307 188 1
308 188 1
307 189 1
308 189 1
309 189 1
310 189 1
307 190 1
308 190 1
309 190 1
310 190 1
307 191 1
308 191 1
309 191 1
310 191 1
308 192 1
309 192 1
310 192 1
311 192 1
307 193 1
308 193 1
309 193 1
310 193 1
311 193 1
307 194 1
309 194 1
310 194 1
311 194 1
312 194 1
316 195 1
311 196 1
331 197 1
332 197 1
333 197 1
21 41 2
35 49 2
7 52 2
17 54 2
10 55 2
19 59 2
20 59 2
14 61 2
7 63 2
6 68 2
22 70 2
13 75 2
15 77 2
18 77 2
26 79 2
29 83 2
