272 4 0
281 4 0
272 5 0
272 6 0
277 7 0
271 8 0
271 10 0
308 10 0
308 11 0
173 13 0
174 13 0
173 14 0
174 14 0
301 15 0
326 15 0
308 16 0
267 17 0
205 18 0
272 18 0
358 18 0
410 18 0
358 19 0
410 19 0
516 20 0
561 20 0
410 21 0
410 22 0
515 22 0
516 22 0
410 23 0
515 23 0
240 24 0
363 24 0
364 24 0
410 24 0
240 25 0
363 25 0
410 25 0
124 26 0
203 26 0
240 26 0
410 26 0
515 26 0
590 26 0
124 27 0
240 27 0
410 27 0
590 27 0
14 28 0
124 28 0
203 28 0
514 28 0
240 29 0
302 29 0
331 29 0
332 29 0
352 29 0
514 29 0
332 30 0
514 30 0
318 31 0
333 31 0
514 31 0
302 32 0
318 32 0
333 32 0
334 32 0
409 32 0
514 32 0
49 33 0
50 33 0
239 33 0
302 33 0
317 33 0
334 33 0
365 33 0
514 33 0
316 34 0
334 34 0
335 34 0
514 34 0
583 34 0
239 35 0
302 35 0
316 35 0
334 35 0
335 35 0
239 36 0
316 36 0
323 36 0
334 36 0
335 36 0
336 36 0
239 37 0
315 37 0
334 37 0
335 37 0
336 37 0
239 38 0
315 38 0
319 38 0
335 38 0
336 38 0
315 39 0
331 39 0
332 39 0
335 39 0
336 39 0
127 40 0
239 40 0
302 40 0
315 40 0
332 40 0
334 40 0
335 40 0
571 40 0
572 40 0
127 41 0
239 41 0
302 41 0
315 41 0
334 41 0
335 41 0
17 42 0
127 42 0
239 42 0
302 42 0
315 42 0
334 42 0
335 42 0
513 42 0
108 43 0
127 43 0
239 43 0
315 43 0
334 43 0
335 43 0
488 43 0
513 43 0
588 43 0
239 44 0
302 44 0
315 44 0
335 44 0
488 44 0
513 44 0
239 45 0
314 45 0
315 45 0
335 45 0
336 45 0
513 45 0
529 45 0
579 45 0
591 45 0
186 46 0
239 46 0
314 46 0
335 46 0
336 46 0
408 46 0
529 46 0
128 47 0
239 47 0
301 47 0
313 47 0
336 47 0
337 47 0
408 47 0
607 47 0
239 48 0
301 48 0
323 48 0
337 48 0
408 48 0
512 48 0
301 49 0
312 49 0
331 49 0
336 49 0
337 49 0
408 49 0
512 49 0
313 50 0
336 50 0
337 50 0
408 50 0
312 51 0
313 51 0
337 51 0
338 51 0
239 52 0
301 52 0
311 52 0
337 52 0
338 52 0
408 52 0
130 53 0
218 53 0
301 53 0
311 53 0
407 53 0
408 53 0
562 53 0
301 54 0
301 55 0
130 56 0
305 56 0
382 56 0
305 57 0
343 57 0
382 57 0
383 57 0
301 58 0
304 58 0
305 58 0
131 59 0
301 59 0
304 59 0
344 59 0
131 60 0
275 60 0
304 60 0
345 60 0
131 61 0
304 61 0
345 61 0
304 62 0
345 62 0
346 62 0
510 62 0
301 63 0
303 63 0
346 63 0
303 64 0
346 64 0
217 65 0
303 65 0
345 65 0
346 65 0
406 65 0
217 66 0
303 66 0
346 66 0
347 66 0
406 66 0
510 66 0
224 67 0
303 67 0
327 67 0
347 67 0
406 67 0
510 67 0
303 68 0
326 68 0
327 68 0
329 68 0
347 68 0
406 68 0
209 69 0
303 69 0
326 69 0
327 69 0
328 69 0
329 69 0
330 69 0
347 69 0
406 69 0
509 69 0
150 70 0
303 70 0
326 70 0
327 70 0
329 70 0
330 70 0
347 70 0
348 70 0
406 70 0
182 71 0
188 71 0
211 71 0
221 71 0
302 71 0
303 71 0
308 71 0
326 71 0
330 71 0
331 71 0
332 71 0
333 71 0
337 71 0
347 71 0
348 71 0
406 71 0
188 72 0
211 72 0
239 72 0
302 72 0
303 72 0
306 72 0
307 72 0
308 72 0
309 72 0
320 72 0
323 72 0
325 72 0
326 72 0
330 72 0
331 72 0
332 72 0
333 72 0
334 72 0
337 72 0
347 72 0
348 72 0
406 72 0
188 73 0
211 73 0
302 73 0
307 73 0
309 73 0
310 73 0
320 73 0
321 73 0
322 73 0
325 73 0
330 73 0
331 73 0
332 73 0
333 73 0
348 73 0
406 73 0
202 74 0
203 74 0
302 74 0
306 74 0
307 74 0
310 74 0
319 74 0
324 74 0
325 74 0
327 74 0
329 74 0
330 74 0
406 74 0
303 75 0
306 75 0
307 75 0
308 75 0
326 75 0
327 75 0
329 75 0
330 75 0
350 75 0
196 76 0
197 76 0
198 76 0
302 76 0
303 76 0
306 76 0
307 76 0
326 76 0
327 76 0
330 76 0
331 76 0
350 76 0
482 76 0
484 76 0
186 77 0
196 77 0
197 77 0
303 77 0
306 77 0
307 77 0
312 77 0
328 77 0
329 77 0
350 77 0
482 77 0
135 78 0
186 78 0
205 78 0
206 78 0
211 78 0
300 78 0
303 78 0
306 78 0
312 78 0
350 78 0
211 79 0
303 79 0
308 79 0
311 79 0
350 79 0
481 79 0
484 79 0
211 80 0
303 80 0
307 80 0
313 80 0
314 80 0
350 80 0
579 80 0
303 81 0
307 81 0
314 81 0
350 81 0
303 82 0
307 82 0
308 82 0
309 82 0
314 82 0
350 82 0
186 83 0
303 83 0
308 83 0
314 83 0
350 83 0
136 84 0
186 84 0
303 84 0
309 84 0
313 84 0
314 84 0
186 85 0
217 85 0
303 85 0
309 85 0
311 85 0
313 85 0
314 85 0
186 86 0
213 86 0
303 86 0
311 86 0
312 86 0
313 86 0
314 86 0
315 86 0
303 87 0
304 87 0
312 87 0
313 87 0
315 87 0
317 87 0
318 87 0
629 87 0
304 88 0
313 88 0
314 88 0
315 88 0
318 88 0
319 88 0
138 89 0
186 89 0
304 89 0
314 89 0
315 89 0
319 89 0
304 90 0
305 90 0
315 90 0
316 90 0
317 90 0
319 90 0
322 90 0
354 90 0
305 91 0
316 91 0
317 91 0
318 91 0
320 91 0
321 91 0
322 91 0
238 92 0
305 92 0
317 92 0
318 92 0
319 92 0
322 92 0
323 92 0
325 92 0
326 92 0
354 92 0
139 93 0
305 93 0
319 93 0
320 93 0
321 93 0
322 93 0
323 93 0
325 93 0
326 93 0
139 94 0
305 94 0
320 94 0
322 94 0
324 94 0
325 94 0
327 94 0
328 94 0
139 95 0
295 95 0
299 95 0
305 95 0
322 95 0
324 95 0
325 95 0
326 95 0
327 95 0
328 95 0
329 95 0
465 95 0
238 96 0
305 96 0
323 96 0
324 96 0
325 96 0
326 96 0
329 96 0
330 96 0
331 96 0
332 96 0
333 96 0
238 97 0
299 97 0
305 97 0
325 97 0
326 97 0
327 97 0
328 97 0
331 97 0
332 97 0
333 97 0
305 98 0
328 98 0
330 98 0
353 98 0
354 98 0
305 99 0
332 99 0
353 99 0
446 99 0
238 100 0
305 100 0
353 100 0
446 100 0
32 101 0
141 101 0
238 101 0
305 101 0
353 101 0
528 101 0
7 102 0
32 102 0
141 102 0
238 102 0
305 102 0
343 102 0
344 102 0
345 102 0
354 102 0
305 103 0
343 103 0
345 103 0
346 103 0
354 103 0
528 103 0
305 104 0
343 104 0
344 104 0
346 104 0
354 104 0
528 104 0
142 105 0
305 105 0
306 105 0
343 105 0
344 105 0
347 105 0
354 105 0
445 105 0
528 105 0
142 106 0
306 106 0
343 106 0
344 106 0
346 106 0
347 106 0
354 106 0
306 107 0
343 107 0
344 107 0
345 107 0
346 107 0
354 107 0
355 107 0
494 107 0
306 108 0
343 108 0
344 108 0
346 108 0
354 108 0
450 108 0
306 109 0
314 109 0
344 109 0
347 109 0
353 109 0
354 109 0
554 109 0
306 110 0
314 110 0
344 110 0
347 110 0
348 110 0
353 110 0
354 110 0
306 111 0
343 111 0
344 111 0
347 111 0
348 111 0
353 111 0
354 111 0
449 111 0
306 112 0
343 112 0
344 112 0
347 112 0
348 112 0
350 112 0
351 112 0
352 112 0
353 112 0
354 112 0
449 112 0
480 112 0
31 113 0
32 113 0
306 113 0
343 113 0
344 113 0
347 113 0
348 113 0
349 113 0
350 113 0
351 113 0
352 113 0
353 113 0
354 113 0
31 114 0
306 114 0
343 114 0
347 114 0
348 114 0
349 114 0
350 114 0
480 114 0
306 115 0
342 115 0
343 115 0
347 115 0
348 115 0
437 115 0
480 115 0
306 116 0
342 116 0
343 116 0
306 117 0
343 117 0
306 118 0
343 118 0
344 118 0
479 118 0
306 119 0
343 119 0
344 119 0
479 119 0
306 120 0
340 120 0
306 121 0
340 121 0
468 121 0
479 121 0
5 122 0
6 122 0
196 122 0
309 122 0
340 122 0
196 123 0
309 123 0
324 123 0
340 123 0
196 124 0
324 124 0
325 124 0
340 124 0
559 124 0
196 125 0
325 125 0
436 125 0
478 125 0
482 125 0
490 125 0
513 125 0
612 125 0
161 126 0
196 126 0
325 126 0
436 126 0
478 126 0
490 126 0
510 126 0
161 127 0
196 127 0
325 127 0
326 127 0
436 127 0
478 127 0
111 128 0
310 128 0
325 128 0
326 128 0
512 128 0
325 129 0
326 129 0
512 129 0
325 130 0
326 130 0
522 130 0
326 131 0
515 131 0
522 131 0
577 131 0
326 132 0
439 132 0
515 132 0
111 133 0
326 133 0
437 133 0
521 133 0
111 134 0
199 134 0
326 134 0
472 134 0
519 134 0
111 135 0
326 135 0
491 135 0
111 136 0
327 136 0
491 136 0
514 136 0
111 137 0
327 137 0
445 137 0
446 137 0
507 137 0
514 137 0
516 137 0
521 137 0
327 138 0
445 138 0
446 138 0
470 138 0
513 138 0
516 138 0
506 139 0
513 139 0
229 140 0
458 141 0
525 141 0
328 142 0
445 142 0
446 142 0
458 142 0
485 142 0
515 142 0
517 142 0
538 142 0
150 143 0
151 143 0
458 143 0
485 143 0
517 143 0
328 144 0
490 144 0
328 145 0
475 145 0
493 145 0
328 146 0
484 146 0
490 146 0
500 146 0
518 146 0
328 147 0
484 147 0
490 147 0
500 147 0
518 147 0
131 148 0
147 148 0
328 148 0
439 148 0
490 148 0
500 148 0
516 148 0
131 149 0
328 149 0
460 149 0
473 149 0
490 149 0
492 149 0
500 149 0
502 149 0
516 149 0
328 150 0
490 150 0
515 150 0
328 151 0
428 151 0
490 151 0
498 151 0
223 152 0
328 152 0
474 152 0
490 152 0
328 153 0
490 153 0
223 154 0
328 154 0
338 154 0
444 154 0
131 155 0
223 155 0
327 155 0
328 155 0
338 155 0
444 155 0
131 156 0
210 156 0
327 156 0
338 156 0
482 156 0
569 156 0
570 156 0
327 157 0
337 157 0
385 157 0
482 157 0
570 157 0
326 158 0
336 158 0
337 158 0
484 158 0
325 159 0
336 159 0
470 159 0
471 159 0
223 160 0
325 160 0
335 160 0
336 160 0
223 161 0
324 161 0
325 161 0
334 161 0
335 161 0
508 161 0
223 162 0
324 162 0
325 162 0
333 162 0
334 162 0
481 162 0
223 163 0
324 163 0
332 163 0
333 163 0
334 163 0
344 163 0
223 164 0
323 164 0
324 164 0
332 164 0
333 164 0
344 164 0
463 164 0
51 165 0
223 165 0
272 165 0
323 165 0
331 165 0
332 165 0
404 165 0
223 166 0
330 166 0
331 166 0
223 167 0
329 167 0
330 167 0
223 168 0
329 168 0
330 168 0
479 168 0
223 169 0
329 169 0
223 170 0
303 170 0
328 170 0
329 170 0
336 170 0
223 171 0
328 171 0
329 171 0
223 172 0
327 172 0
328 172 0
329 172 0
112 173 0
223 173 0
326 173 0
327 173 0
328 173 0
284 174 0
326 174 0
327 174 0
328 174 0
325 175 0
326 175 0
327 175 0
328 175 0
285 176 0
286 176 0
325 176 0
326 176 0
313 177 0
324 177 0
325 177 0
326 177 0
73 178 0
324 178 0
325 178 0
72 179 0
73 179 0
324 179 0
325 179 0
324 180 0
325 180 0
95 181 0
157 181 0
158 181 0
323 181 0
324 181 0
325 181 0
112 182 0
324 182 0
325 182 0
112 183 0
324 183 0
325 183 0
112 184 0
325 184 0
223 185 0
325 185 0
326 185 0
325 186 0
326 186 0
325 187 0
326 187 0
327 187 0
324 188 0
325 188 0
326 188 0
327 188 0
324 189 0
327 189 0
327 190 0
112 191 0
327 191 0
328 191 0
327 192 0
328 192 0
326 193 0
327 193 0
328 193 0
326 194 0
327 194 0
328 194 0
315 195 0
324 195 0
325 195 0
326 195 0
327 195 0
328 195 0
324 196 0
325 196 0
326 196 0
327 196 0
146 197 0
147 197 0
182 197 0
314 197 0
324 197 0
325 197 0
326 197 0
333 197 0
523 197 0
524 197 0
182 198 0
523 198 0
524 198 0
2 199 0
390 199 0
391 199 0
257 203 0
275 209 0
276 209 0
257 213 0
482 214 0
483 214 0
483 215 0
240 216 0
259 217 0
275 218 0
325 218 0
442 219 0
400 220 0
256 221 0
378 222 0
256 224 0
118 225 0
256 225 0
256 226 0
256 227 0
256 228 0
299 231 0
300 231 0
236 235 0
261 235 0
526 235 0
527 235 0
261 236 0
529 237 0
324 238 0
325 238 0
332 246 0
90 249 0
329 249 0
62 250 0
267 255 0
267 260 0
233 263 0
234 263 0
232 265 0
601 266 0
602 266 0
85 270 0
10 273 0
9 274 0
10 274 0
507 274 0
519 275 0
346 279 0
347 279 0
487 288 0
137 292 0
138 292 0
264 293 0
253 294 0
258 295 0
259 295 0
275 296 0
256 299 0
162 302 0
382 306 0
383 306 0
241 307 0
242 307 0
382 307 0
383 307 0
396 307 0
222 308 0
223 308 0
222 309 0
418 311 0
271 312 0
161 314 0
162 314 0
261 314 0
262 314 0
331 317 0
577 320 0
569 323 0
443 325 0
241 326 0
442 326 0
443 326 0
612 335 0
523 343 0
523 344 0
412 345 0
149 348 0
150 348 0
149 349 0
158 349 0
451 358 0
542 360 0
542 361 0
378 363 0
295 367 0
522 367 0
295 368 0
423 370 0
218 381 0
373 387 0
48 388 0
623 388 0
624 388 0
623 389 0
624 389 0
288 390 0
289 390 0
289 391 0
164 392 0
24 393 0
372 396 0
303 398 0
303 399 0
443 400 0
443 401 0
150 403 0
13 407 0
263 414 0
438 420 0
144 426 0
92 427 0
92 428 0
316 428 0
316 429 0
317 429 0
192 430 0
193 430 0
177 443 0
220 464 0
220 465 0
424 477 0
6 28 2
7 28 2
9 34 2
19 35 2
17 36 2
13 64 2
5 66 2
