274 4 0
270 5 0
270 6 0
272 8 0
271 9 0
308 11 0
173 13 0
173 14 0
174 14 0
301 15 0
308 16 0
309 16 0
270 17 0
413 17 0
274 18 0
358 19 0
413 19 0
413 20 0
519 20 0
561 20 0
413 21 0
413 22 0
413 23 0
363 24 0
413 24 0
518 24 0
363 25 0
413 25 0
518 25 0
413 26 0
413 27 0
518 27 0
336 28 0
413 28 0
242 31 0
305 31 0
339 31 0
7 32 0
17 33 0
49 33 0
50 33 0
322 33 0
340 33 0
412 33 0
517 33 0
242 34 0
305 34 0
322 34 0
339 34 0
340 34 0
242 35 0
305 35 0
340 35 0
341 35 0
412 35 0
242 37 0
305 37 0
341 37 0
242 38 0
305 38 0
320 38 0
341 38 0
242 39 0
305 39 0
320 39 0
337 39 0
341 39 0
242 40 0
320 40 0
339 40 0
411 40 0
571 40 0
242 41 0
320 41 0
340 41 0
411 41 0
242 42 0
320 42 0
340 42 0
411 42 0
130 43 0
242 43 0
320 43 0
340 43 0
411 43 0
516 43 0
588 43 0
7 44 0
242 44 0
304 44 0
411 44 0
516 44 0
7 45 0
242 45 0
411 45 0
341 46 0
411 46 0
318 47 0
342 47 0
411 47 0
514 47 0
515 47 0
5 48 0
242 48 0
304 48 0
317 48 0
342 48 0
411 48 0
515 48 0
242 49 0
304 49 0
336 49 0
411 49 0
132 50 0
317 50 0
343 50 0
411 50 0
132 51 0
220 51 0
343 51 0
411 51 0
343 52 0
515 52 0
515 53 0
304 54 0
310 55 0
311 55 0
409 55 0
133 56 0
310 56 0
133 57 0
310 57 0
382 57 0
12 58 0
143 58 0
309 58 0
349 58 0
304 59 0
309 59 0
350 59 0
309 60 0
350 60 0
410 60 0
304 62 0
308 62 0
309 62 0
351 62 0
308 63 0
351 63 0
513 63 0
308 64 0
351 64 0
409 64 0
410 64 0
225 65 0
308 65 0
351 65 0
409 65 0
217 66 0
308 66 0
351 66 0
352 66 0
409 66 0
308 67 0
332 67 0
352 67 0
409 67 0
154 68 0
307 68 0
330 68 0
331 68 0
352 68 0
409 68 0
307 69 0
331 69 0
335 69 0
352 69 0
409 69 0
153 70 0
214 70 0
307 70 0
331 70 0
335 70 0
409 70 0
214 71 0
307 71 0
330 71 0
335 71 0
337 71 0
353 71 0
409 71 0
191 72 0
214 72 0
307 72 0
325 72 0
326 72 0
327 72 0
328 72 0
336 72 0
353 72 0
583 72 0
176 73 0
191 73 0
214 73 0
307 73 0
312 73 0
315 73 0
325 73 0
326 73 0
327 73 0
336 73 0
353 73 0
137 74 0
303 74 0
307 74 0
311 74 0
409 74 0
88 75 0
205 75 0
307 75 0
310 75 0
311 75 0
312 75 0
331 75 0
332 75 0
198 76 0
199 76 0
200 76 0
311 76 0
335 76 0
336 76 0
354 76 0
485 76 0
487 76 0
488 76 0
199 77 0
200 77 0
201 77 0
308 77 0
311 77 0
317 77 0
354 77 0
487 77 0
512 77 0
189 78 0
208 78 0
210 78 0
308 78 0
354 78 0
487 78 0
512 78 0
187 79 0
308 79 0
318 79 0
355 79 0
484 79 0
308 80 0
312 80 0
355 80 0
308 81 0
319 81 0
355 81 0
308 82 0
313 82 0
319 82 0
308 83 0
356 83 0
308 84 0
319 84 0
356 84 0
140 85 0
308 85 0
515 85 0
308 86 0
317 86 0
356 86 0
308 87 0
322 87 0
357 88 0
141 89 0
309 89 0
319 89 0
324 89 0
357 89 0
141 90 0
309 90 0
320 90 0
321 90 0
322 90 0
141 91 0
309 91 0
321 91 0
323 91 0
325 91 0
358 91 0
157 92 0
241 92 0
309 92 0
325 92 0
327 92 0
328 92 0
331 92 0
358 92 0
241 93 0
309 93 0
328 93 0
330 93 0
331 93 0
358 93 0
142 94 0
309 94 0
330 94 0
332 94 0
358 94 0
142 95 0
309 95 0
327 95 0
329 95 0
330 95 0
331 95 0
332 95 0
333 95 0
241 96 0
309 96 0
336 96 0
337 96 0
359 96 0
241 97 0
309 97 0
330 97 0
333 97 0
359 97 0
241 98 0
309 98 0
333 98 0
359 98 0
241 99 0
309 99 0
359 99 0
480 99 0
143 100 0
309 100 0
32 101 0
251 101 0
309 101 0
531 101 0
32 102 0
144 102 0
309 102 0
349 102 0
350 102 0
360 102 0
531 102 0
144 103 0
145 103 0
309 103 0
348 103 0
349 103 0
351 103 0
360 103 0
449 103 0
531 103 0
546 103 0
145 104 0
309 104 0
349 104 0
352 104 0
360 104 0
531 104 0
213 105 0
349 105 0
352 105 0
360 105 0
531 105 0
213 106 0
310 106 0
349 106 0
352 106 0
360 106 0
310 107 0
349 107 0
350 107 0
352 107 0
360 107 0
361 107 0
310 108 0
349 108 0
352 108 0
353 108 0
360 108 0
310 109 0
349 109 0
353 109 0
310 110 0
314 110 0
349 110 0
350 110 0
354 110 0
360 110 0
310 111 0
349 111 0
354 111 0
360 111 0
310 112 0
349 112 0
353 112 0
354 112 0
355 112 0
358 112 0
360 112 0
310 113 0
349 113 0
353 113 0
354 113 0
355 113 0
357 113 0
359 113 0
360 113 0
310 114 0
349 114 0
213 115 0
310 115 0
349 115 0
483 115 0
213 116 0
310 116 0
349 116 0
483 116 0
310 117 0
349 117 0
310 118 0
349 118 0
310 119 0
482 119 0
310 120 0
346 120 0
498 120 0
199 121 0
345 121 0
113 122 0
240 122 0
313 122 0
113 123 0
240 123 0
313 123 0
329 123 0
478 123 0
113 124 0
313 124 0
328 124 0
330 124 0
113 125 0
328 125 0
331 125 0
439 125 0
481 125 0
493 125 0
494 125 0
113 126 0
240 126 0
328 126 0
331 126 0
439 126 0
481 126 0
494 126 0
513 126 0
328 127 0
331 127 0
439 127 0
513 127 0
240 128 0
328 128 0
494 128 0
113 129 0
332 129 0
492 129 0
515 129 0
113 130 0
328 130 0
332 130 0
492 130 0
494 130 0
519 130 0
525 130 0
332 131 0
442 131 0
519 131 0
525 131 0
529 131 0
113 132 0
332 132 0
333 132 0
529 132 0
333 133 0
529 133 0
113 134 0
333 134 0
451 134 0
480 134 0
522 134 0
529 134 0
113 135 0
333 135 0
494 135 0
522 135 0
439 136 0
441 136 0
475 136 0
494 136 0
517 136 0
522 136 0
439 137 0
441 137 0
445 137 0
494 137 0
521 137 0
445 138 0
446 138 0
473 138 0
479 138 0
494 138 0
521 138 0
473 139 0
516 139 0
521 139 0
494 140 0
516 140 0
533 140 0
231 141 0
461 141 0
473 141 0
509 141 0
520 141 0
533 141 0
445 142 0
461 142 0
473 142 0
488 142 0
515 142 0
518 142 0
520 142 0
533 142 0
151 143 0
461 143 0
496 143 0
520 143 0
242 144 0
496 144 0
517 144 0
528 144 0
242 145 0
496 145 0
242 146 0
519 146 0
496 147 0
516 147 0
519 147 0
147 148 0
335 148 0
442 148 0
503 148 0
516 148 0
519 148 0
521 148 0
335 149 0
438 149 0
496 149 0
503 149 0
519 149 0
114 150 0
486 150 0
493 150 0
114 151 0
493 151 0
502 151 0
114 152 0
242 152 0
335 152 0
431 152 0
493 152 0
114 153 0
335 153 0
493 153 0
114 154 0
335 154 0
345 154 0
460 154 0
344 155 0
460 155 0
334 156 0
344 156 0
570 156 0
334 157 0
475 157 0
114 158 0
343 159 0
470 159 0
114 160 0
343 160 0
114 161 0
332 161 0
342 161 0
114 162 0
332 162 0
342 162 0
225 163 0
332 163 0
341 163 0
515 163 0
114 164 0
271 164 0
272 164 0
331 164 0
332 164 0
341 164 0
483 164 0
331 165 0
332 165 0
340 165 0
404 165 0
114 166 0
331 166 0
340 166 0
466 166 0
114 167 0
330 167 0
331 167 0
339 167 0
340 167 0
466 167 0
330 168 0
331 168 0
339 168 0
466 168 0
330 169 0
338 169 0
329 170 0
330 170 0
336 170 0
337 170 0
338 170 0
114 171 0
225 171 0
328 171 0
337 171 0
338 171 0
114 172 0
225 172 0
328 172 0
337 172 0
225 173 0
327 173 0
328 173 0
336 173 0
337 173 0
290 174 0
327 174 0
328 174 0
337 174 0
114 175 0
225 175 0
287 175 0
327 175 0
336 175 0
337 175 0
286 176 0
327 176 0
336 176 0
337 176 0
225 177 0
288 177 0
326 177 0
327 177 0
336 177 0
225 178 0
326 178 0
327 178 0
335 178 0
336 178 0
114 179 0
248 179 0
325 179 0
326 179 0
337 179 0
325 180 0
326 180 0
334 180 0
335 180 0
95 181 0
158 181 0
325 181 0
334 181 0
307 182 0
333 182 0
334 182 0
338 182 0
225 183 0
306 183 0
314 183 0
333 183 0
334 183 0
225 184 0
333 184 0
334 184 0
225 185 0
333 185 0
334 185 0
225 186 0
244 186 0
317 186 0
333 186 0
334 186 0
255 187 0
317 187 0
333 187 0
334 187 0
317 188 0
334 188 0
225 189 0
317 189 0
334 189 0
317 190 0
335 190 0
225 191 0
317 191 0
327 191 0
335 191 0
336 191 0
225 192 0
326 192 0
327 192 0
328 192 0
336 192 0
328 193 0
336 193 0
225 194 0
262 194 0
317 194 0
327 194 0
328 194 0
337 194 0
317 195 0
328 195 0
337 195 0
338 195 0
317 196 0
328 196 0
329 196 0
338 196 0
369 196 0
225 197 0
257 197 0
317 197 0
327 197 0
328 197 0
329 197 0
332 197 0
333 197 0
338 197 0
327 198 0
328 198 0
338 198 0
349 198 0
2 199 0
225 199 0
329 199 0
338 199 0
339 199 0
391 199 0
2 200 0
225 200 0
316 200 0
337 200 0
338 200 0
336 201 0
338 201 0
336 202 0
337 202 0
338 202 0
225 203 0
336 204 0
337 205 0
277 206 0
280 209 0
225 211 0
225 213 0
258 213 0
258 214 0
482 214 0
483 214 0
482 215 0
483 215 0
258 218 0
442 219 0
225 220 0
275 223 0
275 224 0
240 228 0
300 231 0
225 233 0
389 234 0
263 235 0
264 235 0
526 235 0
527 235 0
229 236 0
263 236 0
269 237 0
324 238 0
325 238 0
118 239 0
118 240 0
118 241 0
261 241 0
118 242 0
206 245 0
206 246 0
159 250 0
277 255 0
277 257 0
247 258 0
269 258 0
277 258 0
269 260 0
330 266 0
234 270 0
323 271 0
9 274 0
10 274 0
316 277 0
226 279 0
347 279 0
33 282 0
138 292 0
269 292 0
272 293 0
273 293 0
274 293 0
260 294 0
273 294 0
137 300 0
255 300 0
252 306 0
382 306 0
242 307 0
382 307 0
383 307 0
222 308 0
252 308 0
222 309 0
252 309 0
450 313 0
270 315 0
426 315 0
577 320 0
442 326 0
443 326 0
231 328 0
243 328 0
243 329 0
243 330 0
243 331 0
243 332 0
243 333 0
243 334 0
243 335 0
294 342 0
522 344 0
523 344 0
149 348 0
299 350 0
300 352 0
240 354 0
240 356 0
303 356 0
240 357 0
311 370 0
312 371 0
317 379 0
288 390 0
417 394 0
371 396 0
303 399 0
150 403 0
232 426 0
316 429 0
523 455 0
220 465 0
5 56 3
