106 3 0
106 5 0
277 5 0
271 6 0
267 8 0
308 10 0
173 13 0
44 14 0
173 14 0
416 14 0
416 15 0
308 16 0
522 19 0
561 20 0
245 24 0
363 24 0
245 25 0
19 26 0
245 26 0
308 26 0
415 26 0
209 27 0
245 27 0
415 27 0
19 28 0
245 28 0
308 28 0
415 28 0
19 29 0
245 29 0
415 29 0
245 30 0
327 30 0
342 30 0
415 30 0
245 31 0
415 31 0
520 31 0
245 32 0
326 32 0
415 32 0
325 33 0
415 33 0
344 34 0
415 34 0
344 35 0
324 36 0
344 37 0
345 37 0
324 38 0
345 38 0
520 38 0
324 39 0
344 39 0
345 39 0
344 40 0
344 41 0
324 42 0
344 42 0
529 45 0
322 46 0
134 47 0
307 47 0
321 48 0
321 49 0
340 49 0
346 49 0
413 49 0
518 49 0
244 51 0
413 51 0
319 52 0
347 52 0
413 52 0
135 53 0
244 53 0
316 53 0
413 53 0
135 54 0
413 54 0
314 55 0
413 55 0
313 56 0
382 56 0
413 56 0
313 57 0
382 57 0
413 57 0
244 58 0
313 58 0
413 58 0
306 59 0
312 59 0
312 60 0
280 61 0
312 61 0
354 61 0
216 62 0
312 62 0
354 62 0
312 63 0
311 64 0
355 64 0
516 64 0
311 65 0
355 65 0
516 65 0
311 66 0
355 66 0
412 66 0
311 67 0
355 67 0
169 68 0
311 68 0
334 68 0
335 68 0
156 69 0
311 69 0
356 69 0
155 70 0
311 70 0
338 70 0
339 70 0
356 70 0
187 71 0
306 71 0
311 71 0
341 71 0
345 71 0
356 71 0
193 72 0
311 72 0
329 72 0
341 72 0
342 72 0
345 72 0
411 72 0
515 72 0
193 73 0
196 73 0
311 73 0
318 73 0
411 73 0
208 74 0
357 74 0
411 74 0
314 75 0
315 75 0
357 75 0
201 76 0
202 76 0
311 76 0
315 76 0
385 76 0
490 76 0
191 77 0
201 77 0
202 77 0
203 77 0
311 77 0
320 77 0
490 77 0
193 78 0
211 78 0
213 78 0
311 78 0
320 78 0
358 78 0
490 78 0
311 79 0
358 79 0
487 79 0
490 79 0
244 80 0
311 80 0
322 80 0
244 81 0
305 81 0
311 81 0
320 81 0
322 81 0
311 82 0
320 82 0
359 82 0
585 82 0
244 83 0
311 83 0
359 83 0
244 84 0
311 84 0
191 85 0
311 85 0
311 86 0
326 87 0
143 88 0
312 88 0
143 89 0
312 89 0
361 89 0
312 90 0
324 90 0
361 90 0
159 91 0
312 91 0
361 91 0
159 92 0
312 92 0
331 92 0
362 92 0
312 93 0
331 93 0
312 94 0
333 94 0
334 94 0
335 94 0
336 94 0
362 94 0
194 95 0
195 95 0
312 95 0
332 95 0
334 95 0
362 95 0
312 96 0
334 96 0
341 96 0
362 96 0
470 96 0
312 97 0
336 97 0
341 97 0
363 97 0
312 98 0
363 98 0
312 99 0
363 99 0
312 100 0
32 101 0
312 101 0
534 101 0
312 102 0
352 102 0
353 102 0
354 102 0
147 103 0
312 103 0
352 103 0
363 103 0
364 103 0
549 103 0
147 104 0
243 104 0
312 104 0
355 104 0
312 105 0
356 105 0
364 105 0
148 106 0
243 106 0
356 106 0
533 106 0
570 106 0
243 107 0
313 107 0
356 107 0
243 108 0
313 108 0
353 108 0
313 109 0
314 109 0
353 109 0
364 109 0
243 110 0
313 110 0
314 110 0
364 110 0
243 111 0
313 111 0
358 111 0
454 111 0
214 112 0
243 112 0
313 112 0
352 112 0
353 112 0
358 112 0
454 112 0
486 112 0
313 113 0
358 113 0
361 113 0
362 113 0
454 113 0
486 113 0
358 114 0
359 114 0
361 114 0
362 114 0
486 114 0
313 116 0
312 117 0
353 117 0
485 117 0
353 118 0
485 118 0
312 119 0
485 119 0
509 119 0
115 120 0
312 120 0
349 120 0
115 121 0
201 121 0
312 121 0
201 122 0
213 123 0
479 123 0
484 123 0
115 124 0
331 124 0
442 124 0
115 125 0
331 125 0
334 125 0
115 126 0
331 126 0
483 126 0
484 126 0
331 127 0
335 127 0
441 127 0
483 127 0
495 127 0
515 127 0
335 128 0
441 128 0
445 128 0
495 128 0
515 128 0
115 129 0
115 130 0
115 131 0
494 131 0
514 131 0
521 131 0
528 131 0
115 132 0
336 132 0
514 132 0
521 132 0
444 133 0
528 133 0
302 135 0
337 135 0
499 135 0
524 136 0
482 137 0
524 137 0
441 138 0
475 138 0
482 138 0
496 138 0
519 138 0
524 138 0
464 139 0
496 139 0
496 140 0
512 140 0
518 140 0
282 141 0
381 141 0
496 141 0
518 141 0
442 142 0
445 142 0
496 142 0
511 142 0
151 143 0
463 143 0
517 143 0
522 143 0
215 144 0
244 144 0
463 144 0
517 144 0
339 145 0
522 145 0
244 146 0
506 146 0
524 146 0
244 147 0
506 147 0
441 148 0
480 148 0
489 148 0
506 148 0
521 148 0
506 149 0
521 149 0
116 150 0
489 150 0
496 150 0
506 150 0
116 151 0
116 152 0
254 152 0
339 152 0
462 152 0
116 153 0
339 153 0
433 153 0
462 153 0
116 154 0
228 154 0
339 154 0
433 154 0
116 155 0
228 155 0
339 155 0
488 155 0
116 156 0
135 156 0
449 156 0
488 156 0
339 157 0
457 157 0
488 157 0
116 158 0
338 158 0
116 159 0
338 159 0
462 159 0
470 159 0
471 159 0
495 159 0
344 163 0
346 163 0
116 164 0
274 164 0
344 164 0
346 164 0
346 165 0
116 166 0
336 166 0
345 166 0
116 167 0
336 167 0
345 167 0
468 167 0
336 168 0
468 168 0
116 169 0
227 169 0
335 169 0
336 169 0
344 169 0
116 170 0
227 170 0
335 170 0
336 170 0
468 170 0
116 171 0
335 171 0
343 171 0
468 171 0
227 172 0
335 172 0
343 172 0
468 172 0
227 173 0
342 173 0
116 174 0
227 174 0
333 174 0
334 174 0
342 174 0
116 175 0
227 175 0
289 175 0
333 175 0
342 175 0
227 176 0
333 176 0
342 176 0
227 177 0
243 177 0
332 177 0
333 177 0
342 177 0
227 178 0
301 178 0
332 178 0
333 178 0
341 178 0
342 178 0
332 179 0
332 180 0
158 181 0
227 181 0
331 181 0
332 181 0
341 181 0
227 182 0
331 182 0
332 182 0
340 182 0
341 182 0
227 183 0
331 183 0
340 183 0
331 184 0
227 185 0
330 185 0
331 185 0
340 185 0
227 186 0
330 186 0
331 186 0
339 186 0
340 186 0
329 187 0
330 187 0
339 187 0
329 188 0
339 188 0
227 189 0
320 189 0
328 189 0
329 189 0
339 189 0
227 190 0
319 190 0
329 190 0
339 190 0
340 190 0
340 191 0
340 192 0
227 193 0
319 193 0
341 193 0
227 194 0
264 194 0
331 195 0
146 197 0
227 197 0
333 197 0
334 197 0
523 197 0
524 197 0
334 198 0
319 199 0
330 199 0
334 199 0
335 199 0
334 200 0
335 200 0
335 202 0
345 202 0
279 203 0
345 203 0
345 205 0
342 207 0
261 210 0
227 211 0
241 213 0
282 213 0
241 214 0
245 214 0
482 214 0
483 214 0
260 215 0
282 215 0
245 216 0
239 217 0
244 217 0
260 217 0
244 218 0
244 219 0
282 219 0
378 222 0
343 223 0
202 225 0
227 225 0
227 226 0
242 231 0
300 231 0
265 235 0
266 235 0
527 235 0
230 236 0
231 236 0
240 236 0
325 238 0
120 239 0
120 240 0
613 240 0
614 240 0
120 241 0
222 241 0
223 241 0
571 241 0
208 246 0
435 247 0
236 253 0
422 253 0
103 256 0
271 258 0
237 265 0
330 266 0
236 269 0
236 270 0
323 271 0
229 278 0
228 279 0
347 279 0
227 280 0
228 280 0
266 289 0
263 290 0
270 291 0
138 292 0
270 292 0
270 293 0
274 293 0
275 293 0
276 293 0
261 294 0
275 294 0
262 295 0
256 296 0
281 296 0
255 297 0
248 302 0
254 302 0
226 303 0
248 303 0
253 304 0
254 304 0
382 306 0
241 307 0
242 307 0
222 308 0
254 308 0
254 309 0
240 311 0
256 312 0
418 313 0
333 314 0
273 315 0
14 316 0
443 326 0
245 330 0
245 331 0
149 348 0
150 348 0
242 352 0
242 354 0
242 355 0
304 355 0
242 356 0
306 358 0
451 358 0
569 365 0
512 368 0
218 381 0
324 388 0
131 393 0
131 394 0
371 396 0
97 397 0
13 407 0
263 414 0
92 428 0
233 437 0
233 438 0
220 464 0
220 465 0
637 28 1
4 33 2
