109 2 0
280 4 0
280 7 0
21 9 0
270 9 0
21 10 0
21 11 0
173 14 0
419 18 0
358 19 0
363 24 0
418 24 0
524 24 0
248 25 0
418 25 0
524 25 0
248 26 0
418 26 0
248 27 0
418 27 0
248 28 0
418 28 0
133 29 0
418 29 0
133 30 0
331 30 0
346 30 0
418 30 0
331 31 0
347 31 0
418 31 0
418 32 0
365 33 0
329 34 0
348 34 0
310 35 0
347 35 0
348 35 0
348 36 0
328 37 0
348 37 0
349 38 0
522 38 0
345 39 0
349 39 0
328 40 0
349 40 0
571 40 0
247 41 0
328 41 0
328 42 0
348 42 0
370 42 0
136 43 0
328 43 0
348 43 0
3 44 0
136 44 0
327 44 0
327 45 0
3 46 0
4 46 0
248 46 0
326 46 0
137 48 0
247 48 0
310 48 0
325 48 0
344 48 0
416 48 0
137 49 0
247 49 0
344 49 0
416 49 0
521 49 0
137 50 0
416 50 0
137 51 0
323 51 0
351 51 0
416 51 0
323 52 0
416 52 0
416 53 0
416 54 0
318 55 0
416 55 0
317 56 0
416 56 0
317 57 0
382 57 0
416 57 0
316 58 0
317 58 0
316 59 0
357 59 0
316 60 0
1 61 0
140 61 0
316 61 0
358 61 0
316 62 0
358 62 0
2 63 0
309 63 0
315 63 0
358 63 0
1 64 0
2 64 0
309 64 0
315 64 0
359 64 0
3 65 0
309 65 0
315 65 0
359 65 0
415 65 0
217 66 0
315 66 0
359 66 0
315 67 0
359 67 0
172 68 0
338 68 0
414 68 0
415 68 0
217 69 0
314 69 0
338 69 0
360 69 0
217 70 0
314 70 0
360 70 0
414 70 0
158 71 0
190 71 0
196 71 0
219 71 0
314 71 0
342 71 0
360 71 0
414 71 0
190 72 0
196 72 0
219 72 0
247 72 0
314 72 0
342 72 0
360 72 0
414 72 0
190 73 0
196 73 0
198 73 0
219 73 0
247 73 0
314 73 0
332 73 0
335 73 0
336 73 0
337 73 0
343 73 0
344 73 0
361 73 0
414 73 0
211 74 0
219 74 0
314 74 0
322 74 0
334 74 0
335 74 0
361 74 0
414 74 0
247 75 0
318 75 0
319 75 0
341 75 0
342 75 0
361 75 0
414 75 0
318 76 0
339 76 0
342 76 0
493 76 0
194 77 0
204 77 0
205 77 0
219 77 0
319 77 0
493 77 0
518 77 0
194 78 0
195 78 0
219 78 0
324 78 0
362 78 0
518 78 0
219 79 0
315 79 0
362 79 0
493 79 0
144 80 0
217 80 0
219 80 0
315 80 0
315 81 0
319 81 0
326 81 0
247 82 0
315 82 0
363 82 0
315 83 0
363 83 0
145 84 0
315 84 0
145 85 0
315 85 0
323 85 0
326 85 0
364 85 0
515 85 0
145 86 0
315 86 0
363 86 0
364 86 0
315 87 0
364 87 0
146 89 0
316 89 0
331 89 0
365 89 0
146 90 0
308 90 0
316 90 0
331 90 0
365 90 0
146 91 0
316 91 0
331 91 0
332 91 0
162 92 0
316 92 0
338 92 0
316 93 0
335 93 0
338 93 0
366 93 0
316 94 0
332 94 0
334 94 0
337 94 0
339 94 0
366 94 0
148 95 0
316 95 0
334 95 0
340 95 0
366 95 0
466 95 0
316 96 0
338 96 0
339 96 0
344 96 0
316 97 0
339 97 0
340 97 0
344 97 0
345 97 0
315 98 0
359 98 0
367 98 0
246 99 0
315 99 0
367 99 0
149 100 0
315 100 0
367 100 0
537 100 0
246 101 0
315 101 0
537 101 0
32 102 0
150 102 0
315 102 0
356 102 0
357 102 0
150 103 0
315 103 0
356 103 0
358 103 0
150 104 0
217 104 0
246 104 0
315 104 0
356 104 0
454 104 0
537 104 0
132 105 0
356 105 0
454 105 0
356 106 0
246 107 0
316 107 0
360 107 0
135 108 0
246 108 0
316 108 0
360 108 0
369 108 0
246 109 0
316 109 0
369 109 0
314 110 0
316 110 0
360 110 0
361 110 0
368 110 0
316 111 0
357 111 0
368 111 0
456 111 0
316 112 0
353 112 0
356 112 0
368 112 0
316 113 0
356 113 0
357 113 0
362 113 0
31 114 0
316 114 0
362 114 0
356 115 0
362 115 0
363 115 0
365 115 0
316 116 0
504 116 0
316 117 0
357 118 0
488 118 0
315 119 0
488 119 0
315 120 0
315 121 0
353 121 0
319 123 0
319 124 0
445 124 0
487 124 0
486 125 0
203 126 0
338 126 0
499 126 0
203 127 0
320 128 0
339 128 0
486 128 0
320 129 0
339 129 0
486 129 0
534 131 0
321 132 0
340 132 0
524 132 0
531 132 0
534 132 0
245 133 0
321 133 0
523 134 0
341 135 0
499 135 0
523 135 0
534 135 0
523 136 0
446 137 0
534 137 0
445 138 0
446 138 0
534 138 0
499 141 0
515 141 0
539 141 0
445 142 0
537 142 0
151 143 0
466 143 0
466 144 0
499 144 0
522 144 0
484 145 0
499 145 0
247 146 0
499 146 0
499 147 0
138 148 0
147 148 0
499 148 0
509 148 0
525 148 0
138 149 0
499 149 0
509 149 0
138 150 0
499 151 0
526 151 0
499 152 0
499 153 0
230 154 0
501 154 0
343 155 0
465 155 0
491 155 0
343 156 0
560 156 0
569 156 0
570 156 0
230 157 0
343 157 0
230 158 0
352 159 0
470 159 0
471 159 0
230 160 0
343 160 0
230 161 0
352 161 0
230 162 0
516 163 0
279 165 0
342 165 0
230 166 0
342 166 0
341 168 0
230 169 0
341 169 0
350 169 0
330 170 0
341 170 0
341 171 0
349 171 0
349 172 0
349 173 0
291 174 0
348 174 0
229 175 0
340 175 0
341 175 0
348 175 0
282 176 0
286 176 0
292 176 0
348 177 0
339 178 0
340 178 0
338 179 0
339 179 0
304 180 0
338 180 0
339 180 0
157 181 0
158 181 0
338 181 0
348 181 0
338 182 0
347 182 0
348 182 0
312 183 0
338 183 0
347 183 0
337 184 0
338 184 0
337 185 0
338 185 0
347 185 0
337 186 0
338 186 0
346 186 0
347 186 0
315 187 0
337 187 0
346 187 0
316 188 0
322 188 0
337 188 0
346 188 0
347 188 0
322 189 0
331 189 0
337 189 0
346 189 0
336 190 0
337 190 0
346 190 0
322 191 0
336 191 0
337 191 0
345 191 0
346 191 0
229 192 0
336 192 0
337 192 0
345 192 0
346 192 0
322 193 0
331 193 0
335 193 0
336 193 0
337 193 0
345 193 0
346 193 0
322 194 0
335 194 0
336 194 0
346 194 0
334 195 0
335 195 0
336 195 0
346 195 0
347 195 0
257 196 0
283 196 0
334 196 0
335 196 0
347 196 0
369 196 0
322 197 0
333 197 0
334 197 0
335 197 0
347 197 0
285 198 0
332 198 0
334 198 0
348 198 0
390 199 0
2 200 0
338 201 0
339 201 0
120 202 0
229 202 0
341 202 0
341 203 0
342 203 0
352 203 0
229 204 0
341 204 0
342 204 0
341 205 0
353 205 0
353 206 0
353 207 0
353 208 0
230 209 0
349 210 0
350 210 0
351 210 0
352 210 0
482 214 0
483 214 0
247 216 0
263 218 0
264 218 0
264 219 0
350 221 0
263 222 0
263 229 0
299 231 0
300 231 0
266 233 0
243 234 0
268 235 0
526 235 0
527 235 0
268 236 0
271 236 0
272 236 0
324 238 0
325 238 0
122 239 0
117 244 0
332 246 0
273 253 0
274 253 0
274 255 0
105 257 0
251 257 0
274 257 0
281 260 0
274 261 0
239 264 0
236 266 0
238 271 0
10 274 0
232 278 0
231 279 0
347 279 0
230 280 0
285 290 0
138 292 0
273 292 0
271 293 0
272 293 0
275 294 0
276 294 0
275 295 0
265 296 0
266 296 0
283 296 0
260 299 0
260 300 0
263 300 0
256 305 0
259 305 0
259 306 0
259 307 0
222 308 0
222 309 0
429 313 0
269 314 0
430 316 0
576 320 0
577 320 0
443 326 0
440 335 0
612 335 0
301 347 0
149 348 0
150 348 0
150 349 0
303 350 0
307 357 0
340 357 0
244 358 0
308 358 0
423 370 0
323 383 0
623 388 0
133 393 0
133 394 0
371 396 0
303 399 0
263 414 0
92 428 0
235 434 0
235 435 0
235 438 0
26 415 1
15 432 1
