116 5 0
282 7 0
286 7 0
296 8 0
276 10 0
276 11 0
173 13 0
173 14 0
426 14 0
27 15 0
308 16 0
426 17 0
363 24 0
254 25 0
254 26 0
590 26 0
218 27 0
254 27 0
218 28 0
254 28 0
254 29 0
530 29 0
340 30 0
341 30 0
424 30 0
425 30 0
254 31 0
424 31 0
339 32 0
340 32 0
424 32 0
339 33 0
365 33 0
424 33 0
338 34 0
424 34 0
338 35 0
316 37 0
337 38 0
358 38 0
424 38 0
358 39 0
424 39 0
571 39 0
571 40 0
142 42 0
142 43 0
356 43 0
358 43 0
11 44 0
142 44 0
336 44 0
356 44 0
357 44 0
11 45 0
336 45 0
358 45 0
11 46 0
358 46 0
11 47 0
358 47 0
254 48 0
254 49 0
423 49 0
254 50 0
360 50 0
423 50 0
144 51 0
316 51 0
333 52 0
422 52 0
422 53 0
331 54 0
422 54 0
362 55 0
422 55 0
422 56 0
145 57 0
225 57 0
422 57 0
145 58 0
325 58 0
422 58 0
324 59 0
325 59 0
422 59 0
146 60 0
324 60 0
325 60 0
422 60 0
324 61 0
422 61 0
527 61 0
146 62 0
324 62 0
367 62 0
422 62 0
324 63 0
422 63 0
323 65 0
323 66 0
368 66 0
421 66 0
323 67 0
368 67 0
421 67 0
323 68 0
421 68 0
196 69 0
421 69 0
323 70 0
369 70 0
421 70 0
196 71 0
323 71 0
346 71 0
369 71 0
421 71 0
196 72 0
202 72 0
225 72 0
253 72 0
351 72 0
421 72 0
149 73 0
202 73 0
225 73 0
253 73 0
322 73 0
341 73 0
351 73 0
370 73 0
421 73 0
137 74 0
149 74 0
217 74 0
253 74 0
322 74 0
330 74 0
340 74 0
421 74 0
253 75 0
322 75 0
327 75 0
352 75 0
211 76 0
212 76 0
253 76 0
327 76 0
328 76 0
370 76 0
385 76 0
500 76 0
210 77 0
211 77 0
212 77 0
253 77 0
347 77 0
371 77 0
500 77 0
200 78 0
201 78 0
220 78 0
253 78 0
351 78 0
220 79 0
253 79 0
332 79 0
371 79 0
524 79 0
150 80 0
253 80 0
323 80 0
150 81 0
253 81 0
323 82 0
253 83 0
323 83 0
329 83 0
330 83 0
372 83 0
323 84 0
372 84 0
151 85 0
241 85 0
277 85 0
323 85 0
151 86 0
152 86 0
323 86 0
373 86 0
323 87 0
373 87 0
323 88 0
373 88 0
324 89 0
373 89 0
152 90 0
153 90 0
324 90 0
334 90 0
339 90 0
374 90 0
324 91 0
339 91 0
168 92 0
314 92 0
324 92 0
374 92 0
324 93 0
374 93 0
208 94 0
324 94 0
343 94 0
375 94 0
154 95 0
204 95 0
324 95 0
348 95 0
375 95 0
324 96 0
345 96 0
348 96 0
375 96 0
198 97 0
323 97 0
346 97 0
348 97 0
375 97 0
323 98 0
348 98 0
351 98 0
354 98 0
323 99 0
155 100 0
323 100 0
323 101 0
461 101 0
544 101 0
6 102 0
7 102 0
156 102 0
252 102 0
323 102 0
461 102 0
544 102 0
156 103 0
323 103 0
156 104 0
323 104 0
365 104 0
323 105 0
364 105 0
252 106 0
323 106 0
364 106 0
367 106 0
460 106 0
544 106 0
252 107 0
323 107 0
364 107 0
460 107 0
323 108 0
364 108 0
313 109 0
314 109 0
323 109 0
365 109 0
314 110 0
323 110 0
365 110 0
368 110 0
377 110 0
323 111 0
365 111 0
377 111 0
224 112 0
323 112 0
365 112 0
369 112 0
377 112 0
464 112 0
31 113 0
224 113 0
323 113 0
365 113 0
224 114 0
323 114 0
365 114 0
370 114 0
463 114 0
495 114 0
323 115 0
365 115 0
495 115 0
323 116 0
365 116 0
370 116 0
377 116 0
323 117 0
365 117 0
370 117 0
372 117 0
323 118 0
365 118 0
365 119 0
494 119 0
495 119 0
322 120 0
365 120 0
322 121 0
494 121 0
5 122 0
322 122 0
494 122 0
322 123 0
612 125 0
343 126 0
344 126 0
493 126 0
343 127 0
451 127 0
493 127 0
526 127 0
124 128 0
451 128 0
455 128 0
493 128 0
124 129 0
346 129 0
528 129 0
312 130 0
450 130 0
453 130 0
531 131 0
124 132 0
347 132 0
454 132 0
527 132 0
531 132 0
541 132 0
454 133 0
124 134 0
506 135 0
523 135 0
530 135 0
348 136 0
492 136 0
506 136 0
523 136 0
526 136 0
530 136 0
124 137 0
348 137 0
445 137 0
462 137 0
506 137 0
529 137 0
445 138 0
212 139 0
468 139 0
485 139 0
506 139 0
506 140 0
541 140 0
251 141 0
473 141 0
506 141 0
533 141 0
541 141 0
251 142 0
445 142 0
446 142 0
473 142 0
506 142 0
533 142 0
546 142 0
151 143 0
473 143 0
506 143 0
252 144 0
350 144 0
500 144 0
506 144 0
506 145 0
532 145 0
541 145 0
490 146 0
506 146 0
508 146 0
532 146 0
541 146 0
499 147 0
506 147 0
508 147 0
516 147 0
508 148 0
516 148 0
516 149 0
528 149 0
515 150 0
381 151 0
235 152 0
443 152 0
235 153 0
498 154 0
235 155 0
235 156 0
570 156 0
470 159 0
471 159 0
235 160 0
235 161 0
235 166 0
235 167 0
478 167 0
235 168 0
478 168 0
235 169 0
235 172 0
235 173 0
235 174 0
235 175 0
235 177 0
307 179 0
157 181 0
158 181 0
235 181 0
346 183 0
325 184 0
350 186 0
235 187 0
350 187 0
350 188 0
360 188 0
322 189 0
328 189 0
350 189 0
360 189 0
350 190 0
328 191 0
350 191 0
359 191 0
272 192 0
328 192 0
350 192 0
359 192 0
328 193 0
350 193 0
359 193 0
272 194 0
328 194 0
337 194 0
350 194 0
359 194 0
272 195 0
328 195 0
337 195 0
350 195 0
359 195 0
328 196 0
350 196 0
359 196 0
146 197 0
333 197 0
350 197 0
359 197 0
235 198 0
338 198 0
350 198 0
359 198 0
350 199 0
359 199 0
234 200 0
235 200 0
349 200 0
350 200 0
359 200 0
360 200 0
349 201 0
350 201 0
360 201 0
349 202 0
350 202 0
361 202 0
349 203 0
350 203 0
362 203 0
341 204 0
349 204 0
363 204 0
349 205 0
349 206 0
290 208 0
348 208 0
290 210 0
354 210 0
234 213 0
287 213 0
288 213 0
249 214 0
253 214 0
483 214 0
252 217 0
252 218 0
287 218 0
442 218 0
442 219 0
251 222 0
234 227 0
300 231 0
527 234 0
273 235 0
274 235 0
526 235 0
527 235 0
273 236 0
277 236 0
325 238 0
271 240 0
332 246 0
119 247 0
117 249 0
62 250 0
279 253 0
287 253 0
279 255 0
287 255 0
287 256 0
279 257 0
105 262 0
244 264 0
243 272 0
9 274 0
10 274 0
519 275 0
237 277 0
235 279 0
236 279 0
347 279 0
235 280 0
234 281 0
235 281 0
244 289 0
271 290 0
278 292 0
288 292 0
276 293 0
281 294 0
258 295 0
270 295 0
271 295 0
280 295 0
270 296 0
266 303 0
261 304 0
264 305 0
264 306 0
382 306 0
383 306 0
241 307 0
242 307 0
382 307 0
383 307 0
222 308 0
271 309 0
264 313 0
273 314 0
274 314 0
274 315 0
245 316 0
435 317 0
443 325 0
443 326 0
253 327 0
445 336 0
446 338 0
303 343 0
340 344 0
149 348 0
150 348 0
308 351 0
309 353 0
310 355 0
311 356 0
249 357 0
314 361 0
320 372 0
321 372 0
321 373 0
325 380 0
424 389 0
425 389 0
150 403 0
92 428 0
239 439 0
125 476 0
20 414 1
19 415 1
27 453 1
