280 5 0
298 5 0
285 6 0
298 6 0
298 7 0
31 12 0
31 13 0
173 13 0
31 14 0
173 14 0
429 15 0
429 16 0
429 17 0
221 18 0
429 18 0
221 19 0
290 19 0
358 19 0
429 19 0
429 20 0
429 21 0
1 22 0
429 22 0
429 23 0
363 24 0
429 24 0
320 27 0
346 30 0
428 30 0
258 31 0
258 32 0
344 33 0
258 34 0
344 34 0
258 35 0
258 36 0
258 37 0
342 37 0
343 37 0
363 37 0
258 38 0
342 38 0
363 38 0
258 39 0
341 39 0
363 39 0
427 39 0
258 40 0
341 40 0
363 40 0
427 40 0
571 40 0
258 41 0
341 41 0
427 41 0
341 42 0
427 42 0
341 43 0
361 43 0
363 43 0
427 43 0
341 44 0
363 44 0
427 44 0
6 45 0
341 45 0
363 45 0
427 45 0
341 46 0
363 46 0
427 46 0
340 47 0
363 47 0
427 47 0
147 48 0
319 48 0
340 48 0
363 48 0
427 48 0
612 48 0
33 49 0
338 49 0
339 49 0
338 50 0
358 50 0
257 51 0
319 51 0
338 51 0
365 51 0
338 52 0
532 52 0
148 53 0
337 53 0
148 54 0
336 54 0
531 54 0
532 54 0
257 55 0
426 56 0
330 57 0
319 58 0
330 58 0
618 58 0
329 59 0
330 59 0
425 59 0
12 60 0
149 60 0
257 60 0
329 60 0
257 61 0
319 61 0
425 61 0
257 62 0
328 62 0
329 62 0
425 62 0
257 63 0
328 63 0
372 63 0
425 63 0
257 64 0
328 64 0
372 64 0
425 64 0
372 65 0
425 65 0
257 66 0
373 66 0
425 66 0
241 67 0
257 67 0
328 67 0
373 67 0
425 67 0
327 68 0
373 68 0
425 68 0
13 69 0
327 69 0
328 69 0
373 69 0
425 69 0
169 70 0
227 70 0
327 70 0
328 70 0
351 70 0
352 70 0
373 70 0
169 71 0
327 71 0
351 71 0
351 72 0
355 72 0
224 73 0
327 73 0
351 73 0
355 73 0
220 74 0
327 74 0
355 74 0
375 74 0
212 75 0
220 75 0
327 75 0
333 75 0
334 75 0
350 75 0
375 75 0
220 76 0
331 76 0
350 76 0
356 76 0
424 76 0
153 77 0
214 77 0
216 77 0
327 77 0
504 77 0
204 78 0
205 78 0
318 78 0
327 78 0
330 78 0
331 78 0
332 78 0
225 79 0
327 79 0
331 79 0
336 79 0
355 79 0
376 79 0
504 79 0
327 80 0
337 80 0
355 80 0
327 81 0
335 81 0
336 81 0
154 82 0
327 82 0
338 82 0
256 83 0
336 83 0
339 83 0
154 84 0
256 84 0
334 84 0
338 84 0
256 85 0
328 86 0
328 87 0
339 87 0
256 88 0
328 88 0
378 88 0
156 89 0
256 89 0
328 89 0
256 90 0
328 90 0
212 91 0
256 91 0
328 91 0
378 91 0
204 92 0
256 92 0
157 93 0
209 93 0
256 93 0
329 93 0
184 94 0
208 94 0
211 94 0
328 94 0
329 94 0
379 94 0
142 95 0
157 95 0
207 95 0
328 95 0
329 95 0
348 95 0
379 95 0
207 96 0
328 96 0
348 96 0
350 96 0
483 96 0
207 97 0
328 97 0
349 97 0
351 97 0
353 97 0
380 97 0
328 98 0
350 98 0
351 98 0
353 98 0
327 99 0
328 99 0
350 99 0
353 99 0
356 99 0
357 99 0
358 99 0
380 99 0
327 100 0
328 100 0
351 100 0
358 100 0
380 100 0
159 101 0
251 101 0
327 101 0
465 101 0
548 101 0
159 102 0
327 102 0
357 102 0
548 102 0
159 103 0
327 103 0
327 104 0
563 104 0
327 105 0
547 105 0
327 106 0
369 106 0
371 106 0
381 106 0
547 106 0
96 107 0
327 107 0
547 107 0
327 108 0
369 108 0
372 108 0
547 108 0
369 109 0
372 109 0
328 110 0
368 110 0
369 110 0
372 110 0
328 111 0
372 111 0
369 112 0
373 112 0
229 113 0
327 113 0
369 113 0
373 113 0
382 113 0
499 113 0
327 114 0
369 114 0
382 114 0
467 114 0
499 114 0
327 115 0
369 115 0
374 115 0
381 115 0
467 115 0
499 115 0
327 116 0
369 116 0
327 117 0
369 117 0
327 118 0
498 118 0
127 119 0
327 119 0
369 119 0
255 120 0
327 120 0
369 120 0
498 120 0
370 121 0
498 121 0
326 122 0
370 122 0
326 123 0
370 123 0
326 124 0
212 125 0
455 125 0
455 126 0
497 126 0
127 127 0
331 127 0
497 127 0
529 127 0
350 128 0
454 128 0
529 128 0
127 129 0
347 129 0
350 129 0
457 129 0
458 129 0
497 129 0
529 129 0
347 130 0
351 130 0
458 130 0
496 130 0
497 130 0
529 130 0
351 131 0
456 132 0
346 133 0
352 133 0
545 133 0
332 135 0
332 136 0
352 136 0
457 136 0
513 136 0
445 137 0
513 137 0
538 137 0
215 138 0
445 138 0
512 138 0
533 138 0
215 139 0
477 139 0
538 139 0
456 140 0
477 140 0
505 140 0
537 140 0
532 141 0
445 142 0
476 142 0
525 142 0
151 143 0
525 143 0
476 144 0
504 144 0
525 144 0
536 144 0
226 145 0
536 145 0
315 146 0
494 146 0
315 147 0
147 148 0
519 148 0
509 149 0
519 149 0
529 149 0
535 149 0
147 150 0
294 150 0
384 150 0
453 150 0
509 150 0
519 150 0
535 150 0
294 151 0
509 151 0
519 151 0
535 151 0
537 151 0
509 152 0
519 152 0
446 153 0
446 154 0
509 154 0
385 155 0
446 155 0
511 155 0
238 156 0
385 156 0
446 156 0
570 156 0
385 157 0
462 157 0
501 157 0
570 157 0
385 158 0
508 158 0
355 159 0
470 159 0
471 159 0
501 159 0
238 160 0
238 161 0
481 167 0
481 168 0
238 170 0
481 170 0
238 171 0
481 171 0
481 172 0
481 173 0
286 176 0
313 180 0
158 181 0
349 182 0
349 183 0
238 184 0
320 184 0
349 184 0
322 186 0
324 188 0
332 188 0
340 188 0
356 188 0
365 188 0
237 189 0
238 189 0
259 189 0
325 189 0
340 189 0
356 189 0
325 190 0
331 190 0
332 190 0
340 190 0
356 190 0
356 191 0
366 191 0
331 192 0
356 192 0
275 193 0
331 193 0
340 193 0
356 193 0
365 193 0
366 193 0
238 194 0
331 194 0
340 194 0
356 194 0
365 194 0
366 194 0
356 195 0
365 195 0
366 195 0
356 196 0
365 196 0
146 197 0
333 197 0
356 197 0
365 197 0
272 198 0
331 198 0
356 198 0
365 198 0
366 198 0
2 199 0
356 199 0
365 199 0
366 199 0
2 200 0
356 200 0
365 200 0
366 200 0
330 201 0
356 201 0
366 201 0
356 202 0
357 202 0
366 202 0
293 203 0
356 203 0
357 203 0
356 204 0
356 205 0
238 206 0
356 206 0
356 207 0
356 208 0
293 209 0
356 209 0
376 209 0
293 210 0
376 210 0
293 211 0
355 211 0
293 212 0
365 212 0
271 213 0
293 213 0
253 214 0
256 215 0
255 216 0
293 216 0
255 218 0
343 223 0
287 224 0
300 231 0
241 235 0
527 235 0
276 236 0
277 236 0
281 237 0
280 238 0
281 238 0
324 238 0
325 238 0
130 239 0
131 239 0
131 240 0
131 241 0
249 243 0
272 244 0
219 245 0
272 247 0
120 249 0
62 250 0
119 250 0
282 255 0
282 257 0
290 257 0
282 258 0
248 261 0
247 262 0
323 271 0
240 278 0
347 279 0
290 282 0
237 284 0
138 292 0
162 292 0
271 292 0
281 292 0
279 293 0
284 294 0
273 295 0
274 295 0
283 295 0
267 296 0
272 296 0
273 296 0
274 296 0
290 297 0
268 300 0
264 303 0
267 306 0
222 308 0
89 309 0
222 309 0
265 310 0
267 313 0
279 313 0
436 313 0
276 314 0
277 314 0
279 314 0
333 314 0
276 315 0
269 316 0
331 317 0
256 326 0
442 326 0
443 326 0
256 327 0
444 330 0
303 339 0
449 339 0
305 342 0
110 343 0
310 350 0
311 352 0
236 355 0
315 359 0
316 360 0
322 371 0
325 376 0
340 377 0
328 381 0
329 382 0
329 383 0
331 386 0
623 388 0
424 389 0
24 393 0
141 393 0
303 399 0
150 403 0
345 414 0
438 420 0
316 429 0
242 433 0
241 442 0
2 374 1
