186 3 0
290 3 0
202 4 0
184 5 0
197 5 0
207 5 0
196 6 0
206 6 0
210 7 0
207 8 0
209 8 0
148 126 0
150 126 0
144 127 0
145 127 0
146 127 0
147 127 0
148 127 0
149 127 0
150 127 0
151 127 0
152 127 0
153 127 0
154 127 0
155 127 0
156 127 0
162 127 0
163 127 0
164 127 0
165 127 0
166 127 0
167 127 0
168 127 0
169 127 0
143 128 0
144 128 0
145 128 0
146 128 0
147 128 0
148 128 0
149 128 0
150 128 0
151 128 0
152 128 0
153 128 0
154 128 0
155 128 0
156 128 0
157 128 0
161 128 0
162 128 0
163 128 0
164 128 0
165 128 0
166 128 0
167 128 0
168 128 0
169 128 0
170 128 0
171 128 0
172 128 0
143 129 0
144 129 0
146 129 0
148 129 0
151 129 0
161 129 0
162 129 0
163 129 0
164 129 0
165 129 0
166 129 0
167 129 0
168 129 0
169 129 0
170 129 0
171 129 0
172 129 0
173 129 0
184 129 0
185 129 0
186 129 0
187 129 0
188 129 0
189 129 0
190 129 0
163 130 0
165 130 0
166 130 0
167 130 0
168 130 0
169 130 0
170 130 0
171 130 0
172 130 0
175 130 0
182 130 0
183 130 0
184 130 0
185 130 0
186 130 0
187 130 0
188 130 0
189 130 0
190 130 0
169 131 0
172 131 0
173 131 0
182 131 0
183 131 0
184 131 0
185 131 0
186 131 0
187 131 0
188 131 0
189 131 0
190 131 0
184 132 0
185 132 0
186 132 0
187 132 0
188 132 0
189 132 0
190 132 0
148 133 0
152 133 0
185 133 0
187 133 0
192 133 0
146 134 0
149 134 0
150 134 0
151 134 0
155 134 0
157 134 0
147 135 0
148 135 0
151 135 0
152 135 0
154 135 0
156 135 0
157 135 0
158 135 0
160 135 0
162 135 0
150 136 0
153 136 0
154 136 0
155 136 0
156 136 0
157 136 0
158 136 0
159 136 0
160 136 0
161 136 0
162 136 0
155 137 0
156 137 0
157 137 0
158 137 0
159 137 0
160 137 0
161 137 0
162 137 0
163 137 0
164 137 0
165 137 0
166 137 0
167 137 0
168 137 0
169 137 0
156 138 0
157 138 0
158 138 0
159 138 0
160 138 0
161 138 0
162 138 0
163 138 0
164 138 0
165 138 0
166 138 0
167 138 0
168 138 0
169 138 0
170 138 0
171 138 0
172 138 0
173 138 0
174 138 0
149 139 0
150 139 0
159 139 0
160 139 0
161 139 0
162 139 0
163 139 0
164 139 0
165 139 0
166 139 0
167 139 0
168 139 0
169 139 0
170 139 0
171 139 0
172 139 0
173 139 0
174 139 0
175 139 0
162 140 0
164 140 0
165 140 0
166 140 0
167 140 0
168 140 0
169 140 0
170 140 0
171 140 0
172 140 0
173 140 0
174 140 0
175 140 0
177 140 0
178 140 0
165 141 0
166 141 0
167 141 0
170 141 0
171 141 0
172 141 0
173 141 0
174 141 0
175 141 0
176 141 0
169 142 0
174 142 0
175 142 0
176 142 0
162 143 0
163 143 0
164 143 0
165 143 0
166 143 0
168 143 0
146 144 0
147 144 0
148 144 0
149 144 0
150 144 0
151 144 0
152 144 0
153 144 0
154 144 0
155 144 0
156 144 0
157 144 0
158 144 0
159 144 0
160 144 0
161 144 0
162 144 0
163 144 0
164 144 0
165 144 0
166 144 0
167 144 0
168 144 0
169 144 0
170 144 0
171 144 0
172 144 0
173 144 0
174 144 0
175 144 0
176 144 0
144 145 0
145 145 0
146 145 0
147 145 0
148 145 0
149 145 0
150 145 0
151 145 0
152 145 0
153 145 0
154 145 0
155 145 0
156 145 0
157 145 0
158 145 0
159 145 0
160 145 0
161 145 0
162 145 0
163 145 0
164 145 0
165 145 0
166 145 0
167 145 0
168 145 0
169 145 0
170 145 0
171 145 0
172 145 0
173 145 0
174 145 0
175 145 0
176 145 0
140 146 0
141 146 0
142 146 0
143 146 0
144 146 0
145 146 0
146 146 0
147 146 0
148 146 0
149 146 0
150 146 0
151 146 0
152 146 0
153 146 0
154 146 0
155 146 0
156 146 0
157 146 0
158 146 0
159 146 0
160 146 0
161 146 0
162 146 0
163 146 0
164 146 0
165 146 0
166 146 0
167 146 0
168 146 0
169 146 0
170 146 0
171 146 0
172 146 0
173 146 0
174 146 0
175 146 0
176 146 0
138 147 0
139 147 0
140 147 0
141 147 0
142 147 0
143 147 0
144 147 0
145 147 0
146 147 0
147 147 0
148 147 0
149 147 0
150 147 0
151 147 0
152 147 0
153 147 0
154 147 0
155 147 0
156 147 0
157 147 0
159 147 0
160 147 0
161 147 0
163 147 0
164 147 0
165 147 0
167 147 0
172 147 0
173 147 0
174 147 0
176 147 0
137 148 0
138 148 0
139 148 0
140 148 0
141 148 0
142 148 0
144 148 0
154 148 0
137 149 0
138 149 0
140 149 0
138 150 0
150 152 0
174 152 0
138 153 0
139 153 0
140 153 0
141 153 0
142 153 0
143 153 0
144 153 0
145 153 0
146 153 0
147 153 0
148 153 0
149 153 0
150 153 0
151 153 0
152 153 0
153 153 0
154 153 0
155 153 0
156 153 0
157 153 0
158 153 0
159 153 0
160 153 0
161 153 0
162 153 0
163 153 0
164 153 0
165 153 0
166 153 0
167 153 0
168 153 0
169 153 0
171 153 0
172 153 0
173 153 0
174 153 0
175 153 0
176 153 0
137 154 0
138 154 0
139 154 0
140 154 0
141 154 0
142 154 0
143 154 0
144 154 0
145 154 0
146 154 0
147 154 0
148 154 0
149 154 0
150 154 0
151 154 0
152 154 0
153 154 0
154 154 0
155 154 0
156 154 0
157 154 0
158 154 0
159 154 0
160 154 0
161 154 0
162 154 0
163 154 0
164 154 0
165 154 0
167 154 0
168 154 0
138 155 0
139 155 0
140 155 0
141 155 0
142 155 0
143 155 0
144 155 0
145 155 0
149 155 0
138 156 0
140 156 0
141 156 0
142 156 0
150 156 0
162 156 0
168 156 0
169 156 0
170 156 0
171 156 0
172 156 0
173 156 0
174 156 0
175 156 0
176 156 0
140 157 0
149 157 0
150 157 0
151 157 0
152 157 0
153 157 0
154 157 0
155 157 0
156 157 0
157 157 0
158 157 0
159 157 0
160 157 0
161 157 0
162 157 0
163 157 0
164 157 0
165 157 0
166 157 0
167 157 0
168 157 0
171 157 0
172 157 0
173 157 0
146 158 0
147 158 0
148 158 0
149 158 0
152 158 0
153 158 0
154 158 0
155 158 0
156 158 0
156 159 0
174 162 0
175 162 0
146 163 0
147 163 0
148 163 0
150 163 0
151 163 0
152 163 0
153 163 0
154 163 0
155 163 0
156 163 0
160 163 0
161 163 0
162 163 0
164 163 0
165 163 0
166 163 0
168 163 0
169 163 0
170 163 0
171 163 0
172 163 0
173 163 0
174 163 0
175 163 0
176 163 0
177 163 0
178 163 0
179 163 0
180 163 0
152 164 0
153 164 0
154 164 0
158 164 0
168 164 0
169 164 0
170 164 0
171 164 0
172 164 0
173 164 0
174 164 0
175 164 0
176 164 0
177 164 0
178 164 0
151 165 0
169 165 0
170 165 0
171 165 0
172 165 0
173 165 0
174 165 0
175 165 0
176 165 0
177 165 0
163 166 0
164 166 0
165 166 0
170 166 0
171 166 0
172 166 0
173 166 0
174 166 0
175 166 0
158 167 0
161 167 0
163 167 0
164 167 0
166 167 0
170 167 0
171 167 0
156 168 0
157 168 0
158 168 0
159 168 0
161 168 0
165 168 0
171 168 0
172 168 0
178 168 0
181 168 0
160 169 0
164 169 0
176 169 0
177 169 0
178 169 0
222 169 0
223 169 0
154 170 0
229 170 0
207 171 0
226 171 0
227 171 0
229 171 0
173 172 0
174 172 0
175 172 0
176 172 0
193 172 0
200 172 0
201 172 0
202 172 0
203 172 0
208 172 0
209 172 0
212 172 0
214 172 0
215 172 0
216 172 0
217 172 0
226 172 0
170 173 0
171 173 0
172 173 0
173 173 0
174 173 0
175 173 0
192 173 0
197 173 0
201 173 0
202 173 0
203 173 0
204 173 0
208 173 0
212 173 0
213 173 0
167 174 0
168 174 0
169 174 0
170 174 0
171 174 0
172 174 0
173 174 0
174 174 0
186 174 0
187 174 0
188 174 0
189 174 0
190 174 0
191 174 0
192 174 0
196 174 0
197 174 0
198 174 0
207 174 0
163 175 0
164 175 0
165 175 0
166 175 0
167 175 0
168 175 0
169 175 0
170 175 0
171 175 0
172 175 0
173 175 0
185 175 0
186 175 0
188 175 0
189 175 0
190 175 0
192 175 0
193 175 0
194 175 0
222 175 0
224 175 0
161 176 0
162 176 0
163 176 0
164 176 0
165 176 0
166 176 0
167 176 0
168 176 0
169 176 0
170 176 0
171 176 0
181 176 0
182 176 0
183 176 0
184 176 0
185 176 0
186 176 0
187 176 0
189 176 0
190 176 0
221 176 0
160 177 0
161 177 0
162 177 0
163 177 0
164 177 0
165 177 0
166 177 0
167 177 0
168 177 0
169 177 0
179 177 0
181 177 0
182 177 0
183 177 0
184 177 0
185 177 0
186 177 0
187 177 0
202 177 0
206 177 0
207 177 0
210 177 0
213 177 0
217 177 0
218 177 0
219 177 0
220 177 0
221 177 0
222 177 0
159 178 0
160 178 0
161 178 0
162 178 0
163 178 0
164 178 0
165 178 0
166 178 0
167 178 0
176 178 0
177 178 0
178 178 0
179 178 0
180 178 0
181 178 0
182 178 0
183 178 0
184 178 0
185 178 0
198 178 0
199 178 0
200 178 0
201 178 0
203 178 0
204 178 0
208 178 0
209 178 0
210 178 0
213 178 0
216 178 0
223 178 0
224 178 0
158 179 0
159 179 0
160 179 0
161 179 0
162 179 0
173 179 0
174 179 0
176 179 0
177 179 0
178 179 0
179 179 0
180 179 0
181 179 0
182 179 0
197 179 0
201 179 0
202 179 0
204 179 0
211 179 0
212 179 0
160 180 0
172 180 0
173 180 0
174 180 0
175 180 0
176 180 0
177 180 0
178 180 0
179 180 0
192 180 0
193 180 0
194 180 0
208 180 0
211 180 0
221 180 0
231 180 0
169 181 0
170 181 0
171 181 0
172 181 0
173 181 0
174 181 0
175 181 0
176 181 0
177 181 0
179 181 0
187 181 0
193 181 0
195 181 0
197 181 0
198 181 0
203 181 0
215 181 0
236 181 0
165 182 0
166 182 0
167 182 0
168 182 0
169 182 0
170 182 0
171 182 0
172 182 0
173 182 0
174 182 0
175 182 0
176 182 0
177 182 0
163 183 0
164 183 0
165 183 0
166 183 0
167 183 0
168 183 0
169 183 0
170 183 0
171 183 0
172 183 0
173 183 0
174 183 0
163 184 0
164 184 0
165 184 0
166 184 0
167 184 0
168 184 0
169 184 0
170 184 0
186 184 0
219 184 0
165 185 0
166 185 0
201 186 0
194 193 0
179 6 1
311 6 1
171 8 1
191 8 1
172 9 1
173 9 1
172 10 1
173 10 1
174 10 1
175 10 1
176 10 1
174 11 1
175 11 1
176 11 1
177 11 1
178 11 1
179 11 1
180 11 1
181 11 1
182 11 1
214 11 1
216 11 1
176 12 1
177 12 1
178 12 1
179 12 1
180 12 1
181 12 1
182 12 1
183 12 1
184 12 1
185 12 1
186 12 1
181 13 1
182 13 1
183 13 1
184 13 1
185 13 1
186 13 1
187 13 1
188 13 1
189 13 1
190 13 1
193 13 1
187 14 1
188 14 1
189 14 1
190 14 1
191 14 1
192 14 1
193 14 1
194 14 1
195 14 1
196 14 1
197 14 1
198 14 1
199 14 1
200 14 1
323 14 1
191 15 1
192 15 1
193 15 1
194 15 1
195 15 1
196 15 1
197 15 1
198 15 1
199 15 1
200 15 1
201 15 1
202 15 1
213 15 1
216 15 1
196 16 1
197 16 1
198 16 1
199 16 1
200 16 1
201 16 1
202 16 1
203 16 1
204 16 1
205 16 1
206 16 1
207 16 1
208 16 1
209 16 1
212 16 1
213 16 1
214 16 1
217 16 1
328 16 1
204 17 1
206 17 1
207 17 1
208 17 1
209 17 1
210 17 1
212 17 1
213 17 1
214 17 1
215 17 1
216 17 1
330 17 1
331 17 1
216 18 1
217 18 1
330 18 1
333 18 1
334 19 1
335 20 1
218 21 1
337 21 1
337 22 1
338 22 1
339 22 1
340 22 1
211 23 1
212 23 1
213 23 1
214 23 1
340 23 1
341 23 1
211 24 1
212 24 1
213 24 1
214 24 1
340 24 1
343 24 1
343 25 1
251 27 1
194 28 1
195 28 1
196 28 1
242 28 1
263 28 1
216 29 1
217 29 1
263 29 1
267 29 1
268 29 1
229 30 1
263 30 1
267 30 1
268 30 1
269 30 1
218 31 1
220 31 1
221 31 1
225 31 1
226 31 1
228 31 1
266 31 1
267 31 1
200 32 1
205 32 1
207 32 1
208 32 1
209 32 1
212 32 1
213 32 1
215 32 1
216 32 1
218 32 1
219 32 1
220 32 1
221 32 1
263 32 1
266 32 1
267 32 1
268 32 1
190 33 1
196 33 1
197 33 1
201 33 1
206 33 1
207 33 1
208 33 1
209 33 1
210 33 1
211 33 1
212 33 1
213 33 1
214 33 1
215 33 1
216 33 1
217 33 1
218 33 1
220 33 1
221 33 1
222 33 1
223 33 1
224 33 1
264 33 1
266 33 1
267 33 1
268 33 1
198 34 1
205 34 1
207 34 1
209 34 1
211 34 1
212 34 1
213 34 1
214 34 1
215 34 1
216 34 1
217 34 1
222 34 1
224 34 1
263 34 1
266 34 1
267 34 1
268 34 1
269 34 1
270 34 1
198 35 1
199 35 1
200 35 1
201 35 1
202 35 1
208 35 1
209 35 1
210 35 1
211 35 1
212 35 1
213 35 1
214 35 1
215 35 1
216 35 1
218 35 1
220 35 1
221 35 1
228 35 1
267 35 1
268 35 1
269 35 1
270 35 1
271 35 1
198 36 1
199 36 1
200 36 1
201 36 1
202 36 1
203 36 1
204 36 1
205 36 1
206 36 1
207 36 1
208 36 1
211 36 1
212 36 1
225 36 1
226 36 1
227 36 1
228 36 1
229 36 1
230 36 1
231 36 1
232 36 1
233 36 1
235 36 1
268 36 1
269 36 1
270 36 1
271 36 1
272 36 1
273 36 1
184 37 1
185 37 1
186 37 1
187 37 1
198 37 1
199 37 1
200 37 1
201 37 1
202 37 1
204 37 1
205 37 1
228 37 1
229 37 1
230 37 1
231 37 1
232 37 1
233 37 1
234 37 1
235 37 1
236 37 1
237 37 1
238 37 1
241 37 1
242 37 1
268 37 1
269 37 1
270 37 1
271 37 1
272 37 1
273 37 1
274 37 1
185 38 1
186 38 1
187 38 1
188 38 1
189 38 1
190 38 1
191 38 1
192 38 1
198 38 1
199 38 1
200 38 1
201 38 1
202 38 1
232 38 1
233 38 1
234 38 1
235 38 1
236 38 1
237 38 1
238 38 1
239 38 1
240 38 1
241 38 1
242 38 1
243 38 1
265 38 1
269 38 1
270 38 1
271 38 1
272 38 1
273 38 1
187 39 1
188 39 1
189 39 1
190 39 1
191 39 1
192 39 1
240 39 1
241 39 1
242 39 1
243 39 1
244 39 1
245 39 1
246 39 1
253 39 1
271 39 1
273 39 1
274 39 1
275 40 1
277 40 1
273 41 1
274 41 1
274 42 1
275 42 1
274 43 1
275 43 1
276 43 1
278 43 1
281 43 1
274 44 1
275 44 1
276 44 1
277 44 1
275 45 1
276 45 1
277 45 1
278 45 1
275 46 1
276 46 1
277 46 1
278 46 1
279 46 1
276 47 1
277 47 1
278 47 1
279 47 1
280 47 1
282 47 1
277 48 1
278 48 1
279 48 1
280 48 1
278 49 1
279 49 1
280 49 1
281 49 1
280 50 1
281 50 1
288 50 1
288 52 1
287 57 1
288 57 1
288 58 1
289 59 1
291 59 1
291 62 1
292 62 1
293 62 1
292 63 1
293 64 1
294 65 1
295 65 1
298 69 1
299 69 1
300 69 1
300 70 1
302 70 1
301 71 1
302 71 1
303 73 1
303 74 1
304 74 1
305 75 1
306 75 1
307 76 1
308 77 1
308 78 1
309 78 1
309 79 1
311 81 1
316 84 1
317 87 1
318 88 1
319 89 1
320 89 1
323 89 1
322 93 1
323 93 1
324 94 1
327 97 1
329 97 1
328 98 1
332 99 1
333 100 1
333 101 1
334 101 1
334 103 1
335 103 1
340 106 1
341 106 1
342 106 1
343 108 1
343 38 2
344 38 2
343 39 2
187 94 2
189 95 2
189 96 2
190 96 2
190 97 2
191 97 2
191 98 2
192 98 2
191 99 2
192 99 2
193 99 2
193 100 2
193 101 2
195 101 2
194 102 2
195 102 2
195 103 2
197 104 2
198 104 2
196 105 2
197 105 2
198 105 2
185 106 2
186 106 2
188 106 2
196 106 2
197 106 2
198 106 2
199 106 2
200 106 2
185 107 2
186 107 2
198 107 2
199 107 2
200 107 2
201 107 2
186 108 2
187 108 2
199 108 2
200 108 2
201 108 2
186 109 2
187 109 2
188 109 2
199 109 2
200 109 2
187 110 2
188 111 2
189 111 2
189 112 2
190 113 2
191 114 2
192 114 2
191 115 2
192 115 2
193 116 2
194 117 2
192 120 2
196 120 2
223 124 2
223 129 2
233 135 2
232 136 2
233 136 2
234 136 2
235 136 2
236 136 2
237 136 2
238 136 2
235 137 2
236 137 2
239 137 2
240 137 2
241 137 2
242 137 2
243 137 2
244 137 2
245 137 2
246 137 2
247 137 2
248 137 2
249 137 2
250 137 2
251 137 2
242 138 2
243 138 2
245 138 2
246 138 2
247 138 2
248 138 2
249 138 2
250 138 2
251 138 2
252 138 2
253 138 2
254 138 2
255 138 2
256 138 2
257 138 2
258 138 2
259 138 2
243 139 2
247 139 2
251 139 2
252 139 2
253 139 2
254 139 2
255 139 2
256 139 2
257 139 2
258 139 2
259 139 2
260 139 2
261 139 2
262 139 2
263 139 2
264 139 2
265 139 2
318 139 2
256 140 2
259 140 2
260 140 2
261 140 2
262 140 2
263 140 2
264 140 2
265 140 2
266 140 2
267 140 2
268 140 2
269 140 2
270 140 2
271 140 2
305 140 2
307 140 2
310 140 2
312 140 2
319 140 2
341 140 2
264 141 2
268 141 2
269 141 2
270 141 2
271 141 2
272 141 2
273 141 2
274 141 2
275 141 2
276 141 2
277 141 2
278 141 2
279 141 2
280 141 2
281 141 2
282 141 2
284 141 2
287 141 2
289 141 2
293 141 2
294 141 2
295 141 2
296 141 2
297 141 2
298 141 2
299 141 2
303 141 2
305 141 2
308 141 2
309 141 2
311 141 2
268 142 2
272 142 2
273 142 2
274 142 2
275 142 2
277 142 2
278 142 2
279 142 2
280 142 2
281 142 2
282 142 2
283 142 2
284 142 2
285 142 2
286 142 2
287 142 2
288 142 2
289 142 2
290 142 2
293 142 2
294 142 2
295 142 2
298 142 2
299 142 2
300 142 2
303 142 2
274 143 2
279 143 2
280 143 2
282 143 2
284 143 2
287 143 2
294 143 2
232 167 2
235 167 2
237 167 2
230 168 2
232 168 2
233 168 2
234 168 2
235 168 2
237 168 2
238 168 2
241 168 2
231 169 2
234 169 2
235 169 2
236 169 2
237 169 2
238 169 2
239 169 2
240 169 2
241 169 2
242 169 2
248 169 2
233 170 2
238 170 2
240 170 2
241 170 2
242 170 2
243 170 2
244 170 2
245 170 2
251 170 2
238 171 2
241 171 2
243 171 2
244 171 2
245 171 2
246 171 2
247 171 2
248 171 2
249 171 2
242 172 2
246 172 2
248 172 2
249 172 2
250 172 2
251 172 2
252 172 2
247 173 2
248 173 2
251 173 2
252 173 2
253 173 2
254 173 2
248 174 2
249 174 2
251 174 2
254 174 2
255 174 2
256 174 2
257 174 2
252 175 2
256 175 2
258 175 2
260 175 2
258 176 2
259 176 2
260 176 2
264 176 2
276 176 2
262 177 2
264 177 2
265 177 2
265 178 2
266 178 2
269 178 2
271 178 2
269 179 2
270 179 2
274 179 2
274 180 2
281 180 2
279 181 2
287 182 2
287 183 2
288 183 2
289 184 2
295 184 2
297 185 2
301 185 2
300 186 2
333 187 2
