192 88 0
193 88 0
191 89 0
193 89 0
194 89 0
195 90 0
195 91 0
195 92 0
196 92 0
197 92 0
197 93 0
198 93 0
197 94 0
198 94 0
199 94 0
199 95 0
200 95 0
188 96 0
198 96 0
199 96 0
200 96 0
201 96 0
199 97 0
200 97 0
201 97 0
202 97 0
189 98 0
202 98 0
189 99 0
189 100 0
203 100 0
189 101 0
190 101 0
203 101 0
204 101 0
191 102 0
203 102 0
204 102 0
205 102 0
206 102 0
191 103 0
203 103 0
204 103 0
205 103 0
206 103 0
207 103 0
191 104 0
192 104 0
204 104 0
205 104 0
206 104 0
207 104 0
208 104 0
192 105 0
193 105 0
204 105 0
206 105 0
207 105 0
208 105 0
209 105 0
193 106 0
206 106 0
207 106 0
208 106 0
209 106 0
210 106 0
211 106 0
206 107 0
208 107 0
209 107 0
210 107 0
211 107 0
212 107 0
193 108 0
208 108 0
209 108 0
210 108 0
211 108 0
212 108 0
213 108 0
195 109 0
196 109 0
197 109 0
210 109 0
211 109 0
212 109 0
213 109 0
195 110 0
196 110 0
197 110 0
211 110 0
212 110 0
213 110 0
196 111 0
197 111 0
198 111 0
197 112 0
198 112 0
198 113 0
146 117 0
147 117 0
148 117 0
150 117 0
151 117 0
152 117 0
153 117 0
154 117 0
155 117 0
156 117 0
157 117 0
158 117 0
159 117 0
160 117 0
144 118 0
145 118 0
146 118 0
147 118 0
148 118 0
149 118 0
150 118 0
151 118 0
152 118 0
153 118 0
154 118 0
155 118 0
156 118 0
157 118 0
158 118 0
159 118 0
160 118 0
161 118 0
162 118 0
163 118 0
164 118 0
165 118 0
166 118 0
167 118 0
143 119 0
144 119 0
145 119 0
146 119 0
147 119 0
148 119 0
150 119 0
151 119 0
152 119 0
153 119 0
154 119 0
155 119 0
156 119 0
157 119 0
158 119 0
159 119 0
160 119 0
161 119 0
162 119 0
163 119 0
164 119 0
165 119 0
166 119 0
167 119 0
158 120 0
159 120 0
160 120 0
161 120 0
162 120 0
163 120 0
164 120 0
165 120 0
166 120 0
167 120 0
156 121 0
158 121 0
166 121 0
172 121 0
187 121 0
188 121 0
190 121 0
191 121 0
177 122 0
178 122 0
186 122 0
187 122 0
188 122 0
189 122 0
190 122 0
191 122 0
192 122 0
193 122 0
185 123 0
186 123 0
187 123 0
188 123 0
189 123 0
190 123 0
191 123 0
192 123 0
193 123 0
143 124 0
144 124 0
145 124 0
147 124 0
148 124 0
149 124 0
152 124 0
185 124 0
186 124 0
187 124 0
188 124 0
189 124 0
190 124 0
191 124 0
192 124 0
143 125 0
144 125 0
145 125 0
146 125 0
147 125 0
148 125 0
149 125 0
150 125 0
151 125 0
152 125 0
153 125 0
154 125 0
157 125 0
144 126 0
145 126 0
146 126 0
147 126 0
148 126 0
149 126 0
150 126 0
151 126 0
152 126 0
153 126 0
154 126 0
155 126 0
156 126 0
158 126 0
159 126 0
161 126 0
187 126 0
144 127 0
146 127 0
147 127 0
148 127 0
149 127 0
150 127 0
151 127 0
152 127 0
153 127 0
154 127 0
155 127 0
158 127 0
160 127 0
161 127 0
162 127 0
163 127 0
164 127 0
155 128 0
156 128 0
159 128 0
160 128 0
161 128 0
162 128 0
163 128 0
164 128 0
165 128 0
166 128 0
167 128 0
161 129 0
162 129 0
163 129 0
164 129 0
165 129 0
166 129 0
167 129 0
168 129 0
169 129 0
170 129 0
171 129 0
172 129 0
160 130 0
161 130 0
162 130 0
163 130 0
164 130 0
165 130 0
166 130 0
167 130 0
168 130 0
169 130 0
170 130 0
171 130 0
172 130 0
175 130 0
151 131 0
157 131 0
165 131 0
166 131 0
167 131 0
168 131 0
169 131 0
170 131 0
171 131 0
172 131 0
174 131 0
175 131 0
176 131 0
152 132 0
153 132 0
156 132 0
157 132 0
165 132 0
168 132 0
169 132 0
171 132 0
176 132 0
177 132 0
175 133 0
176 133 0
177 133 0
156 135 0
157 135 0
158 135 0
159 135 0
160 135 0
161 135 0
162 135 0
163 135 0
164 135 0
165 135 0
166 135 0
167 135 0
168 135 0
169 135 0
170 135 0
140 136 0
141 136 0
142 136 0
145 136 0
146 136 0
156 136 0
157 136 0
158 136 0
159 136 0
160 136 0
161 136 0
162 136 0
163 136 0
164 136 0
165 136 0
166 136 0
167 136 0
168 136 0
169 136 0
170 136 0
175 136 0
140 137 0
141 137 0
142 137 0
143 137 0
155 137 0
156 137 0
157 137 0
158 137 0
159 137 0
160 137 0
161 137 0
162 137 0
163 137 0
164 137 0
165 137 0
166 137 0
167 137 0
168 137 0
169 137 0
170 137 0
171 137 0
139 138 0
155 138 0
163 138 0
164 138 0
165 138 0
166 138 0
174 138 0
175 138 0
145 142 0
143 143 0
144 143 0
145 143 0
146 143 0
147 143 0
148 143 0
149 143 0
151 143 0
155 143 0
157 143 0
144 144 0
145 144 0
146 144 0
147 144 0
148 144 0
149 144 0
150 144 0
151 144 0
152 144 0
153 144 0
154 144 0
155 144 0
156 144 0
157 144 0
158 144 0
159 144 0
160 144 0
161 144 0
162 144 0
163 144 0
164 144 0
165 144 0
166 144 0
168 144 0
169 144 0
170 144 0
171 144 0
172 144 0
174 144 0
175 144 0
140 145 0
141 145 0
143 145 0
144 145 0
145 145 0
146 145 0
147 145 0
148 145 0
149 145 0
150 145 0
151 145 0
152 145 0
153 145 0
154 145 0
155 145 0
156 145 0
157 145 0
158 145 0
159 145 0
160 145 0
161 145 0
162 145 0
163 145 0
164 145 0
165 145 0
166 145 0
173 145 0
142 146 0
143 146 0
144 146 0
145 146 0
140 147 0
143 147 0
146 147 0
147 147 0
148 147 0
149 147 0
150 147 0
151 147 0
152 147 0
153 147 0
154 147 0
155 147 0
156 147 0
157 147 0
158 147 0
159 147 0
160 147 0
161 147 0
162 147 0
163 147 0
168 147 0
170 147 0
171 147 0
172 147 0
173 147 0
174 147 0
175 147 0
144 148 0
146 148 0
147 148 0
148 148 0
149 148 0
150 148 0
151 148 0
152 148 0
153 148 0
154 148 0
155 148 0
156 148 0
157 148 0
158 148 0
159 148 0
160 148 0
161 148 0
162 148 0
163 148 0
164 148 0
165 148 0
166 148 0
167 148 0
168 148 0
169 148 0
170 148 0
171 148 0
173 148 0
174 148 0
175 148 0
190 148 0
145 149 0
146 149 0
147 149 0
148 149 0
150 149 0
152 149 0
153 149 0
154 149 0
155 149 0
156 149 0
159 149 0
160 149 0
161 149 0
162 149 0
164 149 0
165 149 0
175 149 0
162 150 0
145 153 0
147 153 0
148 153 0
160 153 0
145 154 0
146 154 0
147 154 0
148 154 0
149 154 0
150 154 0
151 154 0
152 154 0
153 154 0
154 154 0
155 154 0
156 154 0
157 154 0
160 154 0
161 154 0
167 154 0
168 154 0
169 154 0
170 154 0
173 154 0
174 154 0
175 154 0
177 154 0
178 154 0
146 155 0
147 155 0
148 155 0
149 155 0
151 155 0
152 155 0
153 155 0
154 155 0
156 155 0
157 155 0
158 155 0
160 155 0
161 155 0
162 155 0
169 155 0
170 155 0
171 155 0
172 155 0
173 155 0
174 155 0
175 155 0
176 155 0
177 155 0
178 155 0
147 156 0
148 156 0
154 156 0
155 156 0
170 156 0
171 156 0
172 156 0
173 156 0
174 156 0
175 156 0
176 156 0
177 156 0
178 156 0
179 156 0
152 157 0
159 157 0
163 157 0
164 157 0
165 157 0
166 157 0
171 157 0
172 157 0
173 157 0
174 157 0
175 157 0
176 157 0
177 157 0
150 158 0
151 158 0
160 158 0
162 158 0
163 158 0
164 158 0
165 158 0
166 158 0
167 158 0
168 158 0
172 158 0
173 158 0
174 158 0
175 158 0
153 159 0
154 159 0
155 159 0
157 159 0
160 159 0
161 159 0
163 159 0
164 159 0
166 159 0
167 159 0
168 159 0
167 160 0
168 160 0
156 161 0
164 161 0
165 161 0
160 162 0
165 162 0
174 162 0
175 162 0
176 162 0
171 163 0
172 163 0
173 163 0
174 163 0
175 163 0
176 163 0
177 163 0
169 164 0
170 164 0
171 164 0
172 164 0
173 164 0
174 164 0
175 164 0
195 164 0
197 164 0
198 164 0
169 165 0
170 165 0
171 165 0
172 165 0
173 165 0
174 165 0
175 165 0
190 165 0
192 165 0
193 165 0
194 165 0
195 165 0
196 165 0
197 165 0
198 165 0
199 165 0
167 166 0
168 166 0
169 166 0
170 166 0
171 166 0
172 166 0
173 166 0
185 166 0
186 166 0
190 166 0
191 166 0
192 166 0
195 166 0
196 166 0
197 166 0
198 166 0
199 166 0
200 166 0
168 167 0
169 167 0
170 167 0
182 167 0
183 167 0
184 167 0
185 167 0
186 167 0
187 167 0
192 167 0
193 167 0
194 167 0
166 168 0
167 168 0
170 168 0
178 168 0
179 168 0
180 168 0
182 168 0
189 168 0
177 169 0
178 169 0
179 169 0
180 169 0
181 169 0
177 170 0
178 170 0
194 170 0
171 171 0
172 171 0
173 171 0
174 171 0
175 171 0
176 171 0
177 171 0
188 171 0
189 171 0
190 171 0
191 171 0
192 171 0
194 171 0
195 171 0
196 171 0
166 172 0
167 172 0
168 172 0
169 172 0
170 172 0
171 172 0
172 172 0
173 172 0
174 172 0
192 172 0
196 172 0
161 173 0
162 173 0
164 173 0
165 173 0
166 173 0
167 173 0
168 173 0
169 173 0
170 173 0
171 173 0
172 173 0
173 173 0
185 173 0
189 173 0
190 173 0
192 173 0
194 173 0
158 174 0
159 174 0
160 174 0
161 174 0
162 174 0
163 174 0
164 174 0
165 174 0
166 174 0
167 174 0
168 174 0
169 174 0
170 174 0
173 174 0
185 174 0
158 175 0
159 175 0
160 175 0
161 175 0
162 175 0
163 175 0
164 175 0
165 175 0
166 175 0
167 175 0
168 175 0
169 175 0
170 175 0
185 175 0
186 175 0
191 175 0
159 176 0
160 176 0
161 176 0
162 176 0
163 176 0
164 176 0
165 176 0
166 176 0
189 176 0
161 177 0
164 177 0
165 177 0
161 179 0
181 180 0
288 68 1
291 71 1
293 71 1
295 71 1
295 73 1
296 73 1
295 74 1
295 75 1
298 76 1
301 79 1
301 80 1
303 80 1
302 81 1
305 81 1
302 82 1
303 82 1
304 82 1
305 82 1
305 83 1
305 85 1
307 87 1
309 87 1
308 88 1
312 90 1
314 91 1
314 92 1
315 93 1
317 95 1
318 95 1
319 96 1
320 96 1
320 97 1
322 97 1
322 98 1
323 98 1
323 99 1
326 99 1
323 100 1
324 100 1
324 101 1
327 101 1
328 103 1
328 104 1
328 105 1
332 105 1
330 106 1
331 106 1
330 107 1
337 110 1
340 112 1
339 113 1
342 113 1
339 114 1
342 115 1
343 115 1
244 131 1
247 132 1
248 132 1
249 132 1
246 133 1
247 133 1
249 133 1
250 133 1
251 133 1
252 133 1
253 133 1
254 133 1
256 133 1
257 133 1
258 133 1
259 133 1
252 134 1
255 134 1
256 134 1
257 134 1
258 134 1
259 134 1
260 134 1
261 134 1
262 134 1
263 134 1
264 134 1
259 135 1
260 135 1
261 135 1
263 135 1
264 135 1
265 135 1
267 135 1
268 135 1
269 135 1
270 135 1
271 135 1
264 136 1
265 136 1
267 136 1
268 136 1
269 136 1
270 136 1
272 136 1
273 136 1
274 136 1
275 136 1
268 137 1
271 137 1
272 137 1
273 137 1
274 137 1
275 137 1
276 137 1
277 137 1
278 137 1
279 137 1
280 137 1
281 137 1
275 138 1
278 138 1
279 138 1
280 138 1
281 138 1
282 138 1
283 138 1
284 138 1
285 138 1
286 138 1
287 138 1
295 138 1
306 138 1
309 138 1
314 138 1
322 138 1
323 138 1
331 138 1
278 139 1
279 139 1
282 139 1
285 139 1
287 139 1
288 139 1
289 139 1
290 139 1
291 139 1
294 139 1
296 139 1
297 139 1
298 139 1
301 139 1
303 139 1
304 139 1
309 139 1
312 139 1
314 139 1
323 139 1
276 140 1
284 140 1
288 140 1
289 140 1
294 140 1
296 140 1
297 140 1
300 140 1
301 140 1
307 140 1
310 140 1
231 160 1
232 160 1
244 160 1
231 161 1
216 162 1
223 162 1
231 162 1
236 162 1
240 162 1
243 162 1
216 163 1
225 163 1
231 163 1
235 163 1
236 163 1
238 163 1
240 163 1
243 163 1
244 163 1
249 163 1
215 164 1
217 164 1
219 164 1
222 164 1
223 164 1
225 164 1
228 164 1
229 164 1
230 164 1
235 164 1
239 164 1
240 164 1
244 164 1
245 164 1
247 164 1
248 164 1
249 164 1
211 165 1
215 165 1
217 165 1
221 165 1
227 165 1
229 165 1
233 165 1
234 165 1
235 165 1
240 165 1
241 165 1
243 165 1
244 165 1
246 165 1
247 165 1
248 165 1
249 165 1
254 165 1
257 165 1
258 165 1
215 166 1
244 166 1
245 166 1
246 166 1
248 166 1
249 166 1
251 166 1
252 166 1
253 166 1
254 166 1
251 167 1
252 167 1
254 167 1
255 167 1
257 167 1
260 167 1
218 168 1
250 168 1
251 168 1
254 168 1
255 168 1
261 168 1
214 169 1
218 169 1
224 169 1
225 169 1
228 169 1
229 169 1
232 169 1
255 169 1
259 169 1
261 169 1
210 170 1
213 170 1
215 170 1
218 170 1
221 170 1
224 170 1
225 170 1
228 170 1
229 170 1
259 170 1
262 170 1
263 170 1
266 170 1
209 171 1
215 171 1
223 171 1
225 171 1
227 171 1
263 171 1
264 171 1
267 171 1
273 171 1
280 171 1
205 172 1
209 172 1
210 172 1
263 172 1
264 172 1
267 172 1
268 172 1
215 173 1
270 173 1
271 173 1
278 173 1
217 174 1
270 174 1
271 174 1
273 174 1
274 174 1
277 174 1
283 174 1
274 175 1
279 175 1
287 175 1
275 176 1
278 176 1
281 176 1
285 176 1
282 177 1
284 177 1
286 177 1
287 177 1
281 178 1
294 179 1
293 180 1
294 180 1
296 180 1
293 181 1
299 181 1
302 182 1
319 183 1
311 184 1
311 185 1
171 1 2
172 1 2
173 1 2
174 1 2
175 1 2
176 1 2
177 1 2
178 1 2
172 2 2
173 2 2
174 2 2
175 2 2
176 2 2
177 2 2
178 2 2
179 2 2
180 2 2
181 2 2
182 2 2
183 2 2
283 2 2
284 2 2
290 2 2
179 3 2
180 3 2
181 3 2
182 3 2
183 3 2
184 3 2
185 3 2
186 3 2
187 3 2
280 3 2
291 3 2
292 3 2
293 3 2
294 3 2
298 3 2
184 4 2
185 4 2
186 4 2
187 4 2
188 4 2
189 4 2
190 4 2
191 4 2
192 4 2
193 4 2
280 4 2
288 4 2
289 4 2
290 4 2
292 4 2
293 4 2
294 4 2
295 4 2
297 4 2
188 5 2
189 5 2
190 5 2
191 5 2
192 5 2
193 5 2
194 5 2
195 5 2
196 5 2
198 5 2
291 5 2
296 5 2
297 5 2
298 5 2
192 6 2
193 6 2
194 6 2
195 6 2
196 6 2
197 6 2
198 6 2
199 6 2
200 6 2
202 6 2
284 6 2
298 6 2
299 6 2
300 6 2
185 7 2
199 7 2
200 7 2
201 7 2
202 7 2
203 7 2
204 7 2
205 7 2
206 7 2
207 7 2
299 7 2
300 7 2
301 7 2
172 8 2
173 8 2
174 8 2
175 8 2
206 8 2
207 8 2
208 8 2
209 8 2
301 8 2
302 8 2
175 9 2
179 9 2
180 9 2
182 9 2
198 9 2
210 9 2
302 9 2
303 9 2
180 10 2
182 10 2
183 10 2
185 10 2
188 10 2
189 10 2
190 10 2
193 10 2
194 10 2
195 10 2
196 10 2
197 10 2
198 10 2
199 10 2
200 10 2
201 10 2
202 10 2
204 10 2
304 10 2
305 10 2
185 11 2
186 11 2
197 11 2
201 11 2
202 11 2
206 11 2
207 11 2
208 11 2
176 12 2
308 13 2
309 13 2
311 13 2
182 14 2
186 14 2
191 14 2
167 16 2
168 16 2
186 16 2
168 17 2
169 17 2
168 18 2
169 18 2
170 18 2
171 18 2
172 18 2
173 18 2
174 18 2
197 18 2
170 19 2
171 19 2
172 19 2
173 19 2
174 19 2
175 19 2
176 19 2
177 19 2
178 19 2
173 20 2
174 20 2
175 20 2
176 20 2
177 20 2
178 20 2
179 20 2
180 20 2
181 20 2
182 20 2
183 20 2
185 20 2
179 21 2
180 21 2
181 21 2
182 21 2
183 21 2
184 21 2
185 21 2
186 21 2
187 21 2
188 21 2
189 21 2
190 21 2
191 21 2
194 21 2
184 22 2
185 22 2
186 22 2
187 22 2
188 22 2
189 22 2
190 22 2
191 22 2
192 22 2
193 22 2
194 22 2
195 22 2
196 22 2
198 22 2
216 22 2
190 23 2
191 23 2
192 23 2
193 23 2
194 23 2
195 23 2
196 23 2
197 23 2
198 23 2
199 23 2
200 23 2
201 23 2
202 23 2
203 23 2
204 23 2
205 23 2
206 23 2
207 23 2
208 23 2
195 24 2
197 24 2
198 24 2
199 24 2
200 24 2
201 24 2
202 24 2
203 24 2
204 24 2
205 24 2
206 24 2
207 24 2
208 24 2
209 24 2
210 24 2
211 24 2
212 24 2
210 25 2
211 25 2
213 25 2
267 28 2
213 29 2
214 29 2
211 30 2
208 31 2
209 31 2
211 31 2
204 32 2
205 32 2
206 32 2
210 32 2
251 32 2
254 32 2
234 33 2
238 34 2
242 34 2
243 34 2
260 34 2
192 35 2
193 35 2
207 35 2
208 35 2
234 35 2
260 35 2
264 35 2
193 36 2
210 36 2
215 36 2
220 36 2
252 36 2
260 36 2
264 36 2
185 37 2
188 37 2
210 37 2
216 37 2
263 37 2
264 37 2
265 37 2
197 38 2
203 38 2
204 38 2
206 38 2
208 38 2
211 38 2
213 38 2
214 38 2
216 38 2
220 38 2
222 38 2
223 38 2
225 38 2
228 38 2
263 38 2
264 38 2
265 38 2
266 38 2
194 39 2
199 39 2
204 39 2
206 39 2
209 39 2
210 39 2
211 39 2
212 39 2
214 39 2
215 39 2
217 39 2
218 39 2
260 39 2
261 39 2
264 39 2
265 39 2
266 39 2
197 40 2
199 40 2
200 40 2
202 40 2
203 40 2
204 40 2
206 40 2
207 40 2
210 40 2
211 40 2
212 40 2
213 40 2
214 40 2
215 40 2
216 40 2
217 40 2
218 40 2
219 40 2
264 40 2
265 40 2
266 40 2
193 41 2
194 41 2
195 41 2
196 41 2
197 41 2
200 41 2
203 41 2
204 41 2
205 41 2
207 41 2
208 41 2
210 41 2
211 41 2
212 41 2
213 41 2
214 41 2
215 41 2
216 41 2
217 41 2
220 41 2
222 41 2
223 41 2
256 41 2
261 41 2
264 41 2
265 41 2
266 41 2
267 41 2
268 41 2
281 41 2
191 42 2
195 42 2
196 42 2
197 42 2
198 42 2
200 42 2
201 42 2
203 42 2
204 42 2
205 42 2
206 42 2
207 42 2
208 42 2
209 42 2
210 42 2
211 42 2
212 42 2
213 42 2
220 42 2
221 42 2
222 42 2
223 42 2
225 42 2
231 42 2
265 42 2
266 42 2
267 42 2
268 42 2
269 42 2
182 43 2
191 43 2
192 43 2
196 43 2
197 43 2
198 43 2
199 43 2
201 43 2
202 43 2
203 43 2
204 43 2
205 43 2
206 43 2
207 43 2
208 43 2
223 43 2
224 43 2
225 43 2
226 43 2
227 43 2
228 43 2
231 43 2
232 43 2
233 43 2
234 43 2
265 43 2
266 43 2
267 43 2
268 43 2
269 43 2
270 43 2
201 44 2
202 44 2
204 44 2
229 44 2
232 44 2
233 44 2
234 44 2
235 44 2
236 44 2
237 44 2
238 44 2
239 44 2
240 44 2
241 44 2
266 44 2
267 44 2
268 44 2
269 44 2
270 44 2
271 44 2
272 44 2
273 44 2
181 45 2
182 45 2
183 45 2
184 45 2
185 45 2
186 45 2
236 45 2
237 45 2
238 45 2
239 45 2
240 45 2
241 45 2
242 45 2
243 45 2
268 45 2
269 45 2
270 45 2
273 45 2
183 46 2
184 46 2
185 46 2
186 46 2
239 46 2
242 46 2
269 46 2
270 46 2
271 46 2
273 46 2
274 46 2
275 46 2
270 47 2
271 47 2
270 48 2
271 48 2
272 48 2
273 48 2
274 48 2
270 49 2
271 49 2
272 49 2
274 49 2
278 49 2
272 50 2
273 50 2
274 50 2
272 51 2
274 51 2
275 51 2
276 51 2
273 52 2
277 53 2
213 75 2
312 18 3
316 19 3
317 19 3
318 19 3
316 20 3
317 20 3
320 22 3
324 22 3
320 23 3
325 25 3
326 25 3
328 25 3
333 25 3
326 26 3
331 26 3
332 26 3
326 27 3
330 27 3
331 27 3
333 27 3
334 27 3
335 27 3
336 27 3
330 28 3
331 28 3
337 28 3
338 28 3
333 29 3
334 29 3
338 29 3
339 29 3
340 29 3
337 30 3
338 30 3
339 30 3
340 30 3
341 30 3
342 30 3
336 31 3
339 31 3
340 31 3
341 31 3
342 31 3
343 31 3
344 31 3
339 32 3
340 32 3
343 32 3
344 32 3
339 33 3
343 33 3
170 3 4
203 3 4
165 4 4
205 4 4
165 6 4
197 6 4
206 8 4
