195 79 0
196 79 0
194 80 0
195 80 0
196 80 0
197 80 0
198 80 0
195 81 0
196 81 0
197 81 0
198 81 0
196 82 0
197 82 0
198 82 0
199 82 0
197 83 0
198 83 0
199 83 0
198 84 0
199 84 0
202 86 0
203 86 0
201 87 0
202 87 0
203 87 0
202 88 0
204 88 0
203 89 0
204 89 0
205 89 0
205 90 0
206 90 0
262 90 0
205 91 0
206 91 0
211 91 0
261 91 0
206 92 0
207 92 0
192 93 0
193 94 0
194 94 0
194 95 0
209 95 0
194 96 0
195 96 0
208 96 0
209 96 0
210 96 0
195 97 0
196 97 0
209 97 0
210 97 0
211 97 0
196 98 0
197 98 0
209 98 0
210 98 0
211 98 0
212 98 0
196 99 0
197 99 0
211 99 0
212 99 0
213 99 0
214 99 0
198 100 0
199 100 0
211 100 0
212 100 0
213 100 0
214 100 0
215 100 0
216 100 0
213 101 0
214 101 0
215 101 0
216 101 0
217 101 0
214 102 0
215 102 0
216 102 0
217 102 0
218 102 0
200 103 0
201 103 0
216 103 0
217 103 0
218 103 0
219 103 0
200 104 0
201 104 0
202 104 0
218 104 0
219 104 0
200 105 0
201 105 0
202 105 0
216 105 0
218 105 0
219 105 0
220 105 0
201 106 0
202 106 0
203 106 0
220 106 0
148 107 0
149 107 0
150 107 0
151 107 0
152 107 0
153 107 0
154 107 0
155 107 0
156 107 0
157 107 0
202 107 0
203 107 0
220 107 0
146 108 0
147 108 0
148 108 0
149 108 0
150 108 0
151 108 0
152 108 0
153 108 0
154 108 0
155 108 0
156 108 0
157 108 0
158 108 0
159 108 0
160 108 0
161 108 0
162 108 0
163 108 0
164 108 0
165 108 0
201 108 0
202 108 0
146 109 0
147 109 0
148 109 0
149 109 0
150 109 0
151 109 0
152 109 0
153 109 0
154 109 0
155 109 0
156 109 0
157 109 0
158 109 0
159 109 0
160 109 0
161 109 0
162 109 0
163 109 0
164 109 0
165 109 0
166 109 0
202 109 0
155 110 0
156 110 0
157 110 0
158 110 0
159 110 0
160 110 0
161 110 0
162 110 0
163 110 0
164 110 0
165 110 0
166 110 0
171 110 0
160 111 0
161 111 0
164 111 0
170 111 0
172 111 0
173 111 0
174 112 0
175 112 0
178 113 0
179 113 0
180 113 0
181 113 0
182 113 0
183 113 0
194 113 0
196 113 0
197 113 0
145 114 0
147 114 0
148 114 0
183 114 0
184 114 0
185 114 0
188 114 0
194 114 0
195 114 0
196 114 0
146 115 0
147 115 0
148 115 0
149 115 0
150 115 0
151 115 0
152 115 0
153 115 0
154 115 0
155 115 0
195 115 0
145 116 0
146 116 0
149 116 0
150 116 0
151 116 0
152 116 0
153 116 0
154 116 0
155 116 0
156 116 0
157 116 0
158 116 0
159 116 0
160 116 0
161 116 0
149 117 0
152 117 0
153 117 0
154 117 0
155 117 0
156 117 0
157 117 0
158 117 0
159 117 0
160 117 0
161 117 0
162 117 0
163 117 0
164 117 0
155 118 0
156 118 0
157 118 0
158 118 0
159 118 0
160 118 0
161 118 0
162 118 0
163 118 0
164 118 0
165 118 0
166 118 0
167 118 0
157 119 0
158 119 0
159 119 0
160 119 0
161 119 0
162 119 0
163 119 0
164 119 0
165 119 0
166 119 0
168 119 0
169 119 0
164 120 0
165 120 0
166 120 0
167 120 0
168 120 0
171 120 0
172 120 0
166 121 0
167 121 0
172 121 0
173 121 0
174 121 0
175 121 0
176 121 0
177 121 0
166 122 0
172 122 0
173 122 0
175 122 0
176 122 0
177 122 0
175 123 0
176 123 0
143 125 0
145 125 0
146 125 0
147 125 0
148 125 0
149 125 0
150 125 0
151 125 0
152 125 0
153 125 0
154 125 0
155 125 0
156 125 0
157 125 0
160 125 0
161 125 0
162 125 0
163 125 0
164 125 0
167 125 0
168 125 0
169 125 0
142 126 0
143 126 0
144 126 0
145 126 0
146 126 0
147 126 0
148 126 0
149 126 0
150 126 0
151 126 0
152 126 0
153 126 0
154 126 0
155 126 0
156 126 0
160 126 0
161 126 0
162 126 0
163 126 0
164 126 0
165 126 0
166 126 0
167 126 0
168 126 0
169 126 0
170 126 0
171 126 0
238 126 0
239 126 0
240 126 0
242 126 0
141 127 0
142 127 0
143 127 0
144 127 0
145 127 0
146 127 0
147 127 0
148 127 0
149 127 0
150 127 0
151 127 0
152 127 0
154 127 0
155 127 0
156 127 0
160 127 0
161 127 0
162 127 0
163 127 0
164 127 0
165 127 0
166 127 0
167 127 0
168 127 0
169 127 0
170 127 0
171 127 0
172 127 0
173 127 0
174 127 0
240 127 0
241 127 0
242 127 0
243 127 0
244 127 0
245 127 0
247 127 0
140 128 0
141 128 0
148 128 0
161 128 0
162 128 0
163 128 0
164 128 0
165 128 0
166 128 0
167 128 0
168 128 0
169 128 0
170 128 0
171 128 0
172 128 0
174 128 0
241 128 0
242 128 0
243 128 0
246 128 0
247 128 0
248 128 0
249 128 0
250 128 0
251 128 0
252 128 0
165 129 0
166 129 0
169 129 0
171 129 0
249 129 0
250 129 0
252 129 0
253 129 0
255 129 0
256 129 0
255 130 0
256 130 0
257 130 0
259 130 0
260 130 0
261 130 0
263 130 0
257 131 0
258 131 0
259 131 0
260 131 0
261 131 0
262 131 0
264 131 0
265 131 0
266 131 0
267 131 0
151 132 0
263 132 0
264 132 0
266 132 0
268 132 0
269 132 0
148 133 0
149 133 0
150 133 0
151 133 0
152 133 0
153 133 0
154 133 0
155 133 0
265 133 0
269 133 0
270 133 0
274 133 0
142 134 0
143 134 0
144 134 0
145 134 0
146 134 0
147 134 0
148 134 0
149 134 0
151 134 0
152 134 0
153 134 0
154 134 0
155 134 0
156 134 0
157 134 0
158 134 0
159 134 0
162 134 0
272 134 0
273 134 0
274 134 0
275 134 0
276 134 0
277 134 0
278 134 0
141 135 0
147 135 0
155 135 0
156 135 0
157 135 0
158 135 0
159 135 0
160 135 0
161 135 0
162 135 0
163 135 0
164 135 0
165 135 0
166 135 0
167 135 0
168 135 0
170 135 0
171 135 0
172 135 0
173 135 0
174 135 0
176 135 0
276 135 0
277 135 0
278 135 0
280 135 0
281 135 0
282 135 0
141 136 0
155 136 0
158 136 0
161 136 0
163 136 0
164 136 0
177 136 0
283 136 0
289 136 0
301 136 0
151 137 0
152 137 0
155 137 0
157 137 0
160 137 0
161 137 0
162 137 0
282 137 0
287 137 0
290 137 0
291 137 0
292 137 0
293 137 0
294 137 0
295 137 0
296 137 0
297 137 0
309 137 0
148 138 0
151 138 0
152 138 0
153 138 0
154 138 0
155 138 0
156 138 0
157 138 0
158 138 0
159 138 0
160 138 0
161 138 0
162 138 0
163 138 0
164 138 0
165 138 0
166 138 0
167 138 0
169 138 0
173 138 0
174 138 0
175 138 0
176 138 0
288 138 0
293 138 0
295 138 0
296 138 0
305 138 0
151 139 0
152 139 0
153 139 0
154 139 0
155 139 0
156 139 0
157 139 0
158 139 0
159 139 0
160 139 0
161 139 0
162 139 0
163 139 0
164 139 0
165 139 0
166 139 0
167 139 0
168 139 0
169 139 0
172 139 0
174 139 0
175 139 0
145 140 0
146 140 0
154 140 0
159 140 0
162 140 0
160 141 0
147 143 0
148 143 0
149 143 0
150 143 0
146 144 0
147 144 0
148 144 0
149 144 0
150 144 0
151 144 0
152 144 0
153 144 0
154 144 0
155 144 0
156 144 0
157 144 0
158 144 0
160 144 0
161 144 0
146 145 0
147 145 0
148 145 0
149 145 0
150 145 0
151 145 0
152 145 0
153 145 0
154 145 0
155 145 0
156 145 0
157 145 0
158 145 0
159 145 0
160 145 0
161 145 0
162 145 0
163 145 0
164 145 0
165 145 0
166 145 0
167 145 0
169 145 0
170 145 0
171 145 0
172 145 0
173 145 0
174 145 0
177 145 0
151 146 0
152 146 0
153 146 0
154 146 0
155 146 0
156 146 0
157 146 0
158 146 0
159 146 0
160 146 0
161 146 0
162 146 0
163 146 0
164 146 0
165 146 0
166 146 0
167 146 0
168 146 0
169 146 0
170 146 0
171 146 0
172 146 0
173 146 0
174 146 0
175 146 0
176 146 0
177 146 0
178 146 0
179 146 0
153 147 0
155 147 0
157 147 0
158 147 0
159 147 0
160 147 0
161 147 0
162 147 0
163 147 0
164 147 0
165 147 0
166 147 0
167 147 0
168 147 0
169 147 0
170 147 0
171 147 0
172 147 0
173 147 0
174 147 0
175 147 0
176 147 0
156 148 0
160 148 0
161 148 0
163 148 0
164 148 0
165 148 0
166 148 0
167 148 0
168 148 0
169 148 0
170 148 0
171 148 0
172 148 0
173 148 0
166 149 0
167 149 0
176 150 0
173 151 0
174 151 0
177 151 0
177 152 0
178 152 0
179 152 0
173 153 0
174 153 0
175 153 0
176 153 0
177 153 0
178 153 0
179 153 0
171 154 0
172 154 0
173 154 0
174 154 0
175 154 0
176 154 0
177 154 0
178 154 0
170 155 0
171 155 0
172 155 0
173 155 0
174 155 0
175 155 0
176 155 0
177 155 0
171 156 0
172 156 0
173 156 0
174 156 0
175 156 0
189 156 0
191 156 0
192 156 0
203 156 0
214 156 0
221 156 0
226 156 0
227 156 0
229 156 0
230 156 0
234 156 0
235 156 0
167 157 0
171 157 0
172 157 0
173 157 0
174 157 0
186 157 0
187 157 0
191 157 0
193 157 0
199 157 0
202 157 0
203 157 0
210 157 0
214 157 0
219 157 0
222 157 0
223 157 0
224 157 0
225 157 0
226 157 0
227 157 0
232 157 0
235 157 0
182 158 0
184 158 0
200 158 0
204 158 0
205 158 0
207 158 0
214 158 0
217 158 0
220 158 0
222 158 0
223 158 0
224 158 0
226 158 0
227 158 0
228 158 0
234 158 0
236 158 0
237 158 0
238 158 0
185 159 0
186 159 0
219 159 0
220 159 0
221 159 0
223 159 0
224 159 0
237 159 0
238 159 0
239 159 0
240 159 0
241 159 0
242 159 0
243 159 0
177 160 0
225 160 0
241 160 0
244 160 0
245 160 0
167 161 0
173 161 0
175 161 0
176 161 0
242 161 0
244 161 0
245 161 0
253 161 0
166 162 0
167 162 0
169 162 0
170 162 0
171 162 0
172 162 0
173 162 0
174 162 0
175 162 0
176 162 0
189 162 0
193 162 0
194 162 0
196 162 0
200 162 0
201 162 0
203 162 0
207 162 0
208 162 0
209 162 0
212 162 0
213 162 0
242 162 0
246 162 0
247 162 0
248 162 0
249 162 0
165 163 0
167 163 0
168 163 0
169 163 0
170 163 0
171 163 0
172 163 0
173 163 0
174 163 0
175 163 0
176 163 0
187 163 0
189 163 0
190 163 0
196 163 0
209 163 0
210 163 0
214 163 0
249 163 0
250 163 0
168 164 0
169 164 0
170 164 0
171 164 0
172 164 0
173 164 0
174 164 0
175 164 0
182 164 0
183 164 0
186 164 0
187 164 0
192 164 0
199 164 0
201 164 0
204 164 0
205 164 0
207 164 0
215 164 0
169 165 0
170 165 0
171 165 0
172 165 0
173 165 0
181 165 0
182 165 0
187 165 0
188 165 0
209 165 0
255 165 0
256 165 0
162 166 0
171 166 0
183 166 0
184 166 0
189 166 0
193 166 0
194 166 0
199 166 0
210 166 0
258 166 0
189 167 0
199 167 0
261 167 0
262 167 0
263 167 0
180 168 0
183 168 0
263 168 0
264 168 0
182 169 0
262 169 0
269 170 0
264 171 0
271 171 0
272 172 0
274 172 0
273 173 0
275 173 0
281 174 0
286 178 0
312 184 0
160 4 1
277 7 1
274 8 1
162 9 1
160 10 1
161 10 1
162 10 1
163 10 1
164 10 1
165 10 1
166 10 1
167 10 1
168 10 1
170 10 1
281 10 1
282 10 1
283 10 1
284 10 1
285 10 1
286 10 1
287 10 1
289 10 1
163 11 1
164 11 1
165 11 1
166 11 1
167 11 1
168 11 1
169 11 1
170 11 1
171 11 1
172 11 1
173 11 1
174 11 1
175 11 1
176 11 1
177 11 1
178 11 1
275 11 1
279 11 1
280 11 1
285 11 1
286 11 1
287 11 1
288 11 1
289 11 1
170 12 1
171 12 1
172 12 1
173 12 1
174 12 1
175 12 1
176 12 1
177 12 1
178 12 1
179 12 1
287 12 1
288 12 1
289 12 1
290 12 1
291 12 1
176 13 1
177 13 1
178 13 1
179 13 1
180 13 1
181 13 1
182 13 1
183 13 1
184 13 1
289 13 1
290 13 1
291 13 1
292 13 1
293 13 1
294 13 1
179 14 1
180 14 1
181 14 1
182 14 1
183 14 1
184 14 1
185 14 1
186 14 1
187 14 1
188 14 1
189 14 1
291 14 1
293 14 1
294 14 1
295 14 1
185 15 1
186 15 1
187 15 1
188 15 1
189 15 1
190 15 1
191 15 1
192 15 1
193 15 1
194 15 1
195 15 1
196 15 1
197 15 1
198 15 1
293 15 1
294 15 1
295 15 1
296 15 1
297 15 1
192 16 1
193 16 1
194 16 1
195 16 1
196 16 1
197 16 1
198 16 1
199 16 1
201 16 1
295 16 1
296 16 1
297 16 1
200 17 1
201 17 1
202 17 1
203 17 1
298 17 1
299 17 1
300 17 1
301 17 1
163 18 1
164 18 1
165 18 1
167 18 1
168 18 1
169 18 1
171 18 1
172 18 1
183 18 1
187 18 1
299 18 1
301 18 1
170 19 1
172 19 1
173 19 1
175 19 1
177 19 1
178 19 1
181 19 1
182 19 1
185 19 1
186 19 1
187 19 1
189 19 1
190 19 1
191 19 1
192 19 1
194 19 1
196 19 1
174 20 1
184 20 1
190 20 1
200 20 1
308 22 1
167 23 1
171 24 1
178 24 1
179 24 1
180 25 1
183 25 1
205 25 1
160 26 1
161 26 1
162 26 1
189 26 1
161 27 1
162 27 1
163 27 1
164 27 1
162 28 1
163 28 1
164 28 1
165 28 1
166 28 1
167 28 1
168 28 1
169 28 1
170 28 1
171 28 1
321 28 1
322 28 1
163 29 1
164 29 1
165 29 1
166 29 1
167 29 1
168 29 1
169 29 1
170 29 1
171 29 1
172 29 1
173 29 1
174 29 1
175 29 1
176 29 1
177 29 1
321 29 1
322 29 1
169 30 1
170 30 1
171 30 1
172 30 1
173 30 1
174 30 1
175 30 1
176 30 1
177 30 1
178 30 1
179 30 1
180 30 1
181 30 1
182 30 1
183 30 1
184 30 1
185 30 1
186 30 1
324 30 1
325 30 1
327 30 1
177 31 1
178 31 1
179 31 1
180 31 1
181 31 1
182 31 1
183 31 1
184 31 1
185 31 1
186 31 1
187 31 1
188 31 1
189 31 1
190 31 1
195 31 1
326 31 1
327 31 1
183 32 1
184 32 1
185 32 1
186 32 1
187 32 1
188 32 1
189 32 1
190 32 1
191 32 1
192 32 1
193 32 1
194 32 1
195 32 1
196 32 1
197 32 1
198 32 1
200 32 1
201 32 1
202 32 1
205 32 1
206 32 1
326 32 1
329 32 1
330 32 1
331 32 1
192 33 1
194 33 1
195 33 1
197 33 1
200 33 1
203 33 1
332 34 1
331 35 1
333 35 1
334 35 1
335 35 1
336 35 1
337 36 1
339 36 1
341 36 1
206 37 1
337 37 1
339 37 1
340 37 1
197 38 1
198 38 1
201 38 1
202 38 1
203 38 1
204 38 1
205 38 1
341 38 1
342 38 1
196 39 1
197 39 1
198 39 1
199 39 1
200 39 1
201 39 1
202 39 1
203 39 1
204 39 1
194 40 1
195 40 1
196 40 1
197 40 1
198 40 1
199 40 1
200 40 1
201 40 1
202 40 1
238 40 1
247 40 1
192 41 1
193 41 1
194 41 1
195 41 1
196 41 1
197 41 1
198 41 1
188 42 1
190 42 1
191 42 1
192 42 1
193 42 1
194 42 1
189 43 1
190 43 1
191 43 1
202 43 1
203 43 1
206 43 1
209 43 1
224 43 1
228 43 1
242 43 1
257 43 1
184 44 1
209 44 1
252 44 1
258 44 1
178 45 1
180 45 1
183 45 1
203 45 1
204 45 1
205 45 1
207 45 1
208 45 1
214 45 1
222 45 1
257 45 1
258 45 1
181 46 1
198 46 1
199 46 1
200 46 1
201 46 1
202 46 1
204 46 1
205 46 1
208 46 1
209 46 1
210 46 1
256 46 1
257 46 1
258 46 1
259 46 1
260 46 1
200 47 1
202 47 1
203 47 1
204 47 1
205 47 1
206 47 1
207 47 1
208 47 1
209 47 1
252 47 1
256 47 1
257 47 1
258 47 1
259 47 1
189 48 1
192 48 1
196 48 1
197 48 1
199 48 1
200 48 1
202 48 1
203 48 1
204 48 1
205 48 1
206 48 1
207 48 1
208 48 1
257 48 1
258 48 1
259 48 1
260 48 1
261 48 1
262 48 1
263 48 1
183 49 1
186 49 1
190 49 1
191 49 1
192 49 1
199 49 1
200 49 1
201 49 1
202 49 1
203 49 1
204 49 1
205 49 1
206 49 1
207 49 1
208 49 1
212 49 1
258 49 1
259 49 1
260 49 1
261 49 1
262 49 1
181 50 1
182 50 1
187 50 1
188 50 1
189 50 1
193 50 1
204 50 1
205 50 1
206 50 1
212 50 1
213 50 1
215 50 1
216 50 1
217 50 1
218 50 1
220 50 1
221 50 1
259 50 1
260 50 1
261 50 1
262 50 1
264 50 1
266 50 1
174 51 1
175 51 1
176 51 1
177 51 1
178 51 1
179 51 1
180 51 1
181 51 1
182 51 1
183 51 1
185 51 1
186 51 1
187 51 1
204 51 1
220 51 1
237 51 1
240 51 1
260 51 1
261 51 1
262 51 1
263 51 1
264 51 1
268 51 1
174 52 1
175 52 1
176 52 1
177 52 1
178 52 1
179 52 1
180 52 1
181 52 1
182 52 1
183 52 1
185 52 1
247 52 1
248 52 1
262 52 1
174 53 1
175 53 1
176 53 1
177 53 1
178 53 1
179 53 1
180 53 1
181 53 1
182 53 1
183 53 1
268 53 1
270 53 1
271 53 1
176 54 1
177 54 1
178 54 1
179 54 1
180 54 1
181 54 1
182 54 1
179 55 1
180 55 1
279 64 1
281 68 1
282 68 1
282 71 1
283 71 1
292 75 1
290 78 1
292 79 1
293 81 1
294 81 1
295 81 1
294 82 1
295 82 1
296 83 1
297 83 1
298 83 1
299 86 1
300 86 1
301 88 1
302 88 1
303 90 1
304 90 1
305 90 1
305 91 1
306 91 1
307 92 1
308 92 1
306 93 1
307 93 1
308 93 1
312 94 1
309 95 1
311 95 1
314 97 1
315 99 1
316 100 1
317 100 1
318 102 1
319 102 1
320 102 1
322 104 1
326 107 1
328 108 1
327 109 1
328 109 1
330 110 1
331 110 1
330 111 1
333 113 1
335 114 1
338 114 1
341 115 1
342 115 1
340 116 1
194 2 2
203 4 2
204 4 2
199 5 2
273 8 2
193 9 2
190 12 2
198 12 2
197 13 2
184 14 2
188 15 2
344 42 2
343 43 2
342 44 2
343 44 2
342 45 2
341 46 2
340 47 2
341 47 2
340 48 2
