188 2 0
189 2 0
190 2 0
189 3 0
190 3 0
191 3 0
192 3 0
191 4 0
192 4 0
193 4 0
194 4 0
195 4 0
192 5 0
193 5 0
194 5 0
195 5 0
196 5 0
197 5 0
195 6 0
196 6 0
197 6 0
198 6 0
199 6 0
197 7 0
198 7 0
199 7 0
200 7 0
201 7 0
199 8 0
200 8 0
201 8 0
202 8 0
272 8 0
182 9 0
201 9 0
202 9 0
203 9 0
273 9 0
169 10 0
177 10 0
179 10 0
180 10 0
181 10 0
182 10 0
183 10 0
202 10 0
203 10 0
204 10 0
273 10 0
169 11 0
170 11 0
179 11 0
180 11 0
181 11 0
183 11 0
184 11 0
186 11 0
183 12 0
184 12 0
188 12 0
189 12 0
190 12 0
191 12 0
192 12 0
199 12 0
194 13 0
195 13 0
196 13 0
197 13 0
200 13 0
199 14 0
200 14 0
201 14 0
272 14 0
153 15 0
154 15 0
270 15 0
271 15 0
272 15 0
153 16 0
269 16 0
270 16 0
271 16 0
275 17 0
277 17 0
278 17 0
279 17 0
280 17 0
281 17 0
282 17 0
283 17 0
267 18 0
268 18 0
276 18 0
277 18 0
278 18 0
279 18 0
280 18 0
281 18 0
282 18 0
283 18 0
284 18 0
285 18 0
275 19 0
276 19 0
281 19 0
282 19 0
284 19 0
285 19 0
286 19 0
287 19 0
161 20 0
162 20 0
275 20 0
285 20 0
286 20 0
287 20 0
288 20 0
289 20 0
159 21 0
160 21 0
161 21 0
162 21 0
163 21 0
164 21 0
165 21 0
166 21 0
167 21 0
168 21 0
287 21 0
288 21 0
289 21 0
290 21 0
159 22 0
160 22 0
161 22 0
162 22 0
163 22 0
164 22 0
165 22 0
166 22 0
167 22 0
168 22 0
169 22 0
170 22 0
171 22 0
172 22 0
173 22 0
174 22 0
175 22 0
176 22 0
289 22 0
290 22 0
291 22 0
292 22 0
169 23 0
170 23 0
171 23 0
172 23 0
173 23 0
174 23 0
175 23 0
176 23 0
177 23 0
178 23 0
179 23 0
180 23 0
183 23 0
291 23 0
292 23 0
293 23 0
174 24 0
175 24 0
176 24 0
177 24 0
178 24 0
179 24 0
180 24 0
181 24 0
182 24 0
183 24 0
184 24 0
185 24 0
186 24 0
187 24 0
188 24 0
194 24 0
294 24 0
297 24 0
180 25 0
181 25 0
182 25 0
183 25 0
184 25 0
185 25 0
186 25 0
187 25 0
188 25 0
189 25 0
190 25 0
191 25 0
192 25 0
193 25 0
194 25 0
195 25 0
295 25 0
296 25 0
297 25 0
298 25 0
189 26 0
190 26 0
191 26 0
194 26 0
195 26 0
196 26 0
197 26 0
198 26 0
199 26 0
297 26 0
298 26 0
299 26 0
300 26 0
301 26 0
163 27 0
198 27 0
199 27 0
299 27 0
300 27 0
301 27 0
161 28 0
163 28 0
180 28 0
301 28 0
302 28 0
162 29 0
163 29 0
165 29 0
166 29 0
170 29 0
171 29 0
174 29 0
182 29 0
183 29 0
184 29 0
187 29 0
189 29 0
190 29 0
191 29 0
194 29 0
195 29 0
168 30 0
173 30 0
176 30 0
177 30 0
179 30 0
308 30 0
171 31 0
310 31 0
313 31 0
163 32 0
311 32 0
314 32 0
315 32 0
313 33 0
314 33 0
166 34 0
182 34 0
203 34 0
313 34 0
318 34 0
174 35 0
176 35 0
188 35 0
199 35 0
316 35 0
157 36 0
318 36 0
321 36 0
322 36 0
323 36 0
157 37 0
158 37 0
159 37 0
201 37 0
204 37 0
323 37 0
324 37 0
158 38 0
159 38 0
160 38 0
161 38 0
162 38 0
163 38 0
164 38 0
166 38 0
167 38 0
195 38 0
199 38 0
200 38 0
205 38 0
207 38 0
323 38 0
326 38 0
327 38 0
159 39 0
160 39 0
161 39 0
162 39 0
163 39 0
164 39 0
165 39 0
166 39 0
167 39 0
168 39 0
169 39 0
170 39 0
171 39 0
172 39 0
173 39 0
177 39 0
194 39 0
195 39 0
198 39 0
200 39 0
325 39 0
327 39 0
328 39 0
330 39 0
331 39 0
163 40 0
164 40 0
165 40 0
166 40 0
167 40 0
168 40 0
169 40 0
170 40 0
171 40 0
172 40 0
173 40 0
174 40 0
175 40 0
176 40 0
177 40 0
178 40 0
179 40 0
180 40 0
181 40 0
182 40 0
183 40 0
184 40 0
188 40 0
192 40 0
193 40 0
194 40 0
195 40 0
196 40 0
197 40 0
198 40 0
199 40 0
200 40 0
201 40 0
202 40 0
205 40 0
326 40 0
329 40 0
330 40 0
331 40 0
168 41 0
171 41 0
172 41 0
173 41 0
174 41 0
175 41 0
176 41 0
177 41 0
178 41 0
179 41 0
180 41 0
181 41 0
182 41 0
183 41 0
184 41 0
185 41 0
186 41 0
187 41 0
188 41 0
189 41 0
193 41 0
194 41 0
195 41 0
196 41 0
197 41 0
198 41 0
199 41 0
200 41 0
201 41 0
202 41 0
203 41 0
331 41 0
332 41 0
333 41 0
334 41 0
335 41 0
336 41 0
337 41 0
180 42 0
181 42 0
182 42 0
183 42 0
184 42 0
185 42 0
186 42 0
187 42 0
188 42 0
196 42 0
199 42 0
200 42 0
201 42 0
202 42 0
203 42 0
334 42 0
335 42 0
336 42 0
338 42 0
341 42 0
187 43 0
338 43 0
339 43 0
340 43 0
341 43 0
342 43 0
343 43 0
342 44 0
343 44 0
204 45 0
205 45 0
206 45 0
237 45 0
199 47 0
200 47 0
201 47 0
196 48 0
197 48 0
199 48 0
200 48 0
201 48 0
213 49 0
250 49 0
190 50 0
191 50 0
211 50 0
235 50 0
254 50 0
188 51 0
189 51 0
225 51 0
236 51 0
254 51 0
186 52 0
187 52 0
188 52 0
219 52 0
220 52 0
253 52 0
254 52 0
255 52 0
178 53 0
179 53 0
180 53 0
181 53 0
182 53 0
183 53 0
184 53 0
185 53 0
186 53 0
187 53 0
188 53 0
203 53 0
214 53 0
254 53 0
255 53 0
256 53 0
173 54 0
174 54 0
175 54 0
176 54 0
177 54 0
178 54 0
179 54 0
180 54 0
181 54 0
182 54 0
183 54 0
184 54 0
204 54 0
206 54 0
208 54 0
210 54 0
212 54 0
213 54 0
254 54 0
255 54 0
256 54 0
257 54 0
173 55 0
174 55 0
175 55 0
176 55 0
177 55 0
178 55 0
179 55 0
180 55 0
181 55 0
182 55 0
193 55 0
194 55 0
197 55 0
198 55 0
199 55 0
201 55 0
202 55 0
204 55 0
205 55 0
207 55 0
208 55 0
209 55 0
210 55 0
211 55 0
212 55 0
213 55 0
246 55 0
251 55 0
252 55 0
254 55 0
255 55 0
256 55 0
257 55 0
258 55 0
173 56 0
174 56 0
175 56 0
176 56 0
198 56 0
199 56 0
200 56 0
201 56 0
204 56 0
205 56 0
206 56 0
207 56 0
208 56 0
209 56 0
210 56 0
211 56 0
212 56 0
214 56 0
251 56 0
255 56 0
256 56 0
257 56 0
258 56 0
259 56 0
260 56 0
193 57 0
197 57 0
199 57 0
201 57 0
202 57 0
203 57 0
204 57 0
205 57 0
206 57 0
207 57 0
208 57 0
209 57 0
210 57 0
211 57 0
212 57 0
213 57 0
256 57 0
257 57 0
258 57 0
259 57 0
260 57 0
261 57 0
265 57 0
181 58 0
183 58 0
184 58 0
185 58 0
187 58 0
188 58 0
189 58 0
190 58 0
191 58 0
196 58 0
198 58 0
199 58 0
203 58 0
204 58 0
205 58 0
206 58 0
207 58 0
208 58 0
209 58 0
210 58 0
211 58 0
221 58 0
234 58 0
235 58 0
236 58 0
257 58 0
258 58 0
259 58 0
260 58 0
176 59 0
177 59 0
178 59 0
179 59 0
180 59 0
185 59 0
186 59 0
187 59 0
188 59 0
189 59 0
190 59 0
193 59 0
245 59 0
253 59 0
255 59 0
260 59 0
263 59 0
264 59 0
269 59 0
173 60 0
174 60 0
175 60 0
176 60 0
177 60 0
178 60 0
179 60 0
180 60 0
181 60 0
184 60 0
185 60 0
186 60 0
187 60 0
188 60 0
189 60 0
190 60 0
194 60 0
221 60 0
255 60 0
256 60 0
266 60 0
171 61 0
172 61 0
173 61 0
174 61 0
175 61 0
176 61 0
177 61 0
178 61 0
179 61 0
180 61 0
181 61 0
182 61 0
183 61 0
184 61 0
185 61 0
186 61 0
187 61 0
188 61 0
189 61 0
190 61 0
191 61 0
243 61 0
257 61 0
268 61 0
171 62 0
172 62 0
173 62 0
174 62 0
175 62 0
176 62 0
177 62 0
178 62 0
179 62 0
180 62 0
181 62 0
182 62 0
183 62 0
184 62 0
185 62 0
186 62 0
187 62 0
188 62 0
189 62 0
172 63 0
173 63 0
174 63 0
175 63 0
176 63 0
177 63 0
178 63 0
179 63 0
180 63 0
181 63 0
182 63 0
183 63 0
184 63 0
185 63 0
186 63 0
174 64 0
175 64 0
176 64 0
177 64 0
178 64 0
179 64 0
272 64 0
276 69 0
297 69 0
274 70 0
276 72 0
276 73 0
278 76 0
279 76 0
280 78 0
281 78 0
283 78 0
287 84 0
292 86 0
292 87 0
294 88 0
295 88 0
295 89 0
296 89 0
297 90 0
296 91 0
297 91 0
298 91 0
299 92 0
300 93 0
301 93 0
302 93 0
303 94 0
303 95 0
306 98 0
307 98 0
311 99 0
310 100 0
311 102 0
312 103 0
316 105 0
317 106 0
318 107 0
317 108 0
322 109 0
323 110 0
324 110 0
328 113 0
197 73 1
198 74 1
195 78 1
196 79 1
195 80 1
194 81 1
195 81 1
196 81 1
195 82 1
196 82 1
194 83 1
195 83 1
196 83 1
196 84 1
197 84 1
209 84 1
196 85 1
209 85 1
209 86 1
209 88 1
198 89 1
199 89 1
262 89 1
199 91 1
200 91 1
201 93 1
202 93 1
221 93 1
202 95 1
203 96 1
204 96 1
154 98 1
155 98 1
156 98 1
149 99 1
150 99 1
151 99 1
152 99 1
153 99 1
154 99 1
155 99 1
156 99 1
157 99 1
158 99 1
159 99 1
160 99 1
161 99 1
206 99 1
153 100 1
154 100 1
155 100 1
156 100 1
157 100 1
158 100 1
159 100 1
160 100 1
161 100 1
162 100 1
206 100 1
157 101 1
159 101 1
160 101 1
161 101 1
162 101 1
167 101 1
168 101 1
169 101 1
170 101 1
223 101 1
224 101 1
233 101 1
163 102 1
172 102 1
173 102 1
174 102 1
176 102 1
224 102 1
225 102 1
228 102 1
174 103 1
176 103 1
177 103 1
224 103 1
225 103 1
229 103 1
175 104 1
178 104 1
179 104 1
181 104 1
182 104 1
148 105 1
149 105 1
150 105 1
151 105 1
152 105 1
178 105 1
182 105 1
183 105 1
149 106 1
150 106 1
151 106 1
152 106 1
153 106 1
154 106 1
155 106 1
156 106 1
157 106 1
158 106 1
183 106 1
184 106 1
187 106 1
190 106 1
198 106 1
199 106 1
200 106 1
201 106 1
202 106 1
203 106 1
204 106 1
150 107 1
151 107 1
152 107 1
153 107 1
154 107 1
155 107 1
156 107 1
157 107 1
158 107 1
159 107 1
160 107 1
161 107 1
185 107 1
188 107 1
190 107 1
191 107 1
192 107 1
193 107 1
197 107 1
198 107 1
199 107 1
200 107 1
201 107 1
202 107 1
204 107 1
151 108 1
152 108 1
153 108 1
154 108 1
155 108 1
156 108 1
157 108 1
158 108 1
159 108 1
160 108 1
161 108 1
162 108 1
163 108 1
197 108 1
198 108 1
199 108 1
200 108 1
151 109 1
155 109 1
156 109 1
157 109 1
158 109 1
159 109 1
160 109 1
161 109 1
162 109 1
163 109 1
164 109 1
165 109 1
169 109 1
200 109 1
155 110 1
158 110 1
159 110 1
160 110 1
161 110 1
162 110 1
163 110 1
164 110 1
165 110 1
166 110 1
167 110 1
168 110 1
170 110 1
171 110 1
174 110 1
162 111 1
163 111 1
164 111 1
165 111 1
166 111 1
167 111 1
168 111 1
164 112 1
165 112 1
166 112 1
176 112 1
236 112 1
166 113 1
179 113 1
176 114 1
145 116 1
155 116 1
157 116 1
159 116 1
143 117 1
144 117 1
145 117 1
146 117 1
147 117 1
148 117 1
149 117 1
150 117 1
151 117 1
152 117 1
153 117 1
154 117 1
155 117 1
156 117 1
157 117 1
158 117 1
159 117 1
160 117 1
161 117 1
162 117 1
163 117 1
164 117 1
165 117 1
166 117 1
167 117 1
142 118 1
143 118 1
144 118 1
145 118 1
146 118 1
147 118 1
148 118 1
149 118 1
150 118 1
151 118 1
153 118 1
154 118 1
155 118 1
156 118 1
157 118 1
158 118 1
159 118 1
160 118 1
161 118 1
162 118 1
163 118 1
164 118 1
165 118 1
166 118 1
167 118 1
168 118 1
172 118 1
141 119 1
142 119 1
143 119 1
148 119 1
156 119 1
157 119 1
158 119 1
159 119 1
160 119 1
161 119 1
164 119 1
165 119 1
166 119 1
167 119 1
172 119 1
173 119 1
174 119 1
179 119 1
166 120 1
167 120 1
173 120 1
174 120 1
179 120 1
172 121 1
177 121 1
178 121 1
179 121 1
141 124 1
142 124 1
144 124 1
145 124 1
146 124 1
148 124 1
149 124 1
150 124 1
151 124 1
153 124 1
154 124 1
141 125 1
142 125 1
143 125 1
144 125 1
145 125 1
146 125 1
147 125 1
148 125 1
149 125 1
150 125 1
151 125 1
152 125 1
153 125 1
154 125 1
155 125 1
156 125 1
157 125 1
159 125 1
146 126 1
147 126 1
148 126 1
149 126 1
150 126 1
151 126 1
152 126 1
153 126 1
154 126 1
155 126 1
156 126 1
157 126 1
158 126 1
159 126 1
160 126 1
161 126 1
162 126 1
163 126 1
164 126 1
165 126 1
167 126 1
160 127 1
162 127 1
163 127 1
164 127 1
165 127 1
166 127 1
167 127 1
168 127 1
169 127 1
171 127 1
174 127 1
175 127 1
176 127 1
177 127 1
151 128 1
152 128 1
165 128 1
166 128 1
167 128 1
169 128 1
170 128 1
177 128 1
178 128 1
179 128 1
148 129 1
149 129 1
150 129 1
151 129 1
152 129 1
153 129 1
154 129 1
155 129 1
156 129 1
157 129 1
161 129 1
162 129 1
163 129 1
164 129 1
148 130 1
149 130 1
150 130 1
151 130 1
152 130 1
153 130 1
159 130 1
160 130 1
161 130 1
162 130 1
163 130 1
164 130 1
165 130 1
166 130 1
167 130 1
168 130 1
169 130 1
174 130 1
157 131 1
158 131 1
159 131 1
164 131 1
165 131 1
166 131 1
167 131 1
168 131 1
169 131 1
171 131 1
172 131 1
173 131 1
176 131 1
177 131 1
154 135 1
155 135 1
156 135 1
157 135 1
158 135 1
159 135 1
154 136 1
155 136 1
156 136 1
157 136 1
158 136 1
159 136 1
160 136 1
161 136 1
162 136 1
163 136 1
164 136 1
165 136 1
166 136 1
170 136 1
171 136 1
154 137 1
155 137 1
156 137 1
157 137 1
158 137 1
159 137 1
160 137 1
161 137 1
162 137 1
163 137 1
164 137 1
165 137 1
166 137 1
167 137 1
168 137 1
169 137 1
170 137 1
151 138 1
156 138 1
157 138 1
158 138 1
159 138 1
160 138 1
161 138 1
162 138 1
163 138 1
164 138 1
165 138 1
166 138 1
167 138 1
168 138 1
169 138 1
170 138 1
171 138 1
172 138 1
173 138 1
174 138 1
175 138 1
177 138 1
178 138 1
179 138 1
180 138 1
181 138 1
159 139 1
160 139 1
161 139 1
162 139 1
163 139 1
164 139 1
165 139 1
166 139 1
167 139 1
168 139 1
169 139 1
170 139 1
171 139 1
172 139 1
173 139 1
174 139 1
175 139 1
176 139 1
177 139 1
178 139 1
179 139 1
180 139 1
181 139 1
182 139 1
159 140 1
164 140 1
166 140 1
167 140 1
168 140 1
169 140 1
170 140 1
171 140 1
172 140 1
173 140 1
175 140 1
176 140 1
177 140 1
178 140 1
180 140 1
181 140 1
182 140 1
183 140 1
167 141 1
169 141 1
171 141 1
172 141 1
173 141 1
178 141 1
179 141 1
181 141 1
182 141 1
178 144 1
179 144 1
180 144 1
176 145 1
177 145 1
178 145 1
179 145 1
180 145 1
181 145 1
173 146 1
174 146 1
175 146 1
176 146 1
177 146 1
178 146 1
179 146 1
169 147 1
170 147 1
171 147 1
172 147 1
173 147 1
174 147 1
175 147 1
176 147 1
177 147 1
232 147 1
162 148 1
163 148 1
164 148 1
165 148 1
166 148 1
167 148 1
168 148 1
169 148 1
170 148 1
171 148 1
172 148 1
173 148 1
174 148 1
175 148 1
176 148 1
223 148 1
230 148 1
160 149 1
161 149 1
162 149 1
163 149 1
164 149 1
165 149 1
166 149 1
167 149 1
168 149 1
169 149 1
170 149 1
171 149 1
172 149 1
189 149 1
192 149 1
193 149 1
200 149 1
207 149 1
159 150 1
160 150 1
161 150 1
162 150 1
163 150 1
164 150 1
165 150 1
166 150 1
167 150 1
168 150 1
169 150 1
170 150 1
189 150 1
190 150 1
193 150 1
197 150 1
199 150 1
205 150 1
210 150 1
227 150 1
159 151 1
160 151 1
161 151 1
162 151 1
163 151 1
164 151 1
165 151 1
166 151 1
167 151 1
168 151 1
190 151 1
194 151 1
195 151 1
208 151 1
215 151 1
216 151 1
217 151 1
218 151 1
219 151 1
220 151 1
221 151 1
224 151 1
225 151 1
230 151 1
158 152 1
159 152 1
160 152 1
180 152 1
181 152 1
182 152 1
184 152 1
185 152 1
186 152 1
187 152 1
208 152 1
212 152 1
215 152 1
219 152 1
220 152 1
221 152 1
222 152 1
223 152 1
224 152 1
226 152 1
227 152 1
228 152 1
229 152 1
173 153 1
175 153 1
176 153 1
177 153 1
178 153 1
179 153 1
212 153 1
216 153 1
217 153 1
218 153 1
220 153 1
221 153 1
222 153 1
223 153 1
224 153 1
227 153 1
228 153 1
231 153 1
166 154 1
167 154 1
168 154 1
169 154 1
170 154 1
171 154 1
172 154 1
173 154 1
174 154 1
175 154 1
176 154 1
177 154 1
178 154 1
179 154 1
182 154 1
213 154 1
215 154 1
216 154 1
217 154 1
219 154 1
223 154 1
224 154 1
225 154 1
226 154 1
166 155 1
167 155 1
170 155 1
171 155 1
172 155 1
173 155 1
174 155 1
175 155 1
176 155 1
177 155 1
178 155 1
185 155 1
200 155 1
205 155 1
207 155 1
170 156 1
171 156 1
172 156 1
173 156 1
174 156 1
175 156 1
176 156 1
177 156 1
187 156 1
188 156 1
190 156 1
192 156 1
194 156 1
195 156 1
160 157 1
164 157 1
171 157 1
172 157 1
173 157 1
174 157 1
181 157 1
182 157 1
184 157 1
186 157 1
188 157 1
190 157 1
199 157 1
203 157 1
208 157 1
211 157 1
213 157 1
164 158 1
167 158 1
184 158 1
186 158 1
187 158 1
188 158 1
197 158 1
198 158 1
165 159 1
166 159 1
167 159 1
168 159 1
195 159 1
200 159 1
165 160 1
169 160 1
188 160 1
190 160 1
343 35 2
344 35 2
342 36 2
343 36 2
344 36 2
238 118 2
241 119 2
243 119 2
242 120 2
244 120 2
245 120 2
246 120 2
244 121 2
245 121 2
246 121 2
247 121 2
249 121 2
250 121 2
251 121 2
244 122 2
248 122 2
251 122 2
252 122 2
255 122 2
250 123 2
253 123 2
254 123 2
255 123 2
256 123 2
257 123 2
258 123 2
259 123 2
256 124 2
258 124 2
259 124 2
260 124 2
261 124 2
264 124 2
256 125 2
262 125 2
264 125 2
265 125 2
266 125 2
263 126 2
265 126 2
266 126 2
267 126 2
268 126 2
269 126 2
270 126 2
267 127 2
269 127 2
270 127 2
271 127 2
272 127 2
273 127 2
271 128 2
272 128 2
274 128 2
275 128 2
276 128 2
275 129 2
276 129 2
278 129 2
280 129 2
282 129 2
278 130 2
279 130 2
281 130 2
283 130 2
285 130 2
286 130 2
288 130 2
282 131 2
284 131 2
285 131 2
286 131 2
288 131 2
290 131 2
291 131 2
292 131 2
294 131 2
295 131 2
297 131 2
302 131 2
305 131 2
310 131 2
287 132 2
291 132 2
292 132 2
293 132 2
295 132 2
297 132 2
298 132 2
299 132 2
300 132 2
303 132 2
305 132 2
306 132 2
309 132 2
311 132 2
315 132 2
318 132 2
321 132 2
327 132 2
305 133 2
314 133 2
237 148 2
231 149 2
233 150 2
236 150 2
239 150 2
231 151 2
233 151 2
236 151 2
238 151 2
239 151 2
242 151 2
237 152 2
239 152 2
240 152 2
242 152 2
243 152 2
245 152 2
240 153 2
241 153 2
243 153 2
244 153 2
245 153 2
241 154 2
243 154 2
244 154 2
249 154 2
243 155 2
244 155 2
246 155 2
249 155 2
253 155 2
246 156 2
248 156 2
249 156 2
251 156 2
253 156 2
248 157 2
250 157 2
252 157 2
248 158 2
250 158 2
252 158 2
256 158 2
255 159 2
256 159 2
253 160 2
255 160 2
258 161 2
261 161 2
258 162 2
259 162 2
261 162 2
263 162 2
264 163 2
263 164 2
265 164 2
268 164 2
265 165 2
270 165 2
270 166 2
275 166 2
269 167 2
272 167 2
276 168 2
278 168 2
278 169 2
283 170 2
291 170 2
286 171 2
285 172 2
290 172 2
288 173 2
290 174 2
296 176 2
306 179 2
269 2 3
270 2 3
268 3 3
269 3 3
270 3 3
269 4 3
270 4 3
192 5 3
182 6 3
265 6 3
268 6 3
172 7 3
181 7 3
272 7 3
181 8 3
270 8 3
