265 2 0
262 4 0
263 4 0
200 75 0
211 76 0
200 77 0
201 79 0
201 80 0
220 85 0
205 86 0
220 86 0
221 86 0
206 87 0
220 87 0
221 87 0
222 87 0
223 87 0
205 88 0
206 88 0
207 88 0
220 88 0
221 88 0
222 88 0
223 88 0
224 88 0
156 89 0
157 89 0
207 89 0
221 89 0
222 89 0
223 89 0
224 89 0
225 89 0
154 90 0
155 90 0
156 90 0
157 90 0
158 90 0
222 90 0
223 90 0
224 90 0
225 90 0
152 91 0
153 91 0
154 91 0
155 91 0
156 91 0
163 91 0
164 91 0
165 91 0
223 91 0
224 91 0
225 91 0
226 91 0
227 91 0
153 92 0
163 92 0
166 92 0
167 92 0
169 92 0
170 92 0
225 92 0
226 92 0
227 92 0
170 93 0
171 93 0
172 93 0
173 93 0
225 93 0
226 93 0
227 93 0
228 93 0
226 94 0
227 94 0
228 94 0
177 95 0
182 95 0
228 95 0
229 95 0
153 96 0
154 96 0
158 96 0
179 96 0
183 96 0
184 96 0
185 96 0
227 96 0
228 96 0
229 96 0
153 97 0
154 97 0
155 97 0
156 97 0
157 97 0
160 97 0
183 97 0
184 97 0
185 97 0
186 97 0
229 97 0
154 98 0
155 98 0
156 98 0
157 98 0
158 98 0
159 98 0
160 98 0
161 98 0
171 98 0
185 98 0
186 98 0
187 98 0
188 98 0
189 98 0
190 98 0
156 99 0
157 99 0
158 99 0
159 99 0
160 99 0
161 99 0
162 99 0
163 99 0
164 99 0
191 99 0
192 99 0
193 99 0
194 99 0
195 99 0
196 99 0
197 99 0
205 99 0
233 99 0
157 100 0
158 100 0
159 100 0
160 100 0
161 100 0
162 100 0
163 100 0
164 100 0
166 100 0
194 100 0
198 100 0
199 100 0
200 100 0
207 100 0
161 101 0
162 101 0
163 101 0
164 101 0
169 101 0
172 101 0
177 101 0
202 101 0
168 104 0
170 104 0
180 104 0
167 105 0
168 105 0
169 105 0
170 105 0
172 105 0
179 105 0
170 106 0
173 106 0
183 106 0
147 107 0
148 107 0
149 107 0
150 107 0
151 107 0
152 107 0
153 107 0
154 107 0
155 107 0
156 107 0
157 107 0
159 107 0
160 107 0
169 107 0
172 107 0
173 107 0
174 107 0
175 107 0
176 107 0
145 108 0
146 108 0
147 108 0
148 108 0
149 108 0
150 108 0
151 108 0
152 108 0
153 108 0
154 108 0
155 108 0
156 108 0
157 108 0
158 108 0
159 108 0
160 108 0
161 108 0
162 108 0
163 108 0
164 108 0
176 108 0
177 108 0
178 108 0
145 109 0
146 109 0
147 109 0
148 109 0
149 109 0
150 109 0
151 109 0
152 109 0
153 109 0
154 109 0
155 109 0
156 109 0
157 109 0
158 109 0
159 109 0
160 109 0
161 109 0
162 109 0
163 109 0
164 109 0
165 109 0
166 109 0
167 109 0
180 109 0
146 110 0
153 110 0
154 110 0
156 110 0
157 110 0
158 110 0
159 110 0
160 110 0
161 110 0
162 110 0
163 110 0
164 110 0
165 110 0
166 110 0
167 110 0
160 111 0
164 111 0
165 111 0
166 111 0
163 112 0
242 114 0
243 114 0
145 115 0
146 115 0
147 115 0
148 115 0
149 115 0
152 115 0
153 115 0
154 115 0
156 115 0
243 115 0
144 116 0
145 116 0
146 116 0
150 116 0
151 116 0
152 116 0
153 116 0
154 116 0
155 116 0
156 116 0
157 116 0
158 116 0
159 116 0
149 117 0
152 117 0
153 117 0
154 117 0
155 117 0
156 117 0
157 117 0
158 117 0
159 117 0
160 117 0
161 117 0
162 117 0
245 117 0
246 117 0
157 118 0
158 118 0
159 118 0
160 118 0
161 118 0
162 118 0
163 118 0
164 118 0
165 118 0
166 118 0
167 118 0
168 118 0
169 118 0
170 118 0
172 118 0
174 118 0
247 118 0
252 118 0
253 118 0
163 119 0
165 119 0
166 119 0
167 119 0
169 119 0
170 119 0
171 119 0
172 119 0
173 119 0
178 119 0
179 119 0
180 119 0
151 120 0
152 120 0
153 120 0
154 120 0
155 120 0
156 120 0
157 120 0
158 120 0
174 120 0
181 120 0
253 120 0
256 120 0
260 120 0
151 121 0
152 121 0
153 121 0
154 121 0
155 121 0
156 121 0
157 121 0
158 121 0
159 121 0
160 121 0
161 121 0
162 121 0
163 121 0
164 121 0
165 121 0
166 121 0
257 121 0
258 121 0
155 122 0
158 122 0
159 122 0
160 122 0
161 122 0
162 122 0
163 122 0
164 122 0
165 122 0
166 122 0
167 122 0
168 122 0
169 122 0
170 122 0
174 122 0
175 122 0
264 122 0
267 122 0
268 122 0
165 123 0
166 123 0
167 123 0
168 123 0
169 123 0
170 123 0
171 123 0
173 123 0
176 123 0
177 123 0
178 123 0
263 123 0
179 124 0
180 124 0
264 124 0
267 124 0
268 124 0
269 124 0
270 124 0
271 124 0
271 125 0
152 126 0
153 126 0
273 126 0
275 126 0
152 127 0
153 127 0
154 127 0
155 127 0
156 127 0
158 127 0
160 127 0
162 127 0
277 127 0
278 127 0
279 127 0
161 128 0
162 128 0
163 128 0
164 128 0
165 128 0
166 128 0
168 128 0
277 128 0
280 128 0
162 129 0
163 129 0
164 129 0
165 129 0
166 129 0
167 129 0
168 129 0
169 129 0
170 129 0
171 129 0
172 129 0
173 129 0
176 129 0
158 130 0
162 130 0
163 130 0
164 130 0
165 130 0
166 130 0
167 130 0
168 130 0
169 130 0
170 130 0
171 130 0
172 130 0
177 130 0
178 130 0
179 130 0
181 130 0
182 130 0
226 130 0
283 130 0
290 130 0
156 131 0
157 131 0
165 131 0
166 131 0
167 131 0
168 131 0
169 131 0
170 131 0
171 131 0
176 131 0
177 131 0
178 131 0
179 131 0
180 131 0
181 131 0
183 131 0
284 131 0
294 131 0
158 132 0
169 132 0
171 132 0
177 132 0
178 132 0
179 132 0
184 132 0
173 133 0
174 133 0
184 133 0
185 133 0
295 133 0
173 134 0
174 134 0
180 134 0
181 134 0
182 134 0
323 134 0
181 135 0
182 135 0
182 136 0
184 136 0
183 137 0
184 137 0
185 137 0
170 139 0
171 139 0
172 139 0
173 139 0
174 139 0
162 140 0
163 140 0
164 140 0
165 140 0
166 140 0
167 140 0
168 140 0
169 140 0
170 140 0
171 140 0
172 140 0
173 140 0
174 140 0
161 141 0
162 141 0
163 141 0
164 141 0
165 141 0
166 141 0
167 141 0
168 141 0
169 141 0
170 141 0
171 141 0
172 141 0
173 141 0
160 142 0
161 142 0
162 142 0
163 142 0
164 142 0
165 142 0
166 142 0
167 142 0
168 142 0
169 142 0
170 142 0
171 142 0
187 142 0
201 142 0
236 142 0
160 143 0
161 143 0
162 143 0
163 143 0
164 143 0
165 143 0
166 143 0
167 143 0
168 143 0
190 143 0
191 143 0
202 143 0
204 143 0
205 143 0
222 143 0
180 144 0
181 144 0
182 144 0
189 144 0
192 144 0
201 144 0
215 144 0
225 144 0
229 144 0
177 145 0
212 145 0
221 145 0
225 145 0
226 145 0
227 145 0
230 145 0
168 146 0
170 146 0
171 146 0
172 146 0
173 146 0
174 146 0
175 146 0
176 146 0
177 146 0
178 146 0
209 146 0
211 146 0
212 146 0
214 146 0
215 146 0
216 146 0
217 146 0
218 146 0
220 146 0
222 146 0
223 146 0
226 146 0
227 146 0
228 146 0
236 146 0
237 146 0
160 147 0
161 147 0
162 147 0
163 147 0
164 147 0
165 147 0
166 147 0
167 147 0
168 147 0
169 147 0
170 147 0
171 147 0
172 147 0
173 147 0
174 147 0
175 147 0
176 147 0
177 147 0
179 147 0
215 147 0
218 147 0
219 147 0
220 147 0
222 147 0
224 147 0
225 147 0
230 147 0
237 147 0
160 148 0
161 148 0
162 148 0
163 148 0
164 148 0
165 148 0
166 148 0
167 148 0
168 148 0
169 148 0
170 148 0
171 148 0
172 148 0
173 148 0
174 148 0
175 148 0
190 148 0
192 148 0
193 148 0
234 148 0
241 148 0
242 148 0
243 148 0
162 149 0
163 149 0
164 149 0
165 149 0
166 149 0
167 149 0
168 149 0
169 149 0
170 149 0
171 149 0
172 149 0
173 149 0
174 149 0
183 149 0
184 149 0
185 149 0
187 149 0
188 149 0
189 149 0
198 149 0
217 149 0
231 149 0
239 149 0
240 149 0
241 149 0
244 149 0
245 149 0
162 150 0
163 150 0
167 150 0
181 150 0
183 150 0
186 150 0
195 150 0
207 150 0
241 150 0
247 150 0
191 151 0
203 151 0
190 152 0
216 152 0
248 152 0
249 152 0
250 152 0
251 152 0
180 153 0
182 153 0
248 153 0
183 154 0
213 154 0
249 154 0
252 154 0
224 155 0
251 155 0
253 155 0
255 155 0
254 156 0
255 156 0
256 156 0
257 157 0
258 158 0
259 158 0
260 158 0
261 158 0
259 159 0
262 160 0
263 160 0
265 161 0
267 162 0
270 163 0
269 164 0
271 165 0
274 165 0
313 180 0
199 2 1
200 2 1
201 2 1
166 3 1
167 3 1
168 3 1
201 3 1
202 3 1
203 3 1
204 3 1
166 4 1
167 4 1
168 4 1
169 4 1
170 4 1
204 4 1
205 4 1
206 4 1
213 4 1
168 5 1
169 5 1
170 5 1
171 5 1
172 5 1
173 5 1
174 5 1
207 5 1
208 5 1
209 5 1
212 5 1
213 5 1
214 5 1
215 5 1
216 5 1
217 5 1
170 6 1
171 6 1
172 6 1
173 6 1
174 6 1
175 6 1
176 6 1
213 6 1
214 6 1
215 6 1
216 6 1
217 6 1
218 6 1
219 6 1
220 6 1
221 6 1
222 6 1
223 6 1
174 7 1
175 7 1
176 7 1
177 7 1
178 7 1
215 7 1
216 7 1
217 7 1
218 7 1
219 7 1
220 7 1
221 7 1
222 7 1
223 7 1
177 8 1
178 8 1
179 8 1
180 8 1
181 8 1
179 9 1
180 9 1
181 9 1
182 9 1
200 9 1
265 9 1
181 10 1
182 10 1
183 10 1
184 10 1
185 10 1
266 10 1
183 11 1
184 11 1
185 11 1
186 11 1
187 11 1
185 12 1
186 12 1
187 12 1
188 12 1
189 12 1
267 12 1
187 13 1
188 13 1
189 13 1
190 13 1
191 13 1
192 13 1
269 13 1
189 14 1
190 14 1
191 14 1
192 14 1
193 14 1
192 15 1
193 15 1
194 15 1
195 15 1
196 15 1
194 16 1
195 16 1
196 16 1
197 16 1
268 16 1
150 17 1
153 17 1
196 17 1
197 17 1
198 17 1
199 17 1
152 18 1
153 18 1
198 18 1
199 18 1
151 19 1
152 19 1
153 19 1
164 19 1
171 19 1
172 19 1
173 19 1
174 19 1
175 19 1
176 19 1
177 19 1
178 19 1
180 19 1
181 19 1
200 19 1
272 19 1
166 20 1
167 20 1
169 20 1
170 20 1
175 20 1
177 20 1
178 20 1
179 20 1
181 20 1
182 20 1
183 20 1
184 20 1
190 20 1
267 20 1
268 20 1
273 20 1
274 20 1
162 21 1
185 21 1
186 21 1
187 21 1
190 21 1
191 21 1
192 21 1
195 21 1
196 21 1
268 21 1
269 21 1
193 22 1
194 22 1
196 22 1
265 22 1
266 22 1
267 22 1
155 23 1
264 23 1
265 23 1
274 23 1
275 23 1
276 23 1
277 23 1
278 23 1
147 24 1
148 24 1
149 24 1
150 24 1
151 24 1
156 24 1
161 24 1
162 24 1
263 24 1
273 24 1
274 24 1
275 24 1
276 24 1
277 24 1
278 24 1
279 24 1
280 24 1
281 24 1
282 24 1
147 25 1
148 25 1
149 25 1
151 25 1
153 25 1
280 25 1
281 25 1
283 25 1
148 26 1
149 26 1
150 26 1
153 26 1
269 26 1
282 26 1
283 26 1
148 27 1
149 27 1
150 27 1
151 27 1
261 27 1
154 30 1
155 30 1
156 30 1
157 30 1
158 30 1
159 30 1
160 30 1
161 30 1
162 30 1
163 30 1
165 30 1
154 31 1
155 31 1
156 31 1
157 31 1
158 31 1
159 31 1
160 31 1
161 31 1
162 31 1
163 31 1
164 31 1
165 31 1
166 31 1
167 31 1
168 31 1
169 31 1
170 31 1
171 31 1
172 31 1
173 31 1
174 31 1
168 32 1
169 32 1
170 32 1
171 32 1
172 32 1
173 32 1
174 32 1
175 32 1
176 32 1
177 32 1
178 32 1
173 33 1
174 33 1
175 33 1
176 33 1
177 33 1
178 33 1
179 33 1
180 33 1
181 33 1
182 33 1
183 33 1
184 33 1
185 33 1
186 33 1
187 33 1
191 33 1
225 33 1
182 34 1
183 34 1
185 34 1
186 34 1
187 34 1
188 34 1
189 34 1
190 34 1
191 34 1
192 34 1
193 34 1
194 34 1
194 35 1
195 35 1
181 36 1
157 37 1
161 37 1
162 37 1
166 37 1
175 37 1
177 37 1
178 37 1
181 37 1
182 37 1
183 37 1
185 37 1
190 37 1
197 37 1
159 38 1
160 38 1
161 38 1
163 38 1
166 38 1
167 38 1
168 38 1
169 38 1
170 38 1
173 38 1
176 38 1
184 38 1
185 38 1
186 38 1
190 38 1
196 38 1
165 39 1
167 39 1
171 39 1
176 39 1
177 39 1
161 41 1
193 41 1
160 42 1
165 42 1
166 42 1
174 42 1
186 42 1
202 42 1
161 43 1
162 43 1
168 43 1
171 43 1
172 43 1
185 43 1
193 43 1
154 44 1
161 44 1
172 44 1
174 44 1
182 44 1
183 44 1
152 45 1
153 45 1
154 45 1
170 45 1
186 45 1
190 45 1
198 45 1
199 45 1
153 46 1
156 46 1
160 46 1
191 46 1
155 47 1
156 47 1
157 47 1
158 47 1
159 47 1
161 47 1
168 48 1
169 48 1
170 48 1
171 48 1
172 48 1
174 48 1
171 49 1
172 49 1
173 49 1
174 49 1
175 49 1
176 49 1
177 49 1
178 49 1
179 49 1
185 49 1
173 50 1
174 50 1
175 50 1
176 50 1
177 50 1
178 50 1
180 50 1
205 51 1
202 52 1
203 53 1
233 53 1
252 54 1
193 55 1
195 55 1
196 55 1
197 55 1
193 56 1
194 56 1
195 56 1
196 56 1
197 56 1
198 56 1
232 56 1
189 57 1
190 57 1
191 57 1
193 57 1
194 57 1
195 57 1
196 57 1
225 57 1
247 57 1
251 57 1
185 58 1
186 58 1
187 58 1
188 58 1
189 58 1
190 58 1
191 58 1
224 58 1
226 58 1
234 58 1
247 58 1
251 58 1
252 58 1
254 58 1
185 59 1
186 59 1
187 59 1
188 59 1
189 59 1
222 59 1
237 59 1
243 59 1
251 59 1
252 59 1
253 59 1
179 60 1
182 60 1
183 60 1
184 60 1
185 60 1
186 60 1
187 60 1
241 60 1
248 60 1
251 60 1
252 60 1
253 60 1
254 60 1
257 60 1
174 61 1
175 61 1
176 61 1
177 61 1
178 61 1
179 61 1
180 61 1
181 61 1
182 61 1
183 61 1
184 61 1
185 61 1
194 61 1
195 61 1
196 61 1
197 61 1
202 61 1
203 61 1
204 61 1
206 61 1
207 61 1
208 61 1
213 61 1
251 61 1
252 61 1
253 61 1
254 61 1
255 61 1
258 61 1
259 61 1
260 61 1
173 62 1
174 62 1
175 62 1
176 62 1
177 62 1
178 62 1
179 62 1
180 62 1
181 62 1
182 62 1
197 62 1
198 62 1
203 62 1
209 62 1
210 62 1
212 62 1
213 62 1
214 62 1
216 62 1
252 62 1
253 62 1
254 62 1
255 62 1
256 62 1
258 62 1
260 62 1
171 63 1
172 63 1
173 63 1
174 63 1
175 63 1
176 63 1
177 63 1
178 63 1
179 63 1
180 63 1
190 63 1
191 63 1
200 63 1
201 63 1
207 63 1
248 63 1
249 63 1
253 63 1
254 63 1
255 63 1
256 63 1
257 63 1
258 63 1
265 63 1
170 64 1
171 64 1
172 64 1
173 64 1
174 64 1
175 64 1
176 64 1
194 64 1
195 64 1
196 64 1
197 64 1
199 64 1
200 64 1
226 64 1
250 64 1
251 64 1
254 64 1
255 64 1
256 64 1
257 64 1
258 64 1
171 65 1
172 65 1
191 65 1
193 65 1
195 65 1
197 65 1
198 65 1
250 65 1
252 65 1
182 66 1
183 66 1
185 66 1
186 66 1
190 66 1
192 66 1
193 66 1
194 66 1
195 66 1
196 66 1
250 66 1
252 66 1
253 66 1
175 67 1
178 67 1
179 67 1
182 67 1
183 67 1
184 67 1
185 67 1
186 67 1
187 67 1
188 67 1
190 67 1
191 67 1
192 67 1
196 67 1
251 67 1
252 67 1
253 67 1
254 67 1
255 67 1
169 68 1
170 68 1
171 68 1
174 68 1
175 68 1
176 68 1
180 68 1
181 68 1
182 68 1
183 68 1
184 68 1
185 68 1
186 68 1
187 68 1
255 68 1
256 68 1
168 69 1
169 69 1
170 69 1
171 69 1
172 69 1
173 69 1
174 69 1
175 69 1
176 69 1
177 69 1
178 69 1
179 69 1
181 69 1
182 69 1
183 69 1
184 69 1
185 69 1
186 69 1
168 70 1
169 70 1
170 70 1
171 70 1
172 70 1
173 70 1
174 70 1
175 70 1
176 70 1
177 70 1
178 70 1
179 70 1
180 70 1
181 70 1
182 70 1
183 70 1
184 70 1
185 70 1
169 71 1
170 71 1
171 71 1
172 71 1
173 71 1
174 71 1
175 71 1
176 71 1
177 71 1
178 71 1
179 71 1
180 71 1
181 71 1
171 72 1
172 72 1
173 72 1
174 72 1
176 72 1
177 72 1
178 72 1
341 29 2
341 30 2
342 30 2
343 30 2
343 31 2
344 31 2
293 32 2
292 33 2
293 33 2
296 34 2
297 35 2
300 35 2
299 36 2
303 37 2
305 38 2
306 38 2
307 38 2
308 38 2
304 39 2
305 39 2
307 39 2
309 40 2
311 40 2
310 41 2
311 41 2
312 41 2
313 41 2
314 41 2
315 41 2
311 42 2
312 42 2
314 42 2
317 42 2
322 42 2
315 43 2
316 43 2
318 43 2
319 43 2
320 43 2
317 44 2
318 44 2
322 44 2
321 45 2
324 45 2
325 45 2
326 45 2
328 45 2
329 45 2
330 45 2
326 46 2
328 46 2
330 46 2
331 46 2
333 46 2
326 47 2
328 47 2
330 47 2
331 47 2
333 47 2
335 47 2
339 47 2
332 48 2
333 48 2
337 48 2
339 48 2
336 49 2
337 49 2
336 50 2
266 72 2
271 73 2
283 73 2
272 76 2
268 78 2
270 78 2
270 81 2
277 81 2
277 82 2
287 82 2
275 83 2
275 84 2
277 84 2
274 85 2
278 85 2
281 85 2
290 85 2
277 86 2
277 87 2
279 87 2
281 88 2
282 88 2
285 88 2
281 89 2
282 89 2
284 89 2
286 89 2
284 90 2
285 90 2
283 91 2
284 91 2
291 91 2
286 92 2
288 92 2
288 93 2
291 95 2
290 97 2
292 97 2
298 98 2
297 99 2
299 99 2
296 100 2
297 100 2
301 100 2
299 101 2
300 101 2
306 102 2
300 103 2
301 103 2
302 104 2
303 104 2
304 105 2
305 105 2
306 105 2
304 106 2
305 106 2
308 106 2
306 107 2
307 107 2
308 107 2
309 108 2
312 109 2
313 110 2
312 111 2
313 111 2
314 112 2
315 112 2
314 113 2
316 113 2
318 114 2
322 115 2
323 115 2
324 115 2
322 116 2
328 120 2
331 121 2
338 125 2
338 126 2
343 126 2
341 127 2
