160 81 0
161 81 0
162 81 0
163 81 0
164 81 0
160 85 0
177 85 0
180 86 0
183 86 0
158 87 0
180 87 0
181 87 0
182 87 0
183 87 0
184 87 0
185 87 0
186 87 0
156 88 0
157 88 0
158 88 0
182 88 0
183 88 0
184 88 0
185 88 0
186 88 0
187 88 0
185 89 0
186 89 0
187 89 0
188 89 0
189 89 0
190 89 0
168 90 0
169 90 0
193 91 0
198 91 0
162 92 0
163 92 0
196 92 0
197 92 0
200 92 0
203 92 0
204 92 0
163 93 0
165 93 0
174 93 0
202 93 0
203 93 0
223 93 0
164 94 0
165 94 0
166 94 0
167 94 0
168 94 0
175 94 0
163 95 0
164 95 0
168 95 0
170 95 0
171 95 0
172 95 0
176 95 0
162 96 0
169 96 0
170 96 0
173 96 0
180 96 0
172 97 0
149 98 0
150 98 0
153 98 0
154 98 0
155 98 0
156 98 0
157 98 0
161 98 0
170 98 0
173 98 0
174 98 0
177 98 0
178 98 0
149 99 0
150 99 0
151 99 0
152 99 0
153 99 0
154 99 0
155 99 0
156 99 0
157 99 0
158 99 0
159 99 0
160 99 0
161 99 0
162 99 0
163 99 0
156 100 0
157 100 0
158 100 0
159 100 0
160 100 0
161 100 0
162 100 0
163 100 0
180 100 0
161 101 0
162 101 0
184 101 0
167 102 0
169 102 0
147 105 0
148 105 0
152 105 0
153 105 0
154 105 0
147 106 0
148 106 0
149 106 0
150 106 0
151 106 0
152 106 0
153 106 0
154 106 0
155 106 0
156 106 0
157 106 0
149 107 0
150 107 0
151 107 0
152 107 0
153 107 0
154 107 0
155 107 0
156 107 0
157 107 0
158 107 0
159 107 0
160 107 0
161 107 0
150 108 0
151 108 0
152 108 0
153 108 0
154 108 0
155 108 0
156 108 0
157 108 0
158 108 0
159 108 0
160 108 0
161 108 0
162 108 0
163 108 0
164 108 0
165 108 0
168 108 0
244 108 0
245 108 0
153 109 0
156 109 0
157 109 0
159 109 0
160 109 0
161 109 0
162 109 0
163 109 0
164 109 0
165 109 0
166 109 0
167 109 0
168 109 0
169 109 0
171 109 0
177 109 0
178 109 0
246 109 0
247 109 0
248 109 0
153 110 0
154 110 0
155 110 0
156 110 0
157 110 0
164 110 0
166 110 0
167 110 0
168 110 0
170 110 0
171 110 0
173 110 0
174 110 0
175 110 0
176 110 0
179 110 0
246 110 0
248 110 0
249 110 0
250 110 0
152 111 0
153 111 0
154 111 0
155 111 0
156 111 0
157 111 0
158 111 0
159 111 0
160 111 0
162 111 0
164 111 0
169 111 0
172 111 0
173 111 0
175 111 0
178 111 0
182 111 0
183 111 0
249 111 0
251 111 0
252 111 0
253 111 0
152 112 0
153 112 0
154 112 0
155 112 0
156 112 0
157 112 0
158 112 0
159 112 0
160 112 0
161 112 0
162 112 0
163 112 0
164 112 0
165 112 0
166 112 0
167 112 0
168 112 0
176 112 0
182 112 0
183 112 0
251 112 0
252 112 0
253 112 0
159 113 0
160 113 0
161 113 0
162 113 0
163 113 0
164 113 0
165 113 0
166 113 0
167 113 0
168 113 0
169 113 0
170 113 0
171 113 0
254 113 0
255 113 0
256 113 0
257 113 0
164 114 0
165 114 0
166 114 0
167 114 0
169 114 0
171 114 0
173 114 0
174 114 0
175 114 0
176 114 0
177 114 0
178 114 0
179 114 0
258 114 0
259 114 0
261 114 0
175 115 0
176 115 0
180 115 0
181 115 0
182 115 0
255 115 0
261 115 0
262 115 0
263 115 0
172 116 0
262 116 0
264 116 0
265 116 0
154 117 0
156 117 0
158 117 0
160 117 0
266 117 0
267 117 0
155 118 0
157 118 0
158 118 0
159 118 0
160 118 0
161 118 0
162 118 0
163 118 0
269 118 0
271 118 0
157 119 0
158 119 0
159 119 0
160 119 0
161 119 0
162 119 0
163 119 0
164 119 0
165 119 0
166 119 0
270 119 0
271 119 0
272 119 0
273 119 0
274 119 0
275 119 0
159 120 0
160 120 0
161 120 0
165 120 0
166 120 0
167 120 0
168 120 0
169 120 0
171 120 0
172 120 0
175 120 0
274 120 0
275 120 0
276 120 0
277 120 0
160 121 0
165 121 0
166 121 0
167 121 0
168 121 0
169 121 0
173 121 0
174 121 0
175 121 0
176 121 0
180 121 0
181 121 0
182 121 0
276 121 0
278 121 0
279 121 0
166 122 0
167 122 0
168 122 0
172 122 0
174 122 0
175 122 0
176 122 0
177 122 0
178 122 0
179 122 0
180 122 0
181 122 0
183 122 0
184 122 0
277 122 0
278 122 0
279 122 0
280 122 0
281 122 0
282 122 0
283 122 0
164 123 0
166 123 0
175 123 0
176 123 0
177 123 0
178 123 0
179 123 0
180 123 0
181 123 0
182 123 0
183 123 0
184 123 0
185 123 0
186 123 0
282 123 0
283 123 0
183 124 0
184 124 0
185 124 0
186 124 0
283 124 0
285 124 0
286 124 0
287 124 0
288 124 0
180 125 0
185 125 0
186 125 0
187 125 0
289 125 0
173 126 0
178 126 0
185 126 0
288 126 0
289 126 0
291 126 0
292 126 0
293 126 0
296 127 0
300 127 0
177 128 0
183 128 0
184 128 0
185 128 0
303 128 0
306 128 0
311 128 0
182 129 0
183 129 0
184 129 0
185 129 0
186 129 0
170 130 0
171 130 0
177 130 0
311 130 0
164 131 0
165 131 0
166 131 0
167 131 0
168 131 0
169 131 0
170 131 0
171 131 0
177 131 0
163 132 0
164 132 0
165 132 0
166 132 0
167 132 0
168 132 0
169 132 0
170 132 0
171 132 0
162 133 0
163 133 0
164 133 0
165 133 0
166 133 0
167 133 0
168 133 0
169 133 0
170 133 0
171 133 0
161 134 0
162 134 0
163 134 0
164 134 0
165 134 0
166 134 0
167 134 0
169 134 0
188 134 0
191 134 0
198 134 0
185 135 0
186 135 0
197 135 0
203 135 0
173 136 0
176 136 0
180 136 0
181 136 0
183 136 0
184 136 0
185 136 0
186 136 0
187 136 0
188 136 0
196 136 0
206 136 0
209 136 0
217 136 0
174 137 0
177 137 0
182 137 0
183 137 0
184 137 0
185 137 0
186 137 0
192 137 0
197 137 0
200 137 0
202 137 0
203 137 0
206 137 0
207 137 0
208 137 0
215 137 0
216 137 0
225 137 0
161 138 0
162 138 0
163 138 0
164 138 0
165 138 0
166 138 0
167 138 0
168 138 0
169 138 0
170 138 0
171 138 0
172 138 0
173 138 0
174 138 0
175 138 0
176 138 0
179 138 0
181 138 0
182 138 0
183 138 0
184 138 0
185 138 0
186 138 0
204 138 0
206 138 0
208 138 0
210 138 0
211 138 0
212 138 0
218 138 0
219 138 0
222 138 0
226 138 0
227 138 0
228 138 0
235 138 0
236 138 0
237 138 0
161 139 0
162 139 0
163 139 0
164 139 0
165 139 0
166 139 0
167 139 0
168 139 0
169 139 0
170 139 0
171 139 0
172 139 0
173 139 0
174 139 0
175 139 0
178 139 0
181 139 0
182 139 0
184 139 0
185 139 0
207 139 0
208 139 0
209 139 0
212 139 0
213 139 0
214 139 0
215 139 0
216 139 0
217 139 0
218 139 0
219 139 0
220 139 0
221 139 0
222 139 0
223 139 0
226 139 0
227 139 0
228 139 0
229 139 0
233 139 0
238 139 0
163 140 0
164 140 0
165 140 0
166 140 0
167 140 0
168 140 0
169 140 0
170 140 0
171 140 0
172 140 0
173 140 0
183 140 0
194 140 0
195 140 0
211 140 0
212 140 0
215 140 0
216 140 0
219 140 0
220 140 0
221 140 0
222 140 0
223 140 0
224 140 0
225 140 0
228 140 0
229 140 0
232 140 0
239 140 0
240 140 0
162 141 0
165 141 0
167 141 0
168 141 0
171 141 0
173 141 0
188 141 0
189 141 0
193 141 0
196 141 0
197 141 0
202 141 0
217 141 0
218 141 0
219 141 0
231 141 0
236 141 0
237 141 0
238 141 0
239 141 0
241 141 0
186 142 0
190 142 0
192 142 0
194 142 0
236 142 0
240 142 0
241 142 0
242 142 0
184 143 0
189 143 0
241 143 0
242 143 0
243 143 0
244 143 0
246 143 0
184 144 0
197 144 0
243 144 0
245 144 0
246 144 0
247 144 0
248 144 0
182 145 0
183 145 0
194 145 0
207 145 0
246 145 0
248 145 0
249 146 0
250 146 0
251 146 0
253 146 0
206 147 0
214 147 0
249 147 0
251 147 0
252 147 0
235 148 0
251 148 0
254 148 0
255 148 0
253 149 0
254 149 0
258 149 0
254 150 0
255 150 0
256 150 0
257 150 0
258 151 0
259 151 0
258 152 0
260 153 0
262 153 0
261 154 0
262 154 0
263 154 0
264 155 0
268 156 0
269 156 0
270 157 0
272 157 0
271 159 0
273 160 0
274 160 0
277 162 0
278 162 0
279 162 0
279 163 0
280 164 0
289 168 0
291 168 0
290 169 0
308 174 0
167 3 1
173 3 1
168 4 1
169 4 1
170 4 1
171 4 1
173 4 1
169 5 1
170 5 1
171 5 1
172 5 1
173 5 1
174 5 1
170 6 1
171 6 1
173 6 1
175 6 1
177 6 1
178 6 1
179 6 1
181 6 1
182 6 1
177 7 1
179 7 1
180 7 1
181 7 1
182 7 1
183 7 1
184 7 1
185 7 1
186 7 1
187 7 1
182 8 1
183 8 1
184 8 1
185 8 1
186 8 1
187 8 1
189 8 1
190 8 1
185 9 1
186 9 1
187 9 1
188 9 1
190 9 1
191 10 1
192 10 1
194 10 1
195 10 1
193 11 1
195 11 1
196 11 1
195 12 1
196 12 1
197 12 1
198 12 1
162 13 1
198 13 1
199 13 1
200 13 1
213 13 1
163 14 1
164 14 1
165 14 1
166 14 1
167 14 1
201 14 1
203 14 1
204 14 1
205 14 1
207 14 1
208 14 1
215 14 1
218 14 1
219 14 1
220 14 1
221 14 1
222 14 1
165 15 1
166 15 1
167 15 1
168 15 1
169 15 1
184 15 1
206 15 1
210 15 1
212 15 1
213 15 1
214 15 1
215 15 1
216 15 1
217 15 1
218 15 1
219 15 1
220 15 1
221 15 1
222 15 1
166 16 1
167 16 1
168 16 1
169 16 1
170 16 1
171 16 1
172 16 1
212 16 1
213 16 1
214 16 1
215 16 1
216 16 1
217 16 1
218 16 1
219 16 1
220 16 1
169 17 1
170 17 1
171 17 1
172 17 1
173 17 1
174 17 1
172 18 1
173 18 1
174 18 1
175 18 1
176 18 1
175 19 1
176 19 1
177 19 1
178 19 1
194 19 1
177 20 1
178 20 1
179 20 1
180 20 1
181 20 1
195 20 1
179 21 1
180 21 1
181 21 1
182 21 1
196 21 1
181 22 1
182 22 1
183 22 1
184 22 1
185 22 1
186 22 1
261 22 1
183 23 1
184 23 1
185 23 1
186 23 1
187 23 1
188 23 1
186 24 1
187 24 1
188 24 1
189 24 1
190 24 1
191 24 1
263 24 1
188 25 1
189 25 1
190 25 1
191 25 1
192 25 1
191 26 1
192 26 1
193 26 1
148 27 1
193 27 1
194 27 1
266 27 1
267 27 1
268 27 1
269 27 1
270 27 1
147 28 1
148 28 1
149 28 1
150 28 1
151 28 1
152 28 1
153 28 1
166 28 1
167 28 1
168 28 1
169 28 1
170 28 1
172 28 1
194 28 1
195 28 1
262 28 1
265 28 1
266 28 1
267 28 1
269 28 1
271 28 1
145 29 1
146 29 1
147 29 1
148 29 1
149 29 1
158 29 1
159 29 1
160 29 1
161 29 1
162 29 1
164 29 1
170 29 1
171 29 1
172 29 1
173 29 1
175 29 1
176 29 1
178 29 1
179 29 1
181 29 1
184 29 1
185 29 1
186 29 1
187 29 1
261 29 1
262 29 1
263 29 1
165 30 1
166 30 1
167 30 1
168 30 1
172 30 1
177 30 1
179 30 1
180 30 1
181 30 1
182 30 1
183 30 1
186 30 1
187 30 1
261 30 1
262 30 1
263 30 1
184 31 1
186 31 1
187 31 1
188 31 1
189 31 1
190 31 1
191 31 1
259 31 1
260 31 1
261 31 1
267 31 1
268 31 1
269 31 1
270 31 1
271 31 1
272 31 1
273 31 1
189 32 1
259 32 1
266 32 1
267 32 1
268 32 1
269 32 1
271 32 1
272 32 1
273 32 1
274 32 1
277 32 1
278 32 1
144 33 1
158 33 1
177 33 1
257 33 1
265 33 1
275 33 1
278 33 1
279 33 1
281 33 1
143 34 1
144 34 1
145 34 1
146 34 1
164 34 1
277 34 1
278 34 1
279 34 1
280 34 1
281 34 1
282 34 1
143 35 1
144 35 1
145 35 1
146 35 1
147 35 1
152 35 1
153 35 1
262 35 1
281 35 1
143 36 1
144 36 1
145 36 1
146 36 1
147 36 1
160 36 1
182 36 1
143 37 1
144 37 1
146 37 1
179 37 1
180 37 1
192 37 1
254 37 1
255 37 1
145 38 1
146 38 1
147 38 1
194 38 1
154 39 1
156 39 1
211 39 1
150 40 1
151 40 1
152 40 1
153 40 1
154 40 1
155 40 1
156 40 1
157 40 1
158 40 1
159 40 1
160 40 1
161 40 1
162 40 1
163 40 1
164 40 1
152 41 1
153 41 1
154 41 1
155 41 1
156 41 1
157 41 1
158 41 1
159 41 1
160 41 1
161 41 1
162 41 1
163 41 1
164 41 1
165 41 1
166 41 1
167 41 1
168 41 1
169 41 1
170 41 1
163 42 1
164 42 1
165 42 1
166 42 1
167 42 1
168 42 1
169 42 1
170 42 1
171 42 1
172 42 1
173 42 1
174 42 1
175 42 1
176 42 1
177 42 1
178 42 1
179 42 1
180 42 1
185 42 1
170 43 1
171 43 1
172 43 1
173 43 1
174 43 1
175 43 1
176 43 1
177 43 1
178 43 1
179 43 1
180 43 1
181 43 1
182 43 1
183 43 1
184 43 1
185 43 1
186 43 1
187 43 1
186 44 1
187 44 1
186 45 1
187 45 1
188 45 1
189 45 1
151 46 1
152 46 1
153 46 1
154 46 1
155 46 1
156 46 1
176 46 1
177 46 1
181 46 1
182 46 1
187 46 1
190 46 1
192 46 1
193 46 1
194 46 1
227 46 1
151 47 1
152 47 1
153 47 1
154 47 1
155 47 1
156 47 1
157 47 1
158 47 1
159 47 1
160 47 1
161 47 1
163 47 1
164 47 1
165 47 1
168 47 1
169 47 1
174 47 1
175 47 1
178 47 1
180 47 1
181 47 1
151 48 1
152 48 1
153 48 1
154 48 1
155 48 1
156 48 1
158 48 1
159 48 1
160 48 1
161 48 1
162 48 1
163 48 1
164 48 1
167 48 1
168 48 1
170 48 1
172 48 1
176 48 1
178 48 1
199 49 1
182 50 1
187 50 1
166 51 1
148 52 1
149 52 1
150 52 1
151 52 1
154 52 1
155 52 1
160 52 1
161 52 1
167 52 1
170 52 1
171 52 1
172 52 1
179 52 1
184 52 1
189 52 1
190 52 1
192 52 1
148 53 1
149 53 1
150 53 1
151 53 1
152 53 1
153 53 1
155 53 1
156 53 1
157 53 1
158 53 1
160 53 1
161 53 1
162 53 1
163 53 1
164 53 1
167 53 1
169 53 1
170 53 1
174 53 1
176 53 1
177 53 1
179 53 1
180 53 1
181 53 1
185 53 1
187 53 1
188 53 1
192 53 1
148 54 1
149 54 1
150 54 1
151 54 1
152 54 1
153 54 1
154 54 1
155 54 1
156 54 1
157 54 1
158 54 1
161 54 1
162 54 1
164 54 1
165 54 1
166 54 1
167 54 1
169 54 1
170 54 1
171 54 1
172 54 1
177 54 1
180 54 1
185 54 1
188 54 1
196 54 1
149 55 1
150 55 1
151 55 1
152 55 1
155 55 1
157 55 1
158 55 1
159 55 1
160 55 1
161 55 1
163 55 1
164 55 1
165 55 1
166 55 1
168 55 1
169 55 1
170 55 1
172 55 1
173 55 1
174 55 1
177 55 1
178 55 1
179 55 1
180 55 1
181 55 1
183 55 1
185 55 1
188 55 1
190 55 1
191 55 1
150 56 1
151 56 1
152 56 1
156 56 1
157 56 1
158 56 1
159 56 1
161 56 1
164 56 1
165 56 1
166 56 1
167 56 1
168 56 1
169 56 1
171 56 1
175 56 1
176 56 1
179 56 1
181 56 1
182 56 1
183 56 1
184 56 1
185 56 1
186 56 1
196 56 1
197 56 1
159 57 1
164 57 1
166 57 1
172 57 1
173 57 1
174 57 1
178 57 1
182 57 1
183 57 1
184 57 1
186 57 1
187 57 1
188 57 1
195 57 1
157 58 1
158 58 1
159 58 1
176 58 1
177 58 1
178 58 1
179 58 1
180 58 1
181 58 1
182 58 1
183 58 1
184 58 1
185 58 1
186 58 1
187 58 1
188 58 1
191 58 1
194 58 1
196 58 1
175 59 1
176 59 1
177 59 1
178 59 1
179 59 1
180 59 1
181 59 1
182 59 1
183 59 1
251 59 1
200 61 1
248 63 1
249 63 1
191 64 1
192 64 1
193 64 1
194 64 1
195 64 1
211 64 1
248 64 1
185 65 1
187 65 1
188 65 1
189 65 1
190 65 1
191 65 1
192 65 1
193 65 1
194 65 1
210 65 1
244 65 1
248 65 1
249 65 1
185 66 1
186 66 1
187 66 1
188 66 1
189 66 1
190 66 1
191 66 1
192 66 1
193 66 1
222 66 1
248 66 1
182 67 1
183 67 1
184 67 1
185 67 1
186 67 1
187 67 1
188 67 1
189 67 1
215 67 1
217 67 1
219 67 1
220 67 1
248 67 1
249 67 1
250 67 1
182 68 1
183 68 1
184 68 1
185 68 1
186 68 1
217 68 1
220 68 1
241 68 1
248 68 1
249 68 1
250 68 1
251 68 1
252 68 1
253 68 1
174 69 1
175 69 1
177 69 1
178 69 1
179 69 1
180 69 1
181 69 1
182 69 1
183 69 1
184 69 1
195 69 1
198 69 1
202 69 1
208 69 1
215 69 1
249 69 1
250 69 1
251 69 1
252 69 1
253 69 1
175 70 1
176 70 1
177 70 1
178 70 1
179 70 1
180 70 1
181 70 1
182 70 1
195 70 1
198 70 1
199 70 1
200 70 1
203 70 1
205 70 1
208 70 1
210 70 1
250 70 1
251 70 1
252 70 1
253 70 1
254 70 1
171 71 1
172 71 1
173 71 1
174 71 1
175 71 1
176 71 1
177 71 1
178 71 1
179 71 1
180 71 1
189 71 1
191 71 1
193 71 1
194 71 1
195 71 1
196 71 1
200 71 1
201 71 1
202 71 1
207 71 1
245 71 1
250 71 1
251 71 1
252 71 1
253 71 1
254 71 1
255 71 1
256 71 1
171 72 1
172 72 1
173 72 1
174 72 1
175 72 1
176 72 1
177 72 1
191 72 1
196 72 1
197 72 1
198 72 1
199 72 1
200 72 1
201 72 1
202 72 1
233 72 1
246 72 1
247 72 1
253 72 1
169 73 1
170 73 1
171 73 1
172 73 1
173 73 1
174 73 1
175 73 1
185 73 1
188 73 1
191 73 1
192 73 1
193 73 1
194 73 1
195 73 1
196 73 1
197 73 1
198 73 1
199 73 1
200 73 1
230 73 1
231 73 1
232 73 1
247 73 1
249 73 1
182 74 1
187 74 1
188 74 1
189 74 1
191 74 1
192 74 1
193 74 1
194 74 1
195 74 1
196 74 1
197 74 1
198 74 1
199 74 1
200 74 1
229 74 1
230 74 1
231 74 1
232 74 1
233 74 1
234 74 1
247 74 1
248 74 1
249 74 1
250 74 1
251 74 1
178 75 1
180 75 1
181 75 1
182 75 1
183 75 1
184 75 1
185 75 1
186 75 1
187 75 1
188 75 1
190 75 1
191 75 1
192 75 1
193 75 1
194 75 1
195 75 1
196 75 1
230 75 1
231 75 1
232 75 1
249 75 1
250 75 1
251 75 1
252 75 1
174 76 1
178 76 1
179 76 1
180 76 1
182 76 1
183 76 1
184 76 1
185 76 1
187 76 1
188 76 1
189 76 1
191 76 1
192 76 1
193 76 1
174 77 1
175 77 1
178 77 1
179 77 1
180 77 1
181 77 1
182 77 1
183 77 1
184 77 1
185 77 1
187 77 1
171 78 1
172 78 1
173 78 1
175 78 1
176 78 1
177 78 1
178 78 1
179 78 1
180 78 1
181 78 1
182 78 1
183 78 1
184 78 1
185 78 1
186 78 1
187 78 1
173 79 1
174 79 1
175 79 1
185 79 1
168 81 1
166 82 1
169 82 1
170 82 1
169 83 1
340 27 2
340 28 2
341 28 2
341 29 2
342 29 2
342 30 2
343 30 2
343 31 2
344 31 2
281 36 2
283 39 2
284 39 2
288 39 2
289 39 2
290 41 2
291 41 2
292 41 2
293 41 2
294 41 2
295 41 2
296 41 2
296 42 2
297 42 2
301 42 2
306 42 2
296 43 2
297 43 2
298 43 2
299 43 2
300 43 2
298 44 2
301 44 2
302 44 2
305 44 2
308 44 2
304 45 2
305 45 2
304 46 2
305 46 2
306 46 2
307 46 2
308 46 2
312 46 2
305 47 2
306 47 2
307 47 2
310 47 2
312 47 2
313 47 2
309 48 2
310 48 2
311 48 2
312 48 2
314 48 2
315 48 2
316 48 2
318 48 2
316 49 2
317 49 2
318 49 2
320 49 2
317 50 2
319 50 2
321 51 2
322 51 2
325 51 2
328 51 2
325 52 2
328 52 2
331 52 2
332 52 2
335 52 2
343 52 2
326 53 2
331 53 2
333 53 2
337 53 2
338 53 2
332 54 2
336 54 2
338 54 2
342 54 2
344 56 2
252 71 2
220 74 2
221 74 2
222 74 2
219 75 2
220 75 2
222 75 2
223 75 2
221 76 2
222 76 2
223 76 2
221 77 2
222 77 2
223 77 2
221 78 2
222 78 2
223 78 2
224 78 2
222 79 2
223 79 2
224 79 2
225 79 2
223 80 2
224 80 2
225 80 2
222 81 2
223 81 2
224 81 2
225 81 2
226 81 2
261 81 2
225 82 2
226 82 2
227 82 2
225 83 2
226 83 2
227 83 2
274 83 2
226 84 2
227 84 2
228 84 2
264 84 2
268 84 2
283 84 2
226 85 2
227 85 2
228 85 2
229 85 2
264 85 2
268 85 2
227 86 2
228 86 2
229 86 2
260 86 2
228 87 2
229 87 2
230 87 2
268 87 2
269 87 2
228 88 2
229 88 2
230 88 2
270 88 2
228 89 2
229 89 2
230 89 2
231 89 2
230 90 2
272 90 2
230 91 2
231 91 2
232 91 2
272 91 2
275 91 2
230 92 2
232 92 2
233 92 2
272 92 2
232 93 2
277 93 2
278 93 2
275 94 2
277 94 2
280 94 2
279 95 2
280 95 2
281 96 2
289 99 2
287 100 2
288 100 2
289 100 2
288 101 2
290 102 2
293 103 2
294 103 2
292 104 2
293 104 2
296 105 2
295 106 2
296 106 2
298 107 2
300 107 2
300 108 2
301 108 2
301 109 2
302 109 2
303 111 2
305 111 2
306 111 2
307 113 2
308 113 2
307 114 2
309 114 2
312 114 2
311 115 2
312 115 2
311 116 2
315 116 2
315 117 2
317 117 2
316 119 2
318 119 2
320 119 2
319 120 2
320 120 2
322 121 2
328 124 2
