153 13 0
154 13 0
167 14 0
165 15 0
166 15 0
167 15 0
169 15 0
164 16 0
165 16 0
166 16 0
167 16 0
168 16 0
169 16 0
170 16 0
171 16 0
172 16 0
173 16 0
174 16 0
175 16 0
171 17 0
172 17 0
174 17 0
175 17 0
176 17 0
177 17 0
178 17 0
180 17 0
150 18 0
151 18 0
152 18 0
154 18 0
173 18 0
174 18 0
175 18 0
176 18 0
177 18 0
178 18 0
179 18 0
180 18 0
181 18 0
183 18 0
184 18 0
150 19 0
151 19 0
152 19 0
153 19 0
154 19 0
155 19 0
179 19 0
180 19 0
181 19 0
182 19 0
183 19 0
184 19 0
221 19 0
150 20 0
151 20 0
152 20 0
153 20 0
156 20 0
182 20 0
184 20 0
185 20 0
186 20 0
187 20 0
188 20 0
190 20 0
220 20 0
221 20 0
222 20 0
151 21 0
152 21 0
187 21 0
188 21 0
189 21 0
190 21 0
195 21 0
217 21 0
219 21 0
220 21 0
221 21 0
190 22 0
191 22 0
192 22 0
193 22 0
214 22 0
215 22 0
216 22 0
217 22 0
218 22 0
219 22 0
194 23 0
195 23 0
196 23 0
197 23 0
198 23 0
199 23 0
210 23 0
211 23 0
215 23 0
216 23 0
217 23 0
157 24 0
158 24 0
159 24 0
160 24 0
196 24 0
198 24 0
199 24 0
200 24 0
201 24 0
202 24 0
203 24 0
211 24 0
212 24 0
213 24 0
214 24 0
157 25 0
158 25 0
159 25 0
160 25 0
161 25 0
162 25 0
163 25 0
178 25 0
202 25 0
203 25 0
204 25 0
210 25 0
211 25 0
158 26 0
159 26 0
160 26 0
161 26 0
162 26 0
163 26 0
164 26 0
165 26 0
194 26 0
161 27 0
162 27 0
163 27 0
164 27 0
165 27 0
166 27 0
167 27 0
168 27 0
169 27 0
180 27 0
184 27 0
185 27 0
187 27 0
165 28 0
166 28 0
167 28 0
168 28 0
169 28 0
170 28 0
168 29 0
169 29 0
170 29 0
171 29 0
172 29 0
173 29 0
171 30 0
172 30 0
173 30 0
174 30 0
175 30 0
176 30 0
172 31 0
173 31 0
174 31 0
175 31 0
176 31 0
177 31 0
178 31 0
179 31 0
175 32 0
176 32 0
177 32 0
178 32 0
179 32 0
180 32 0
181 32 0
178 33 0
179 33 0
180 33 0
181 33 0
182 33 0
183 33 0
184 33 0
181 34 0
182 34 0
183 34 0
184 34 0
185 34 0
258 34 0
259 34 0
260 34 0
261 34 0
262 34 0
264 34 0
183 35 0
184 35 0
185 35 0
186 35 0
187 35 0
188 35 0
258 35 0
259 35 0
260 35 0
262 35 0
186 36 0
187 36 0
188 36 0
256 36 0
259 36 0
262 36 0
167 37 0
169 37 0
188 37 0
189 37 0
255 37 0
256 37 0
257 37 0
259 37 0
263 37 0
264 37 0
142 38 0
143 38 0
144 38 0
147 38 0
164 38 0
165 38 0
168 38 0
171 38 0
172 38 0
175 38 0
176 38 0
177 38 0
178 38 0
181 38 0
255 38 0
261 38 0
262 38 0
264 38 0
265 38 0
266 38 0
267 38 0
140 39 0
141 39 0
142 39 0
143 39 0
144 39 0
145 39 0
146 39 0
147 39 0
152 39 0
153 39 0
154 39 0
157 39 0
159 39 0
160 39 0
161 39 0
162 39 0
164 39 0
165 39 0
166 39 0
167 39 0
168 39 0
169 39 0
170 39 0
171 39 0
172 39 0
173 39 0
174 39 0
175 39 0
181 39 0
182 39 0
255 39 0
260 39 0
261 39 0
262 39 0
263 39 0
264 39 0
265 39 0
266 39 0
267 39 0
268 39 0
269 39 0
271 39 0
272 39 0
140 40 0
141 40 0
142 40 0
152 40 0
153 40 0
154 40 0
155 40 0
156 40 0
157 40 0
159 40 0
162 40 0
163 40 0
165 40 0
167 40 0
168 40 0
169 40 0
171 40 0
172 40 0
173 40 0
177 40 0
178 40 0
179 40 0
180 40 0
181 40 0
182 40 0
183 40 0
184 40 0
185 40 0
186 40 0
258 40 0
259 40 0
266 40 0
267 40 0
268 40 0
271 40 0
272 40 0
273 40 0
274 40 0
140 41 0
170 41 0
176 41 0
177 41 0
181 41 0
182 41 0
183 41 0
250 41 0
272 41 0
273 41 0
274 41 0
275 41 0
276 41 0
277 41 0
278 41 0
166 42 0
167 42 0
185 42 0
272 42 0
274 42 0
275 42 0
276 42 0
277 42 0
278 42 0
279 42 0
171 43 0
275 43 0
276 43 0
277 43 0
278 43 0
279 43 0
280 43 0
138 44 0
139 44 0
140 44 0
145 44 0
146 44 0
147 44 0
151 44 0
152 44 0
155 44 0
156 44 0
186 44 0
278 44 0
279 44 0
280 44 0
281 44 0
137 45 0
138 45 0
139 45 0
140 45 0
146 45 0
147 45 0
148 45 0
149 45 0
150 45 0
153 45 0
154 45 0
157 45 0
264 45 0
138 46 0
139 46 0
140 46 0
141 46 0
142 46 0
143 46 0
144 46 0
145 46 0
151 46 0
152 46 0
154 46 0
156 46 0
160 46 0
163 46 0
138 47 0
139 47 0
140 47 0
141 47 0
144 47 0
146 47 0
147 47 0
148 47 0
149 47 0
150 47 0
151 47 0
152 47 0
153 47 0
154 47 0
155 47 0
157 47 0
158 47 0
159 47 0
176 47 0
181 47 0
182 47 0
138 48 0
139 48 0
140 48 0
141 48 0
142 48 0
143 48 0
144 48 0
145 48 0
146 48 0
147 48 0
151 48 0
153 48 0
154 48 0
155 48 0
156 48 0
157 48 0
159 48 0
161 48 0
166 48 0
167 48 0
168 48 0
188 48 0
189 48 0
141 49 0
142 49 0
146 49 0
147 49 0
148 49 0
149 49 0
153 49 0
154 49 0
155 49 0
156 49 0
157 49 0
158 49 0
159 49 0
160 49 0
162 49 0
155 50 0
157 50 0
158 50 0
159 50 0
160 50 0
161 50 0
162 50 0
163 50 0
164 50 0
165 50 0
167 50 0
168 50 0
179 50 0
180 50 0
181 50 0
182 50 0
183 50 0
165 51 0
166 51 0
167 51 0
168 51 0
170 51 0
171 51 0
172 51 0
175 51 0
176 51 0
177 51 0
178 51 0
181 51 0
171 52 0
172 52 0
173 52 0
174 52 0
175 52 0
179 52 0
180 52 0
171 54 0
174 54 0
175 54 0
178 54 0
179 54 0
190 54 0
162 55 0
166 55 0
167 55 0
170 55 0
171 55 0
172 55 0
173 55 0
174 55 0
175 55 0
176 55 0
177 55 0
178 55 0
179 55 0
180 55 0
181 55 0
182 55 0
183 55 0
184 55 0
185 55 0
186 55 0
187 55 0
188 55 0
189 55 0
148 56 0
149 56 0
152 56 0
156 56 0
162 56 0
163 56 0
164 56 0
165 56 0
166 56 0
167 56 0
168 56 0
169 56 0
170 56 0
171 56 0
172 56 0
173 56 0
174 56 0
175 56 0
176 56 0
177 56 0
178 56 0
179 56 0
180 56 0
181 56 0
182 56 0
183 56 0
184 56 0
185 56 0
146 57 0
147 57 0
148 57 0
149 57 0
150 57 0
151 57 0
152 57 0
153 57 0
159 57 0
161 57 0
162 57 0
163 57 0
164 57 0
165 57 0
166 57 0
167 57 0
168 57 0
169 57 0
170 57 0
146 58 0
147 58 0
148 58 0
149 58 0
150 58 0
152 58 0
154 58 0
148 59 0
160 60 0
176 60 0
181 60 0
188 60 0
189 60 0
160 61 0
161 61 0
164 61 0
165 61 0
167 61 0
170 61 0
149 62 0
151 62 0
154 62 0
155 62 0
157 62 0
158 62 0
159 62 0
165 62 0
172 62 0
175 62 0
185 62 0
186 62 0
191 62 0
143 63 0
144 63 0
145 63 0
146 63 0
147 63 0
148 63 0
149 63 0
150 63 0
151 63 0
152 63 0
154 63 0
156 63 0
161 63 0
162 63 0
163 63 0
164 63 0
165 63 0
166 63 0
167 63 0
168 63 0
171 63 0
172 63 0
176 63 0
177 63 0
179 63 0
183 63 0
185 63 0
186 63 0
187 63 0
188 63 0
189 63 0
190 63 0
143 64 0
144 64 0
145 64 0
146 64 0
147 64 0
148 64 0
149 64 0
150 64 0
151 64 0
152 64 0
153 64 0
155 64 0
156 64 0
157 64 0
158 64 0
159 64 0
160 64 0
161 64 0
162 64 0
163 64 0
164 64 0
165 64 0
167 64 0
168 64 0
169 64 0
170 64 0
171 64 0
172 64 0
173 64 0
174 64 0
175 64 0
176 64 0
177 64 0
178 64 0
182 64 0
184 64 0
185 64 0
187 64 0
190 64 0
191 64 0
192 64 0
193 64 0
194 64 0
240 64 0
241 64 0
144 65 0
145 65 0
146 65 0
147 65 0
148 65 0
151 65 0
152 65 0
153 65 0
154 65 0
155 65 0
158 65 0
159 65 0
160 65 0
161 65 0
162 65 0
163 65 0
164 65 0
165 65 0
166 65 0
167 65 0
168 65 0
171 65 0
172 65 0
173 65 0
174 65 0
175 65 0
176 65 0
179 65 0
180 65 0
181 65 0
182 65 0
183 65 0
184 65 0
185 65 0
186 65 0
187 65 0
188 65 0
189 65 0
152 66 0
153 66 0
154 66 0
155 66 0
156 66 0
157 66 0
158 66 0
159 66 0
160 66 0
162 66 0
163 66 0
164 66 0
165 66 0
166 66 0
167 66 0
168 66 0
169 66 0
170 66 0
171 66 0
172 66 0
176 66 0
177 66 0
179 66 0
180 66 0
181 66 0
182 66 0
183 66 0
184 66 0
185 66 0
186 66 0
187 66 0
188 66 0
189 66 0
190 66 0
162 67 0
163 67 0
165 67 0
166 67 0
169 67 0
170 67 0
173 67 0
174 67 0
175 67 0
176 67 0
177 67 0
178 67 0
179 67 0
180 67 0
181 67 0
182 67 0
183 67 0
184 67 0
185 67 0
186 67 0
187 67 0
188 67 0
189 67 0
190 67 0
166 68 0
167 68 0
168 68 0
170 68 0
171 68 0
172 68 0
173 68 0
175 68 0
176 68 0
177 68 0
178 68 0
179 68 0
180 68 0
181 68 0
182 68 0
184 68 0
190 68 0
161 69 0
164 69 0
165 69 0
170 69 0
172 69 0
173 69 0
174 69 0
175 69 0
176 69 0
177 69 0
178 69 0
183 69 0
197 69 0
246 69 0
160 70 0
169 70 0
170 70 0
171 70 0
176 70 0
177 70 0
194 70 0
195 70 0
196 70 0
213 70 0
244 70 0
163 71 0
191 71 0
160 72 0
164 72 0
165 72 0
166 72 0
167 72 0
170 72 0
220 72 0
227 72 0
239 72 0
242 72 0
166 73 0
172 73 0
173 73 0
174 73 0
189 73 0
190 73 0
209 73 0
233 73 0
238 73 0
243 73 0
244 73 0
160 74 0
169 74 0
171 74 0
172 74 0
173 74 0
174 74 0
185 74 0
186 74 0
187 74 0
188 74 0
189 74 0
205 74 0
206 74 0
221 74 0
222 74 0
230 74 0
232 74 0
235 74 0
243 74 0
244 74 0
170 75 0
171 75 0
172 75 0
173 75 0
214 75 0
215 75 0
217 75 0
224 75 0
243 75 0
244 75 0
245 75 0
246 75 0
247 75 0
161 76 0
165 76 0
166 76 0
167 76 0
174 76 0
176 76 0
195 76 0
198 76 0
199 76 0
210 76 0
214 76 0
240 76 0
243 76 0
244 76 0
245 76 0
246 76 0
247 76 0
248 76 0
249 76 0
252 76 0
171 77 0
172 77 0
191 77 0
194 77 0
195 77 0
198 77 0
209 77 0
213 77 0
244 77 0
245 77 0
246 77 0
247 77 0
248 77 0
160 78 0
162 78 0
174 78 0
176 78 0
177 78 0
178 78 0
193 78 0
197 78 0
202 78 0
205 78 0
208 78 0
241 78 0
245 78 0
246 78 0
247 78 0
248 78 0
249 78 0
253 78 0
254 78 0
257 78 0
161 79 0
172 79 0
173 79 0
174 79 0
175 79 0
176 79 0
177 79 0
185 79 0
186 79 0
188 79 0
189 79 0
190 79 0
191 79 0
192 79 0
195 79 0
196 79 0
197 79 0
198 79 0
199 79 0
201 79 0
209 79 0
210 79 0
247 79 0
248 79 0
249 79 0
252 79 0
253 79 0
254 79 0
260 79 0
172 80 0
173 80 0
174 80 0
189 80 0
190 80 0
192 80 0
194 80 0
195 80 0
198 80 0
242 80 0
243 80 0
244 80 0
256 80 0
170 81 0
171 81 0
172 81 0
173 81 0
185 81 0
186 81 0
187 81 0
189 81 0
190 81 0
195 81 0
197 81 0
198 81 0
211 81 0
243 81 0
245 81 0
246 81 0
256 81 0
257 81 0
167 82 0
181 82 0
182 82 0
183 82 0
184 82 0
185 82 0
186 82 0
187 82 0
189 82 0
196 82 0
198 82 0
200 82 0
202 82 0
214 82 0
245 82 0
262 82 0
160 83 0
183 83 0
184 83 0
195 83 0
201 83 0
202 83 0
207 83 0
213 83 0
247 83 0
259 83 0
261 83 0
262 83 0
172 84 0
173 84 0
174 84 0
175 84 0
177 84 0
179 84 0
180 84 0
182 84 0
183 84 0
191 84 0
197 84 0
199 84 0
204 84 0
207 84 0
257 84 0
274 84 0
175 85 0
176 85 0
177 85 0
178 85 0
179 85 0
180 85 0
190 85 0
258 85 0
260 85 0
262 85 0
169 86 0
170 86 0
173 86 0
174 86 0
175 86 0
176 86 0
177 86 0
178 86 0
179 86 0
174 87 0
176 87 0
177 87 0
178 87 0
182 87 0
183 87 0
185 87 0
264 87 0
164 88 0
175 88 0
178 88 0
181 88 0
183 88 0
185 88 0
264 88 0
273 89 0
168 90 0
172 90 0
173 90 0
177 90 0
263 90 0
264 90 0
265 90 0
266 90 0
270 90 0
163 91 0
169 91 0
171 91 0
172 91 0
173 91 0
174 91 0
265 91 0
168 92 0
170 92 0
171 92 0
172 92 0
266 92 0
267 92 0
268 92 0
269 92 0
167 93 0
269 93 0
279 93 0
270 94 0
272 94 0
270 95 0
271 95 0
272 95 0
274 95 0
272 96 0
274 96 0
215 97 0
272 97 0
273 97 0
275 97 0
276 97 0
277 98 0
279 98 0
280 99 0
283 100 0
279 101 0
282 101 0
284 101 0
286 101 0
282 102 0
283 102 0
284 102 0
286 102 0
285 103 0
285 104 0
288 104 0
291 105 0
289 106 0
290 106 0
292 107 0
293 107 0
292 108 0
293 108 0
296 111 0
297 111 0
298 111 0
298 112 0
299 112 0
301 112 0
302 114 0
303 114 0
305 115 0
223 3 1
250 18 1
154 89 1
155 89 1
156 89 1
158 89 1
150 90 1
151 90 1
152 90 1
153 90 1
154 90 1
155 90 1
157 90 1
158 90 1
159 91 1
152 97 1
154 97 1
155 97 1
156 97 1
157 97 1
158 97 1
159 97 1
153 98 1
154 98 1
155 98 1
156 98 1
157 98 1
158 98 1
159 98 1
160 98 1
161 98 1
165 98 1
154 99 1
155 99 1
156 99 1
157 99 1
158 99 1
159 99 1
160 99 1
161 99 1
162 99 1
163 99 1
164 99 1
165 99 1
160 100 1
161 100 1
162 100 1
163 100 1
164 100 1
167 100 1
169 100 1
170 100 1
156 101 1
158 101 1
164 101 1
165 101 1
171 101 1
173 101 1
174 101 1
176 101 1
177 101 1
154 102 1
155 102 1
156 102 1
157 102 1
158 102 1
159 102 1
160 102 1
161 102 1
162 102 1
163 102 1
164 102 1
165 102 1
175 102 1
177 102 1
180 102 1
181 102 1
182 102 1
183 102 1
184 102 1
155 103 1
156 103 1
157 103 1
158 103 1
159 103 1
160 103 1
161 103 1
162 103 1
163 103 1
164 103 1
165 103 1
166 103 1
181 103 1
182 103 1
184 103 1
185 103 1
155 104 1
156 104 1
159 104 1
161 104 1
162 104 1
163 104 1
164 104 1
165 104 1
166 104 1
167 104 1
249 104 1
156 105 1
165 105 1
170 105 1
171 105 1
172 105 1
250 105 1
251 105 1
252 105 1
163 106 1
174 106 1
175 106 1
176 106 1
177 106 1
178 106 1
179 106 1
182 106 1
252 106 1
253 106 1
254 106 1
155 107 1
156 107 1
180 107 1
183 107 1
255 107 1
256 107 1
154 108 1
155 108 1
156 108 1
157 108 1
256 108 1
257 108 1
258 108 1
259 108 1
260 108 1
154 109 1
155 109 1
156 109 1
157 109 1
158 109 1
159 109 1
160 109 1
161 109 1
162 109 1
163 109 1
259 109 1
260 109 1
261 109 1
262 109 1
263 109 1
156 110 1
157 110 1
158 110 1
159 110 1
160 110 1
161 110 1
162 110 1
163 110 1
164 110 1
165 110 1
261 110 1
262 110 1
263 110 1
264 110 1
265 110 1
159 111 1
160 111 1
161 111 1
162 111 1
163 111 1
164 111 1
165 111 1
166 111 1
167 111 1
168 111 1
265 111 1
266 111 1
267 111 1
163 112 1
164 112 1
165 112 1
166 112 1
167 112 1
168 112 1
169 112 1
176 112 1
266 112 1
267 112 1
268 112 1
269 112 1
165 113 1
166 113 1
167 113 1
168 113 1
169 113 1
179 113 1
181 113 1
269 113 1
270 113 1
271 113 1
272 113 1
167 114 1
175 114 1
181 114 1
182 114 1
183 114 1
185 114 1
186 114 1
270 114 1
271 114 1
272 114 1
273 114 1
274 114 1
170 115 1
171 115 1
182 115 1
186 115 1
188 115 1
275 115 1
276 115 1
278 115 1
170 116 1
171 116 1
276 116 1
277 116 1
278 116 1
279 116 1
172 117 1
182 117 1
183 117 1
278 117 1
279 117 1
280 117 1
281 117 1
172 118 1
181 118 1
182 118 1
183 118 1
184 118 1
185 118 1
186 118 1
187 118 1
280 118 1
281 118 1
282 118 1
283 118 1
181 119 1
183 119 1
184 119 1
185 119 1
284 119 1
285 119 1
286 119 1
287 119 1
186 120 1
285 120 1
286 120 1
287 120 1
288 120 1
289 120 1
179 121 1
186 121 1
187 121 1
188 121 1
287 121 1
288 121 1
289 121 1
290 121 1
291 121 1
293 121 1
176 122 1
290 122 1
291 122 1
292 122 1
293 122 1
294 122 1
309 122 1
311 122 1
166 123 1
167 123 1
168 123 1
169 123 1
176 123 1
177 123 1
179 123 1
294 123 1
295 123 1
296 123 1
165 124 1
166 124 1
167 124 1
168 124 1
169 124 1
298 124 1
299 124 1
312 124 1
313 124 1
164 125 1
165 125 1
166 125 1
167 125 1
168 125 1
169 125 1
298 125 1
302 125 1
303 125 1
305 125 1
306 125 1
307 125 1
308 125 1
309 125 1
310 125 1
311 125 1
314 125 1
163 126 1
164 126 1
165 126 1
166 126 1
167 126 1
190 126 1
307 126 1
308 126 1
310 126 1
311 126 1
312 126 1
313 126 1
188 127 1
189 127 1
198 127 1
199 127 1
202 127 1
210 127 1
184 128 1
185 128 1
186 128 1
187 128 1
188 128 1
189 128 1
190 128 1
191 128 1
192 128 1
193 128 1
194 128 1
195 128 1
164 129 1
165 129 1
168 129 1
169 129 1
170 129 1
171 129 1
176 129 1
177 129 1
178 129 1
179 129 1
180 129 1
182 129 1
183 129 1
184 129 1
185 129 1
186 129 1
187 129 1
188 129 1
189 129 1
190 129 1
191 129 1
192 129 1
193 129 1
194 129 1
195 129 1
199 129 1
203 129 1
206 129 1
234 129 1
163 130 1
164 130 1
165 130 1
166 130 1
167 130 1
168 130 1
169 130 1
170 130 1
171 130 1
172 130 1
173 130 1
177 130 1
178 130 1
184 130 1
185 130 1
186 130 1
187 130 1
188 130 1
189 130 1
190 130 1
191 130 1
197 130 1
198 130 1
202 130 1
205 130 1
206 130 1
210 130 1
163 131 1
164 131 1
165 131 1
166 131 1
167 131 1
168 131 1
169 131 1
170 131 1
171 131 1
172 131 1
173 131 1
177 131 1
178 131 1
184 131 1
185 131 1
186 131 1
187 131 1
188 131 1
189 131 1
207 131 1
208 131 1
209 131 1
210 131 1
213 131 1
214 131 1
218 131 1
163 132 1
165 132 1
167 132 1
168 132 1
169 132 1
170 132 1
171 132 1
187 132 1
188 132 1
205 132 1
207 132 1
209 132 1
211 132 1
212 132 1
213 132 1
214 132 1
215 132 1
216 132 1
217 132 1
219 132 1
220 132 1
221 132 1
223 132 1
226 132 1
227 132 1
233 132 1
169 133 1
193 133 1
194 133 1
213 133 1
216 133 1
217 133 1
218 133 1
219 133 1
221 133 1
222 133 1
223 133 1
224 133 1
225 133 1
226 133 1
227 133 1
228 133 1
229 133 1
230 133 1
233 133 1
234 133 1
173 134 1
181 134 1
182 134 1
190 134 1
195 134 1
202 134 1
203 134 1
221 134 1
222 134 1
225 134 1
226 134 1
227 134 1
228 134 1
231 134 1
238 134 1
239 134 1
246 134 1
173 135 1
174 135 1
201 135 1
229 135 1
240 135 1
241 135 1
242 135 1
190 136 1
205 136 1
208 136 1
233 136 1
236 136 1
238 136 1
240 136 1
242 136 1
243 136 1
243 137 1
245 137 1
247 137 1
244 138 1
245 138 1
246 138 1
210 139 1
247 139 1
248 139 1
249 139 1
247 140 1
248 140 1
249 140 1
250 140 1
251 140 1
250 141 1
251 141 1
252 141 1
251 142 1
252 142 1
253 142 1
253 143 1
254 143 1
255 143 1
260 143 1
232 144 1
253 144 1
254 144 1
257 144 1
256 145 1
257 145 1
255 146 1
256 146 1
258 146 1
259 146 1
258 147 1
259 147 1
262 147 1
265 148 1
263 149 1
263 150 1
264 150 1
265 150 1
268 151 1
267 152 1
268 153 1
269 154 1
271 154 1
272 154 1
272 155 1
273 155 1
273 156 1
275 157 1
277 157 1
278 157 1
279 159 1
282 160 1
307 172 1
341 29 2
342 29 2
342 30 2
343 30 2
344 30 2
343 31 2
344 31 2
287 46 2
287 47 2
285 48 2
286 48 2
287 48 2
288 48 2
289 48 2
291 48 2
290 49 2
291 49 2
292 49 2
293 49 2
294 49 2
295 49 2
293 50 2
294 50 2
296 50 2
297 50 2
298 50 2
302 50 2
295 51 2
297 51 2
298 51 2
299 51 2
300 51 2
301 51 2
302 51 2
307 51 2
297 52 2
299 52 2
300 52 2
302 52 2
303 52 2
304 52 2
305 52 2
302 53 2
303 53 2
304 53 2
305 53 2
307 53 2
308 53 2
306 54 2
307 54 2
308 54 2
309 54 2
311 54 2
314 54 2
307 55 2
309 55 2
310 55 2
311 55 2
312 55 2
313 55 2
314 55 2
315 55 2
316 55 2
317 55 2
313 56 2
315 56 2
316 56 2
317 56 2
319 56 2
320 56 2
315 57 2
319 57 2
320 57 2
321 57 2
323 57 2
324 57 2
326 57 2
329 57 2
317 58 2
320 58 2
322 58 2
323 58 2
325 58 2
326 58 2
329 58 2
336 58 2
337 58 2
326 59 2
328 59 2
330 59 2
332 59 2
333 59 2
336 59 2
330 60 2
332 60 2
336 60 2
339 60 2
334 61 2
338 61 2
