253 100 0
267 100 0
275 100 0
255 101 0
256 101 0
257 101 0
265 101 0
257 102 0
259 102 0
260 102 0
264 102 0
258 103 0
259 103 0
260 103 0
264 103 0
267 103 0
268 103 0
270 103 0
257 104 0
262 104 0
263 104 0
264 104 0
265 104 0
266 104 0
267 104 0
262 105 0
264 105 0
265 105 0
266 105 0
269 105 0
267 106 0
271 106 0
276 106 0
279 106 0
280 106 0
268 107 0
269 107 0
270 107 0
271 107 0
272 107 0
273 107 0
176 108 0
177 108 0
267 108 0
176 109 0
180 109 0
273 109 0
177 110 0
178 110 0
179 110 0
180 110 0
181 110 0
182 110 0
183 110 0
184 110 0
277 110 0
279 110 0
281 110 0
178 111 0
183 111 0
184 111 0
185 111 0
186 111 0
187 111 0
188 111 0
189 111 0
277 111 0
280 111 0
181 112 0
182 112 0
187 112 0
188 112 0
279 112 0
280 112 0
281 112 0
285 114 0
286 114 0
288 114 0
288 115 0
167 116 0
168 116 0
169 116 0
174 116 0
287 116 0
288 116 0
166 117 0
167 117 0
168 117 0
169 117 0
170 117 0
171 117 0
289 117 0
296 117 0
297 117 0
166 118 0
167 118 0
168 118 0
169 118 0
203 118 0
191 119 0
194 119 0
198 119 0
215 119 0
185 120 0
193 120 0
195 120 0
196 120 0
198 120 0
200 120 0
225 120 0
167 121 0
176 121 0
179 121 0
183 121 0
185 121 0
187 121 0
188 121 0
189 121 0
190 121 0
191 121 0
192 121 0
193 121 0
195 121 0
196 121 0
198 121 0
200 121 0
202 121 0
205 121 0
209 121 0
210 121 0
212 121 0
225 121 0
167 122 0
168 122 0
169 122 0
170 122 0
171 122 0
175 122 0
176 122 0
177 122 0
178 122 0
179 122 0
180 122 0
181 122 0
182 122 0
183 122 0
184 122 0
187 122 0
188 122 0
189 122 0
190 122 0
191 122 0
192 122 0
193 122 0
194 122 0
195 122 0
199 122 0
205 122 0
220 122 0
167 123 0
168 123 0
169 123 0
170 123 0
175 123 0
176 123 0
177 123 0
178 123 0
179 123 0
180 123 0
181 123 0
182 123 0
183 123 0
184 123 0
185 123 0
186 123 0
187 123 0
188 123 0
189 123 0
190 123 0
191 123 0
192 123 0
193 123 0
194 123 0
195 123 0
196 123 0
197 123 0
198 123 0
199 123 0
202 123 0
204 123 0
206 123 0
207 123 0
208 123 0
209 123 0
168 124 0
169 124 0
170 124 0
176 124 0
177 124 0
178 124 0
179 124 0
184 124 0
185 124 0
186 124 0
187 124 0
188 124 0
189 124 0
190 124 0
191 124 0
192 124 0
193 124 0
194 124 0
195 124 0
202 124 0
208 124 0
209 124 0
210 124 0
211 124 0
229 124 0
235 124 0
169 125 0
170 125 0
186 125 0
187 125 0
188 125 0
189 125 0
190 125 0
208 125 0
209 125 0
210 125 0
211 125 0
212 125 0
213 125 0
232 125 0
235 125 0
173 126 0
174 126 0
212 126 0
213 126 0
214 126 0
216 126 0
219 126 0
220 126 0
222 126 0
223 126 0
224 126 0
227 126 0
235 126 0
242 126 0
176 127 0
180 127 0
215 127 0
217 127 0
218 127 0
219 127 0
220 127 0
221 127 0
223 127 0
224 127 0
225 127 0
227 127 0
228 127 0
230 127 0
231 127 0
176 128 0
178 128 0
199 128 0
224 128 0
225 128 0
226 128 0
227 128 0
228 128 0
229 128 0
232 128 0
233 128 0
234 128 0
310 128 0
174 129 0
201 129 0
202 129 0
229 129 0
233 129 0
235 129 0
238 129 0
241 129 0
207 130 0
242 130 0
243 130 0
252 130 0
240 131 0
241 131 0
243 131 0
244 131 0
245 131 0
247 131 0
167 132 0
242 132 0
244 132 0
245 132 0
246 132 0
247 132 0
248 132 0
249 132 0
229 133 0
234 133 0
245 133 0
248 133 0
249 133 0
319 133 0
228 134 0
248 134 0
249 134 0
232 135 0
251 135 0
252 135 0
250 136 0
251 136 0
252 136 0
253 136 0
262 136 0
253 137 0
254 137 0
255 137 0
258 138 0
253 139 0
255 139 0
256 139 0
256 140 0
257 140 0
258 140 0
259 140 0
260 140 0
256 141 0
257 141 0
258 141 0
259 141 0
260 141 0
260 142 0
261 142 0
260 143 0
261 143 0
262 143 0
263 143 0
264 143 0
277 143 0
263 144 0
264 144 0
265 144 0
263 145 0
264 145 0
265 145 0
266 145 0
266 146 0
267 146 0
267 147 0
268 147 0
268 148 0
270 148 0
271 149 0
272 149 0
273 149 0
270 150 0
272 151 0
273 151 0
274 151 0
275 152 0
276 152 0
275 153 0
277 153 0
278 153 0
279 153 0
279 154 0
280 154 0
281 154 0
281 156 0
283 156 0
283 157 0
285 158 0
301 166 0
213 2 1
214 2 1
213 3 1
214 3 1
216 3 1
213 4 1
214 4 1
215 4 1
213 5 1
214 5 1
215 5 1
216 5 1
213 6 1
214 6 1
215 6 1
216 6 1
231 6 1
213 7 1
214 7 1
215 7 1
216 7 1
217 7 1
214 8 1
215 8 1
216 8 1
217 8 1
214 9 1
215 9 1
216 9 1
217 9 1
218 9 1
215 10 1
216 10 1
217 10 1
218 10 1
219 10 1
220 10 1
221 10 1
234 10 1
216 11 1
217 11 1
218 11 1
219 11 1
216 12 1
217 12 1
218 12 1
219 12 1
216 13 1
217 13 1
218 13 1
219 13 1
220 13 1
236 13 1
237 13 1
241 13 1
217 14 1
218 14 1
219 14 1
220 14 1
221 14 1
238 14 1
218 15 1
219 15 1
220 15 1
219 16 1
220 16 1
221 16 1
239 16 1
240 16 1
220 17 1
221 17 1
240 17 1
242 17 1
222 18 1
223 18 1
220 19 1
221 19 1
222 19 1
242 19 1
243 19 1
221 20 1
222 20 1
221 21 1
222 21 1
217 29 1
215 30 1
216 30 1
217 30 1
218 30 1
211 31 1
214 31 1
215 31 1
216 31 1
217 31 1
208 32 1
209 32 1
210 32 1
211 32 1
212 32 1
213 32 1
214 32 1
200 33 1
203 33 1
204 33 1
205 33 1
206 33 1
207 33 1
208 33 1
209 33 1
210 33 1
211 33 1
212 33 1
213 33 1
197 34 1
198 34 1
199 34 1
200 34 1
201 34 1
202 34 1
203 34 1
204 34 1
205 34 1
206 34 1
207 34 1
208 34 1
209 34 1
210 34 1
211 34 1
199 35 1
200 35 1
201 35 1
202 35 1
203 35 1
204 35 1
205 35 1
206 35 1
207 35 1
251 38 1
252 38 1
253 38 1
251 39 1
252 39 1
254 39 1
251 40 1
252 40 1
253 40 1
254 40 1
255 40 1
252 41 1
253 41 1
254 41 1
255 41 1
253 42 1
254 42 1
260 44 1
264 44 1
265 44 1
251 45 1
252 45 1
253 45 1
254 45 1
261 45 1
262 45 1
263 45 1
265 45 1
266 45 1
250 46 1
251 46 1
252 46 1
253 46 1
254 46 1
257 46 1
258 46 1
259 46 1
260 46 1
261 46 1
262 46 1
263 46 1
264 46 1
265 46 1
266 46 1
267 46 1
268 46 1
270 46 1
249 47 1
250 47 1
251 47 1
252 47 1
256 47 1
257 47 1
258 47 1
259 47 1
260 47 1
261 47 1
262 47 1
263 47 1
264 47 1
265 47 1
266 47 1
267 47 1
268 47 1
269 47 1
271 47 1
272 47 1
249 48 1
250 48 1
251 48 1
255 48 1
256 48 1
257 48 1
258 48 1
259 48 1
260 48 1
261 48 1
262 48 1
263 48 1
264 48 1
265 48 1
266 48 1
267 48 1
268 48 1
269 48 1
270 48 1
271 48 1
274 48 1
275 48 1
248 49 1
249 49 1
253 49 1
254 49 1
255 49 1
256 49 1
264 49 1
265 49 1
266 49 1
267 49 1
268 49 1
269 49 1
270 49 1
271 49 1
272 49 1
273 49 1
274 49 1
248 50 1
268 50 1
269 50 1
270 50 1
271 50 1
272 50 1
273 50 1
274 50 1
275 50 1
276 50 1
277 50 1
253 51 1
271 51 1
273 51 1
274 51 1
275 51 1
276 51 1
277 51 1
278 51 1
279 51 1
274 52 1
275 52 1
276 52 1
277 52 1
278 52 1
281 52 1
284 53 1
285 53 1
282 54 1
283 54 1
284 54 1
285 54 1
286 54 1
287 54 1
288 54 1
289 54 1
286 55 1
287 55 1
288 55 1
293 55 1
289 56 1
290 56 1
291 56 1
292 56 1
293 56 1
294 56 1
295 56 1
296 56 1
297 56 1
292 57 1
293 57 1
294 57 1
295 57 1
296 57 1
297 57 1
298 57 1
299 57 1
300 57 1
301 57 1
302 57 1
297 58 1
298 58 1
299 58 1
300 58 1
301 58 1
302 58 1
303 58 1
304 58 1
305 58 1
201 59 1
212 59 1
299 59 1
300 59 1
301 59 1
302 59 1
303 59 1
304 59 1
305 59 1
306 59 1
204 60 1
300 60 1
301 60 1
302 60 1
305 60 1
306 60 1
307 60 1
308 60 1
310 60 1
311 60 1
312 60 1
215 61 1
305 61 1
306 61 1
307 61 1
308 61 1
309 61 1
311 61 1
312 61 1
313 61 1
314 61 1
315 61 1
309 62 1
310 62 1
311 62 1
312 62 1
313 62 1
315 62 1
316 62 1
317 62 1
318 62 1
319 62 1
321 62 1
323 62 1
315 63 1
316 63 1
317 63 1
319 63 1
320 63 1
321 63 1
325 63 1
326 63 1
327 63 1
328 63 1
329 63 1
319 64 1
321 64 1
322 64 1
323 64 1
325 64 1
326 64 1
327 64 1
328 64 1
329 64 1
330 64 1
332 64 1
335 64 1
336 64 1
337 64 1
338 64 1
327 65 1
329 65 1
333 65 1
334 65 1
337 65 1
338 65 1
194 69 1
195 69 1
182 71 1
184 71 1
180 72 1
184 72 1
185 72 1
188 72 1
182 73 1
183 73 1
185 73 1
186 73 1
186 74 1
191 74 1
192 74 1
183 76 1
237 76 1
184 77 1
185 77 1
186 77 1
198 77 1
184 78 1
185 78 1
186 78 1
187 78 1
188 78 1
196 78 1
184 79 1
185 79 1
186 79 1
187 79 1
192 79 1
230 79 1
233 79 1
241 79 1
185 80 1
186 80 1
187 80 1
191 80 1
241 80 1
184 81 1
185 81 1
186 81 1
187 81 1
188 81 1
189 81 1
190 81 1
191 81 1
192 81 1
211 81 1
219 81 1
237 81 1
240 81 1
241 81 1
242 81 1
243 81 1
185 82 1
186 82 1
187 82 1
188 82 1
190 82 1
215 82 1
216 82 1
224 82 1
225 82 1
227 82 1
237 82 1
240 82 1
241 82 1
242 82 1
243 82 1
185 83 1
186 83 1
187 83 1
188 83 1
189 83 1
202 83 1
204 83 1
212 83 1
221 83 1
222 83 1
223 83 1
230 83 1
237 83 1
241 83 1
242 83 1
243 83 1
244 83 1
245 83 1
183 84 1
184 84 1
185 84 1
186 84 1
187 84 1
201 84 1
211 84 1
217 84 1
218 84 1
220 84 1
232 84 1
237 84 1
238 84 1
241 84 1
242 84 1
243 84 1
244 84 1
245 84 1
246 84 1
247 84 1
250 84 1
184 85 1
185 85 1
197 85 1
199 85 1
210 85 1
212 85 1
213 85 1
216 85 1
234 85 1
238 85 1
242 85 1
243 85 1
244 85 1
245 85 1
246 85 1
247 85 1
248 85 1
249 85 1
250 85 1
251 85 1
197 86 1
210 86 1
211 86 1
238 86 1
242 86 1
243 86 1
244 86 1
245 86 1
246 86 1
247 86 1
248 86 1
249 86 1
251 86 1
253 86 1
193 87 1
194 87 1
195 87 1
206 87 1
207 87 1
239 87 1
240 87 1
241 87 1
244 87 1
245 87 1
246 87 1
247 87 1
248 87 1
249 87 1
250 87 1
252 87 1
255 87 1
256 87 1
263 87 1
186 88 1
187 88 1
188 88 1
189 88 1
190 88 1
191 88 1
200 88 1
201 88 1
202 88 1
203 88 1
239 88 1
240 88 1
241 88 1
242 88 1
246 88 1
247 88 1
248 88 1
253 88 1
255 88 1
256 88 1
257 88 1
186 89 1
187 89 1
190 89 1
191 89 1
192 89 1
193 89 1
194 89 1
199 89 1
240 89 1
241 89 1
242 89 1
243 89 1
251 89 1
254 89 1
260 89 1
261 89 1
185 90 1
186 90 1
187 90 1
188 90 1
189 90 1
193 90 1
242 90 1
243 90 1
244 90 1
253 90 1
254 90 1
255 90 1
259 90 1
260 90 1
186 91 1
187 91 1
188 91 1
189 91 1
244 91 1
255 91 1
256 91 1
257 91 1
185 92 1
187 92 1
188 92 1
257 92 1
258 92 1
260 92 1
192 93 1
193 94 1
194 94 1
148 23 2
149 23 2
150 23 2
151 23 2
152 23 2
153 23 2
147 24 2
148 24 2
149 24 2
150 24 2
151 24 2
152 24 2
153 24 2
147 25 2
148 25 2
159 25 2
160 25 2
163 25 2
164 25 2
158 26 2
161 26 2
162 26 2
163 26 2
164 26 2
165 26 2
166 26 2
168 26 2
169 26 2
170 26 2
171 26 2
173 26 2
158 27 2
161 27 2
163 27 2
165 27 2
166 27 2
167 27 2
168 27 2
169 27 2
170 27 2
171 27 2
172 27 2
173 27 2
174 27 2
175 27 2
183 27 2
146 28 2
147 28 2
168 28 2
169 28 2
170 28 2
171 28 2
172 28 2
173 28 2
174 28 2
175 28 2
176 28 2
177 28 2
178 28 2
181 28 2
184 28 2
144 29 2
145 29 2
146 29 2
147 29 2
148 29 2
172 29 2
173 29 2
174 29 2
175 29 2
176 29 2
177 29 2
178 29 2
179 29 2
180 29 2
181 29 2
184 29 2
144 30 2
145 30 2
146 30 2
147 30 2
148 30 2
149 30 2
151 30 2
152 30 2
178 30 2
180 30 2
181 30 2
182 30 2
183 30 2
145 31 2
146 31 2
147 31 2
148 31 2
149 31 2
150 31 2
163 31 2
183 31 2
184 31 2
185 31 2
186 31 2
187 31 2
190 31 2
146 32 2
147 32 2
148 32 2
186 32 2
187 32 2
188 32 2
189 32 2
190 32 2
191 32 2
192 32 2
188 33 2
190 33 2
191 33 2
192 33 2
150 35 2
151 35 2
152 35 2
153 35 2
154 35 2
155 35 2
156 35 2
152 36 2
153 36 2
154 36 2
155 36 2
156 36 2
157 36 2
158 36 2
159 36 2
160 36 2
179 36 2
155 37 2
156 37 2
157 37 2
158 37 2
159 37 2
160 37 2
161 37 2
162 37 2
163 37 2
164 37 2
178 37 2
179 37 2
159 38 2
160 38 2
161 38 2
162 38 2
163 38 2
164 38 2
165 38 2
166 38 2
162 39 2
163 39 2
164 39 2
165 39 2
166 39 2
167 39 2
168 39 2
169 39 2
165 40 2
166 40 2
167 40 2
168 40 2
169 40 2
170 40 2
171 40 2
172 40 2
185 40 2
186 40 2
168 41 2
169 41 2
170 41 2
171 41 2
172 41 2
173 41 2
174 41 2
171 42 2
172 42 2
173 42 2
174 42 2
175 42 2
176 42 2
177 42 2
178 42 2
179 42 2
174 43 2
175 43 2
176 43 2
177 43 2
178 43 2
179 43 2
180 43 2
178 44 2
179 44 2
180 44 2
181 44 2
182 44 2
183 44 2
180 45 2
181 45 2
182 45 2
183 45 2
184 45 2
184 46 2
159 47 2
164 47 2
148 48 2
149 48 2
153 48 2
154 48 2
155 48 2
158 48 2
160 48 2
161 48 2
162 48 2
163 48 2
164 48 2
165 48 2
166 48 2
167 48 2
168 48 2
169 48 2
171 48 2
172 48 2
173 48 2
174 48 2
175 48 2
176 48 2
140 49 2
141 49 2
142 49 2
144 49 2
145 49 2
146 49 2
147 49 2
148 49 2
149 49 2
150 49 2
151 49 2
152 49 2
153 49 2
154 49 2
155 49 2
156 49 2
157 49 2
158 49 2
159 49 2
160 49 2
161 49 2
162 49 2
163 49 2
164 49 2
165 49 2
166 49 2
167 49 2
168 49 2
169 49 2
170 49 2
171 49 2
172 49 2
173 49 2
174 49 2
175 49 2
176 49 2
177 49 2
178 49 2
179 49 2
180 49 2
181 49 2
182 49 2
183 49 2
137 50 2
138 50 2
139 50 2
140 50 2
141 50 2
142 50 2
143 50 2
144 50 2
145 50 2
146 50 2
147 50 2
148 50 2
149 50 2
150 50 2
151 50 2
152 50 2
153 50 2
154 50 2
155 50 2
156 50 2
157 50 2
158 50 2
159 50 2
160 50 2
162 50 2
170 50 2
171 50 2
174 50 2
175 50 2
176 50 2
177 50 2
178 50 2
179 50 2
180 50 2
181 50 2
182 50 2
183 50 2
136 51 2
137 51 2
138 51 2
139 51 2
140 51 2
141 51 2
142 51 2
143 51 2
144 51 2
145 51 2
146 51 2
149 51 2
150 51 2
151 51 2
152 51 2
154 51 2
136 52 2
137 52 2
138 52 2
139 52 2
147 55 2
148 55 2
165 55 2
166 55 2
177 55 2
181 55 2
182 55 2
184 55 2
134 56 2
135 56 2
136 56 2
137 56 2
139 56 2
142 56 2
146 56 2
148 56 2
149 56 2
150 56 2
152 56 2
153 56 2
166 56 2
179 56 2
180 56 2
185 56 2
186 56 2
134 57 2
135 57 2
136 57 2
137 57 2
138 57 2
139 57 2
140 57 2
141 57 2
142 57 2
143 57 2
144 57 2
146 57 2
149 57 2
150 57 2
163 57 2
168 57 2
172 57 2
182 57 2
183 57 2
134 58 2
135 58 2
137 58 2
141 58 2
143 58 2
144 58 2
147 58 2
149 58 2
163 58 2
165 58 2
166 58 2
167 58 2
173 58 2
174 58 2
175 58 2
178 58 2
182 58 2
142 59 2
145 59 2
168 59 2
175 59 2
176 59 2
177 59 2
184 59 2
170 60 2
172 60 2
174 60 2
177 60 2
178 60 2
179 60 2
180 60 2
181 60 2
182 60 2
148 61 2
172 61 2
173 61 2
174 61 2
175 61 2
178 61 2
183 61 2
149 62 2
154 62 2
169 62 2
176 62 2
180 62 2
188 62 2
164 63 2
165 63 2
166 63 2
176 63 2
178 63 2
163 64 2
164 64 2
166 64 2
167 64 2
168 64 2
162 65 2
164 65 2
165 65 2
166 65 2
153 66 2
155 66 2
158 66 2
160 66 2
161 66 2
162 66 2
163 66 2
164 66 2
165 66 2
166 66 2
145 67 2
152 67 2
154 67 2
155 67 2
156 67 2
157 67 2
158 67 2
159 67 2
160 67 2
161 67 2
162 67 2
163 67 2
164 67 2
165 67 2
166 67 2
143 68 2
144 68 2
145 68 2
148 68 2
149 68 2
150 68 2
151 68 2
152 68 2
153 68 2
154 68 2
155 68 2
156 68 2
157 68 2
158 68 2
159 68 2
160 68 2
161 68 2
162 68 2
163 68 2
164 68 2
143 69 2
144 69 2
145 69 2
148 69 2
150 69 2
153 69 2
154 69 2
155 69 2
156 69 2
157 69 2
158 69 2
159 69 2
144 70 2
145 70 2
153 72 2
156 72 2
157 72 2
160 72 2
162 72 2
146 73 2
147 73 2
148 73 2
149 73 2
150 73 2
151 73 2
155 73 2
159 73 2
160 73 2
161 73 2
162 73 2
163 73 2
146 74 2
147 74 2
148 74 2
149 74 2
150 74 2
151 74 2
152 74 2
153 74 2
154 74 2
155 74 2
156 74 2
157 74 2
158 74 2
159 74 2
160 74 2
142 75 2
143 75 2
144 75 2
145 75 2
146 75 2
147 75 2
148 75 2
149 75 2
150 75 2
151 75 2
152 75 2
153 75 2
154 75 2
155 75 2
156 75 2
157 75 2
159 75 2
145 76 2
156 76 2
155 77 2
159 78 2
162 78 2
163 78 2
156 79 2
157 79 2
158 79 2
159 79 2
160 79 2
161 79 2
162 79 2
163 79 2
164 79 2
157 80 2
158 80 2
159 80 2
160 80 2
161 80 2
162 80 2
163 80 2
164 80 2
156 81 2
159 81 2
160 81 2
162 81 2
163 81 2
164 81 2
153 82 2
158 82 2
161 82 2
162 83 2
163 83 2
156 84 2
157 84 2
159 84 2
156 85 2
159 85 2
160 85 2
161 85 2
158 86 2
159 86 2
160 86 2
161 86 2
158 87 2
160 87 2
161 87 2
157 88 2
158 88 2
159 88 2
161 88 2
158 89 2
159 89 2
160 89 2
161 89 2
158 90 2
159 90 2
160 90 2
161 90 2
159 91 2
163 91 2
167 91 2
157 92 2
158 92 2
160 92 2
164 92 2
165 92 2
159 93 2
162 93 2
163 93 2
164 93 2
162 94 2
159 95 2
160 95 2
166 96 2
167 96 2
168 96 2
162 97 2
163 97 2
166 97 2
167 97 2
168 97 2
160 98 2
161 98 2
162 98 2
163 98 2
164 98 2
165 98 2
166 98 2
167 98 2
168 98 2
160 99 2
161 99 2
162 99 2
163 99 2
164 99 2
165 99 2
166 99 2
167 99 2
160 100 2
161 100 2
162 100 2
163 100 2
164 100 2
165 100 2
166 100 2
167 100 2
161 101 2
162 101 2
163 101 2
164 101 2
165 101 2
166 101 2
167 101 2
162 102 2
330 32 3
329 33 3
330 33 3
331 33 3
332 33 3
333 33 3
334 33 3
335 33 3
336 33 3
337 33 3
338 33 3
339 33 3
337 34 3
338 34 3
339 34 3
340 34 3
341 34 3
342 34 3
343 34 3
344 34 3
333 66 3
340 66 3
333 67 3
339 67 3
340 67 3
154 68 3
156 68 3
157 68 3
159 68 3
332 68 3
339 68 3
153 69 3
155 69 3
156 69 3
157 69 3
158 69 3
159 69 3
338 69 3
339 69 3
153 70 3
155 70 3
156 70 3
157 70 3
165 74 3
167 74 3
161 75 3
162 75 3
163 75 3
163 76 3
165 77 3
166 77 3
162 78 3
164 78 3
165 78 3
171 78 3
160 79 3
162 79 3
164 79 3
165 79 3
168 79 3
169 79 3
171 79 3
160 80 3
161 80 3
162 80 3
163 80 3
164 80 3
165 80 3
167 80 3
168 80 3
169 80 3
161 81 3
162 81 3
163 81 3
164 81 3
165 81 3
166 81 3
167 81 3
168 81 3
162 82 3
164 82 3
165 82 3
166 82 3
167 82 3
169 82 3
164 83 3
165 83 3
169 83 3
152 84 3
169 84 3
170 84 3
171 84 3
153 85 3
169 85 3
171 85 3
153 86 3
160 88 3
162 88 3
161 89 3
162 89 3
163 89 3
165 89 3
162 90 3
163 90 3
165 90 3
166 90 3
166 91 3
175 93 3
169 94 3
169 95 3
171 95 3
172 95 3
166 96 3
167 96 3
168 96 3
169 96 3
170 96 3
171 96 3
172 96 3
166 97 3
168 97 3
170 97 3
171 97 3
167 98 3
171 98 3
157 99 3
171 99 3
159 100 3
169 100 3
170 100 3
171 100 3
172 100 3
164 101 3
168 101 3
169 101 3
170 101 3
171 101 3
172 101 3
167 102 3
168 102 3
169 102 3
173 102 3
