232 29 0
233 31 0
233 34 0
229 39 0
230 39 0
236 42 0
232 43 0
233 43 0
139 45 0
140 45 0
141 45 0
142 45 0
143 45 0
144 45 0
145 45 0
146 45 0
147 45 0
150 45 0
151 45 0
154 45 0
138 46 0
139 46 0
140 46 0
141 46 0
142 46 0
143 46 0
144 46 0
145 46 0
146 46 0
147 46 0
148 46 0
149 46 0
150 46 0
151 46 0
152 46 0
153 46 0
154 46 0
155 46 0
156 46 0
158 46 0
176 46 0
138 47 0
139 47 0
140 47 0
141 47 0
144 47 0
145 47 0
147 47 0
148 47 0
149 47 0
150 47 0
151 47 0
152 47 0
153 47 0
154 47 0
155 47 0
156 47 0
157 47 0
158 47 0
159 47 0
160 47 0
161 47 0
162 47 0
163 47 0
167 47 0
175 47 0
177 47 0
153 48 0
154 48 0
155 48 0
156 48 0
157 48 0
158 48 0
159 48 0
160 48 0
161 48 0
162 48 0
163 48 0
164 48 0
165 48 0
166 48 0
167 48 0
168 48 0
169 48 0
170 48 0
172 48 0
173 48 0
174 48 0
175 48 0
176 48 0
177 48 0
178 48 0
179 48 0
163 49 0
164 49 0
165 49 0
166 49 0
167 49 0
168 49 0
169 49 0
170 49 0
171 49 0
172 49 0
173 49 0
174 49 0
175 49 0
176 49 0
180 49 0
181 49 0
136 50 0
137 50 0
140 50 0
141 50 0
167 50 0
168 50 0
169 50 0
170 50 0
171 50 0
172 50 0
173 50 0
174 50 0
175 50 0
176 50 0
177 50 0
178 50 0
179 50 0
180 50 0
181 50 0
242 50 0
135 51 0
136 51 0
137 51 0
138 51 0
139 51 0
140 51 0
141 51 0
142 51 0
143 51 0
144 51 0
173 51 0
174 51 0
175 51 0
176 51 0
177 51 0
178 51 0
179 51 0
180 51 0
181 51 0
182 51 0
183 51 0
184 51 0
136 52 0
137 52 0
138 52 0
139 52 0
140 52 0
141 52 0
142 52 0
145 52 0
151 52 0
152 52 0
154 52 0
175 52 0
176 52 0
177 52 0
178 52 0
179 52 0
180 52 0
181 52 0
182 52 0
183 52 0
184 52 0
243 52 0
135 53 0
136 53 0
137 53 0
138 53 0
139 53 0
140 53 0
141 53 0
142 53 0
143 53 0
144 53 0
145 53 0
146 53 0
147 53 0
148 53 0
150 53 0
153 53 0
155 53 0
157 53 0
159 53 0
179 53 0
182 53 0
244 53 0
136 54 0
137 54 0
138 54 0
139 54 0
140 54 0
141 54 0
142 54 0
143 54 0
144 54 0
145 54 0
146 54 0
147 54 0
149 54 0
150 54 0
151 54 0
152 54 0
153 54 0
154 54 0
155 54 0
156 54 0
157 54 0
158 54 0
244 54 0
245 54 0
141 55 0
142 55 0
143 55 0
144 55 0
145 55 0
146 55 0
147 55 0
148 55 0
149 55 0
150 55 0
151 55 0
152 55 0
153 55 0
155 55 0
156 55 0
242 55 0
244 55 0
245 55 0
147 56 0
149 56 0
150 56 0
151 56 0
152 56 0
153 56 0
154 56 0
160 56 0
162 56 0
163 56 0
165 56 0
169 56 0
243 56 0
244 56 0
245 56 0
246 56 0
161 57 0
162 57 0
163 57 0
164 57 0
165 57 0
166 57 0
167 57 0
172 57 0
173 57 0
244 57 0
245 57 0
246 57 0
149 58 0
150 58 0
151 58 0
152 58 0
154 58 0
156 58 0
163 58 0
167 58 0
168 58 0
169 58 0
170 58 0
171 58 0
172 58 0
244 58 0
245 58 0
246 58 0
150 59 0
152 59 0
153 59 0
154 59 0
155 59 0
156 59 0
157 59 0
158 59 0
160 59 0
161 59 0
165 59 0
166 59 0
167 59 0
168 59 0
170 59 0
171 59 0
172 59 0
173 59 0
174 59 0
243 59 0
244 59 0
245 59 0
155 60 0
158 60 0
167 60 0
168 60 0
169 60 0
170 60 0
171 60 0
172 60 0
173 60 0
241 60 0
242 60 0
243 60 0
244 60 0
245 60 0
249 60 0
160 61 0
168 61 0
169 61 0
170 61 0
171 61 0
172 61 0
173 61 0
174 61 0
175 61 0
176 61 0
242 61 0
243 61 0
244 61 0
245 61 0
248 61 0
249 61 0
250 61 0
251 61 0
252 61 0
253 61 0
162 62 0
163 62 0
164 62 0
165 62 0
171 62 0
172 62 0
173 62 0
174 62 0
175 62 0
176 62 0
177 62 0
241 62 0
242 62 0
243 62 0
244 62 0
245 62 0
246 62 0
247 62 0
248 62 0
249 62 0
250 62 0
251 62 0
252 62 0
253 62 0
254 62 0
255 62 0
256 62 0
257 62 0
161 63 0
162 63 0
163 63 0
165 63 0
166 63 0
174 63 0
175 63 0
176 63 0
177 63 0
178 63 0
240 63 0
241 63 0
242 63 0
243 63 0
244 63 0
245 63 0
246 63 0
247 63 0
248 63 0
249 63 0
250 63 0
251 63 0
256 63 0
257 63 0
163 64 0
164 64 0
165 64 0
166 64 0
167 64 0
168 64 0
170 64 0
171 64 0
172 64 0
176 64 0
177 64 0
239 64 0
240 64 0
241 64 0
245 64 0
248 64 0
249 64 0
250 64 0
159 65 0
163 65 0
164 65 0
165 65 0
166 65 0
169 65 0
170 65 0
171 65 0
172 65 0
239 65 0
160 66 0
161 66 0
162 66 0
167 66 0
168 66 0
169 66 0
170 66 0
171 66 0
172 66 0
173 66 0
174 66 0
175 66 0
238 66 0
165 67 0
166 67 0
167 67 0
168 67 0
170 67 0
171 67 0
172 67 0
174 67 0
156 68 0
157 68 0
160 68 0
161 68 0
162 68 0
163 68 0
165 68 0
166 68 0
167 68 0
168 68 0
169 68 0
170 68 0
171 68 0
172 68 0
174 68 0
149 69 0
154 69 0
155 69 0
156 69 0
157 69 0
158 69 0
159 69 0
160 69 0
161 69 0
162 69 0
163 69 0
164 69 0
165 69 0
166 69 0
167 69 0
168 69 0
169 69 0
170 69 0
171 69 0
172 69 0
173 69 0
174 69 0
139 70 0
147 70 0
148 70 0
149 70 0
150 70 0
151 70 0
152 70 0
153 70 0
154 70 0
155 70 0
156 70 0
157 70 0
158 70 0
159 70 0
160 70 0
161 70 0
162 70 0
163 70 0
164 70 0
165 70 0
166 70 0
167 70 0
168 70 0
169 70 0
170 70 0
171 70 0
172 70 0
173 70 0
174 70 0
136 71 0
137 71 0
138 71 0
139 71 0
140 71 0
144 71 0
145 71 0
146 71 0
147 71 0
148 71 0
149 71 0
134 72 0
135 72 0
136 72 0
137 72 0
138 72 0
143 72 0
144 72 0
134 73 0
137 73 0
172 74 0
173 74 0
177 74 0
163 75 0
166 75 0
170 75 0
171 75 0
175 75 0
176 75 0
180 75 0
192 75 0
143 76 0
146 76 0
155 76 0
156 76 0
162 76 0
163 76 0
170 76 0
171 76 0
174 76 0
175 76 0
176 76 0
177 76 0
178 76 0
179 76 0
191 76 0
196 76 0
197 76 0
134 77 0
136 77 0
137 77 0
138 77 0
139 77 0
140 77 0
141 77 0
142 77 0
143 77 0
144 77 0
145 77 0
146 77 0
147 77 0
164 77 0
168 77 0
169 77 0
173 77 0
174 77 0
175 77 0
178 77 0
179 77 0
180 77 0
196 77 0
198 77 0
207 77 0
134 78 0
135 78 0
136 78 0
137 78 0
138 78 0
139 78 0
140 78 0
141 78 0
142 78 0
147 78 0
148 78 0
149 78 0
150 78 0
155 78 0
159 78 0
164 78 0
166 78 0
167 78 0
168 78 0
170 78 0
172 78 0
194 78 0
204 78 0
131 79 0
133 79 0
134 79 0
135 79 0
136 79 0
137 79 0
138 79 0
139 79 0
143 79 0
144 79 0
147 79 0
148 79 0
149 79 0
150 79 0
152 79 0
153 79 0
154 79 0
155 79 0
156 79 0
157 79 0
158 79 0
166 79 0
135 80 0
136 80 0
137 80 0
138 80 0
139 80 0
141 80 0
142 80 0
143 80 0
144 80 0
145 80 0
146 80 0
147 80 0
148 80 0
149 80 0
150 80 0
151 80 0
208 80 0
136 81 0
137 81 0
138 81 0
139 81 0
140 81 0
148 81 0
150 81 0
151 81 0
155 82 0
156 82 0
160 82 0
161 82 0
162 82 0
163 82 0
164 82 0
170 82 0
171 82 0
131 83 0
132 83 0
134 83 0
159 83 0
160 83 0
161 83 0
162 83 0
163 83 0
164 83 0
165 83 0
166 83 0
174 83 0
131 84 0
132 84 0
133 84 0
134 84 0
135 84 0
160 84 0
161 84 0
173 84 0
174 84 0
175 84 0
176 84 0
177 84 0
178 84 0
179 84 0
159 85 0
171 85 0
172 85 0
173 85 0
174 85 0
175 85 0
176 85 0
177 85 0
158 86 0
159 86 0
164 86 0
166 86 0
167 86 0
152 87 0
153 87 0
155 87 0
156 87 0
157 87 0
158 87 0
159 87 0
160 87 0
162 87 0
163 87 0
164 87 0
165 87 0
166 87 0
167 87 0
150 88 0
151 88 0
152 88 0
153 88 0
154 88 0
155 88 0
156 88 0
157 88 0
158 88 0
159 88 0
164 88 0
179 88 0
184 88 0
185 88 0
187 88 0
142 89 0
143 89 0
144 89 0
145 89 0
146 89 0
147 89 0
148 89 0
149 89 0
150 89 0
151 89 0
152 89 0
153 89 0
154 89 0
155 89 0
156 89 0
157 89 0
169 89 0
179 89 0
181 89 0
141 90 0
142 90 0
143 90 0
144 90 0
145 90 0
146 90 0
147 90 0
148 90 0
149 90 0
150 90 0
151 90 0
152 90 0
153 90 0
154 90 0
164 90 0
165 90 0
166 90 0
170 90 0
171 90 0
177 90 0
178 90 0
180 90 0
182 90 0
141 91 0
142 91 0
143 91 0
144 91 0
168 91 0
169 91 0
171 91 0
172 91 0
173 91 0
174 91 0
175 91 0
176 91 0
177 91 0
178 91 0
179 91 0
180 91 0
222 91 0
236 91 0
155 92 0
159 92 0
160 92 0
161 92 0
167 92 0
174 92 0
176 92 0
179 92 0
182 92 0
184 92 0
186 92 0
150 93 0
153 93 0
155 93 0
158 93 0
168 93 0
169 93 0
232 93 0
142 94 0
143 94 0
146 94 0
147 94 0
148 94 0
149 94 0
150 94 0
151 94 0
152 94 0
153 94 0
154 94 0
155 94 0
156 94 0
157 94 0
159 94 0
160 94 0
161 94 0
162 94 0
163 94 0
164 94 0
165 94 0
138 95 0
139 95 0
141 95 0
142 95 0
143 95 0
144 95 0
145 95 0
146 95 0
147 95 0
148 95 0
149 95 0
150 95 0
151 95 0
152 95 0
153 95 0
154 95 0
155 95 0
156 95 0
157 95 0
158 95 0
159 95 0
160 95 0
161 95 0
162 95 0
163 95 0
164 95 0
177 95 0
188 95 0
221 95 0
230 95 0
231 95 0
234 95 0
238 95 0
135 96 0
136 96 0
137 96 0
138 96 0
139 96 0
140 96 0
141 96 0
142 96 0
143 96 0
144 96 0
145 96 0
146 96 0
147 96 0
148 96 0
149 96 0
150 96 0
151 96 0
152 96 0
153 96 0
154 96 0
155 96 0
156 96 0
157 96 0
158 96 0
159 96 0
160 96 0
161 96 0
162 96 0
176 96 0
179 96 0
180 96 0
189 96 0
190 96 0
235 96 0
135 97 0
136 97 0
137 97 0
138 97 0
139 97 0
140 97 0
142 97 0
145 97 0
146 97 0
147 97 0
148 97 0
149 97 0
150 97 0
151 97 0
152 97 0
153 97 0
154 97 0
155 97 0
156 97 0
157 97 0
158 97 0
159 97 0
160 97 0
161 97 0
162 97 0
163 97 0
164 97 0
167 97 0
168 97 0
173 97 0
174 97 0
176 97 0
177 97 0
178 97 0
180 97 0
181 97 0
189 97 0
206 97 0
213 97 0
218 97 0
220 97 0
235 97 0
236 97 0
237 97 0
238 97 0
239 97 0
241 97 0
137 98 0
138 98 0
146 98 0
147 98 0
148 98 0
149 98 0
150 98 0
151 98 0
152 98 0
153 98 0
154 98 0
155 98 0
156 98 0
157 98 0
158 98 0
159 98 0
160 98 0
161 98 0
162 98 0
163 98 0
164 98 0
165 98 0
166 98 0
167 98 0
168 98 0
169 98 0
170 98 0
171 98 0
172 98 0
173 98 0
174 98 0
175 98 0
176 98 0
177 98 0
178 98 0
179 98 0
182 98 0
183 98 0
185 98 0
186 98 0
187 98 0
192 98 0
200 98 0
205 98 0
206 98 0
210 98 0
211 98 0
212 98 0
215 98 0
218 98 0
219 98 0
220 98 0
226 98 0
227 98 0
231 98 0
235 98 0
236 98 0
237 98 0
147 99 0
148 99 0
151 99 0
152 99 0
153 99 0
154 99 0
155 99 0
156 99 0
157 99 0
158 99 0
159 99 0
160 99 0
161 99 0
162 99 0
163 99 0
164 99 0
166 99 0
167 99 0
168 99 0
169 99 0
170 99 0
171 99 0
172 99 0
173 99 0
174 99 0
176 99 0
177 99 0
178 99 0
183 99 0
184 99 0
185 99 0
188 99 0
209 99 0
210 99 0
212 99 0
213 99 0
216 99 0
217 99 0
218 99 0
220 99 0
232 99 0
235 99 0
236 99 0
237 99 0
238 99 0
239 99 0
240 99 0
252 99 0
142 100 0
143 100 0
144 100 0
153 100 0
160 100 0
166 100 0
170 100 0
171 100 0
172 100 0
173 100 0
175 100 0
177 100 0
208 100 0
212 100 0
214 100 0
216 100 0
219 100 0
231 100 0
232 100 0
233 100 0
236 100 0
237 100 0
238 100 0
239 100 0
240 100 0
241 100 0
242 100 0
244 100 0
245 100 0
249 100 0
142 101 0
181 101 0
182 101 0
197 101 0
200 101 0
201 101 0
204 101 0
206 101 0
209 101 0
210 101 0
211 101 0
212 101 0
213 101 0
216 101 0
233 101 0
237 101 0
238 101 0
239 101 0
240 101 0
241 101 0
242 101 0
243 101 0
244 101 0
245 101 0
247 101 0
248 101 0
250 101 0
251 101 0
177 102 0
180 102 0
181 102 0
182 102 0
192 102 0
193 102 0
194 102 0
204 102 0
207 102 0
208 102 0
209 102 0
232 102 0
233 102 0
234 102 0
238 102 0
239 102 0
240 102 0
241 102 0
242 102 0
243 102 0
244 102 0
245 102 0
246 102 0
247 102 0
248 102 0
249 102 0
251 102 0
179 103 0
180 103 0
201 103 0
202 103 0
205 103 0
206 103 0
232 103 0
233 103 0
234 103 0
235 103 0
236 103 0
241 103 0
242 103 0
243 103 0
245 103 0
246 103 0
247 103 0
248 103 0
249 103 0
250 103 0
251 103 0
253 103 0
254 103 0
255 103 0
177 104 0
188 104 0
190 104 0
191 104 0
192 104 0
195 104 0
196 104 0
197 104 0
199 104 0
200 104 0
201 104 0
202 104 0
203 104 0
205 104 0
233 104 0
234 104 0
235 104 0
236 104 0
237 104 0
247 104 0
248 104 0
250 104 0
252 104 0
253 104 0
256 104 0
176 105 0
192 105 0
193 105 0
194 105 0
195 105 0
196 105 0
198 105 0
199 105 0
200 105 0
204 105 0
234 105 0
235 105 0
236 105 0
237 105 0
238 105 0
240 105 0
251 105 0
252 105 0
181 106 0
184 106 0
185 106 0
186 106 0
187 106 0
191 106 0
192 106 0
193 106 0
194 106 0
195 106 0
196 106 0
197 106 0
198 106 0
199 106 0
200 106 0
239 106 0
163 107 0
167 107 0
180 107 0
181 107 0
182 107 0
183 107 0
184 107 0
185 107 0
186 107 0
187 107 0
188 107 0
189 107 0
190 107 0
191 107 0
192 107 0
193 107 0
194 107 0
196 107 0
197 107 0
198 107 0
162 108 0
165 108 0
167 108 0
168 108 0
179 108 0
183 108 0
184 108 0
185 108 0
186 108 0
187 108 0
188 108 0
189 108 0
194 108 0
195 108 0
196 108 0
164 109 0
165 109 0
166 109 0
167 109 0
168 109 0
177 109 0
178 109 0
179 109 0
180 109 0
181 109 0
182 109 0
183 109 0
184 109 0
185 109 0
188 109 0
215 109 0
159 110 0
161 110 0
162 110 0
163 110 0
164 110 0
165 110 0
166 110 0
167 110 0
168 110 0
174 110 0
175 110 0
177 110 0
178 110 0
179 110 0
180 110 0
181 110 0
183 110 0
186 110 0
157 111 0
158 111 0
159 111 0
160 111 0
161 111 0
162 111 0
163 111 0
164 111 0
165 111 0
166 111 0
167 111 0
176 111 0
178 111 0
179 111 0
185 111 0
157 112 0
158 112 0
159 112 0
160 112 0
161 112 0
162 112 0
163 112 0
164 112 0
165 112 0
166 112 0
172 112 0
173 112 0
176 112 0
177 112 0
178 112 0
179 112 0
183 112 0
157 113 0
158 113 0
159 113 0
160 113 0
161 113 0
162 113 0
166 113 0
169 113 0
170 113 0
171 113 0
172 113 0
173 113 0
174 113 0
177 113 0
179 113 0
182 113 0
183 113 0
184 113 0
156 114 0
157 114 0
158 114 0
159 114 0
160 114 0
168 114 0
169 114 0
170 114 0
171 114 0
172 114 0
182 114 0
156 115 0
157 115 0
158 115 0
165 115 0
166 115 0
167 115 0
168 115 0
169 115 0
170 115 0
171 115 0
172 115 0
173 115 0
190 115 0
161 116 0
163 116 0
164 116 0
165 116 0
166 116 0
167 116 0
168 116 0
169 116 0
175 116 0
159 117 0
160 117 0
161 117 0
162 117 0
163 117 0
164 117 0
165 117 0
166 117 0
167 117 0
168 117 0
169 117 0
172 117 0
176 117 0
177 117 0
155 118 0
156 118 0
157 118 0
158 118 0
159 118 0
160 118 0
161 118 0
162 118 0
163 118 0
164 118 0
165 118 0
166 118 0
167 118 0
168 118 0
169 118 0
172 118 0
174 118 0
155 119 0
156 119 0
157 119 0
158 119 0
159 119 0
160 119 0
161 119 0
162 119 0
163 119 0
164 119 0
165 119 0
166 119 0
167 119 0
168 119 0
169 119 0
171 119 0
156 120 0
157 120 0
158 120 0
160 120 0
161 120 0
162 120 0
163 120 0
164 120 0
165 120 0
166 120 0
167 120 0
168 120 0
161 121 0
162 121 0
163 121 0
164 121 0
159 122 0
162 122 0
163 122 0
210 126 0
341 30 1
342 30 1
341 31 1
342 31 1
343 31 1
344 31 1
343 32 1
344 32 1
270 68 1
274 68 1
276 68 1
277 68 1
279 68 1
269 69 1
273 69 1
274 69 1
275 69 1
276 69 1
277 69 1
278 69 1
279 69 1
281 69 1
286 69 1
272 70 1
275 70 1
277 70 1
278 70 1
279 70 1
280 70 1
281 70 1
283 70 1
284 70 1
285 70 1
286 70 1
288 70 1
289 70 1
294 70 1
277 71 1
279 71 1
282 71 1
283 71 1
284 71 1
285 71 1
286 71 1
287 71 1
288 71 1
289 71 1
290 71 1
291 71 1
294 71 1
295 71 1
296 71 1
279 72 1
284 72 1
285 72 1
286 72 1
287 72 1
288 72 1
289 72 1
290 72 1
291 72 1
292 72 1
293 72 1
294 72 1
295 72 1
296 72 1
298 72 1
299 72 1
301 72 1
287 73 1
289 73 1
290 73 1
291 73 1
292 73 1
293 73 1
294 73 1
295 73 1
296 73 1
297 73 1
298 73 1
299 73 1
300 73 1
301 73 1
302 73 1
293 74 1
294 74 1
295 74 1
296 74 1
297 74 1
298 74 1
299 74 1
300 74 1
301 74 1
302 74 1
303 74 1
304 74 1
305 74 1
306 74 1
307 74 1
308 74 1
312 74 1
318 74 1
324 74 1
329 74 1
337 74 1
343 74 1
296 75 1
298 75 1
300 75 1
301 75 1
302 75 1
303 75 1
304 75 1
305 75 1
306 75 1
307 75 1
308 75 1
309 75 1
310 75 1
311 75 1
312 75 1
313 75 1
314 75 1
317 75 1
318 75 1
319 75 1
321 75 1
322 75 1
323 75 1
324 75 1
327 75 1
329 75 1
333 75 1
334 75 1
336 75 1
337 75 1
340 75 1
342 75 1
343 75 1
300 76 1
304 76 1
305 76 1
306 76 1
308 76 1
310 76 1
311 76 1
312 76 1
313 76 1
315 76 1
316 76 1
317 76 1
318 76 1
319 76 1
320 76 1
321 76 1
322 76 1
323 76 1
324 76 1
325 76 1
326 76 1
327 76 1
329 76 1
330 76 1
331 76 1
332 76 1
333 76 1
334 76 1
335 76 1
336 76 1
337 76 1
338 76 1
339 76 1
340 76 1
341 76 1
342 76 1
343 76 1
310 77 1
315 77 1
316 77 1
317 77 1
318 77 1
319 77 1
323 77 1
324 77 1
325 77 1
327 77 1
328 77 1
329 77 1
331 77 1
332 77 1
333 77 1
335 77 1
336 77 1
338 77 1
339 77 1
340 77 1
341 77 1
342 77 1
334 78 1
262 87 1
289 89 1
260 106 1
257 107 1
264 107 1
265 107 1
262 110 1
221 111 1
226 111 1
230 111 1
231 111 1
262 111 1
268 111 1
233 112 1
266 112 1
268 112 1
225 113 1
253 113 1
229 114 1
233 114 1
234 114 1
276 114 1
226 115 1
238 115 1
240 115 1
229 116 1
238 116 1
244 116 1
243 117 1
292 117 1
241 118 1
242 118 1
243 118 1
247 118 1
277 118 1
241 119 1
242 119 1
245 119 1
246 119 1
247 119 1
249 119 1
294 119 1
245 120 1
246 120 1
249 120 1
246 121 1
248 121 1
249 121 1
249 122 1
250 122 1
251 122 1
252 122 1
305 122 1
249 123 1
251 124 1
274 124 1
224 125 1
249 125 1
251 125 1
253 125 1
255 125 1
251 126 1
253 126 1
254 126 1
255 126 1
258 126 1
259 126 1
280 126 1
256 127 1
257 127 1
258 127 1
285 127 1
258 128 1
255 129 1
256 129 1
257 129 1
258 129 1
261 129 1
260 130 1
264 130 1
265 130 1
260 131 1
263 132 1
263 133 1
264 133 1
277 133 1
263 134 1
265 134 1
266 134 1
267 134 1
269 134 1
301 134 1
302 134 1
265 135 1
266 135 1
267 135 1
269 135 1
270 136 1
300 136 1
301 136 1
266 137 1
273 137 1
269 138 1
271 138 1
273 138 1
308 138 1
269 139 1
272 139 1
273 139 1
311 139 1
311 140 1
275 141 1
272 142 1
275 142 1
276 142 1
278 142 1
320 142 1
279 144 1
281 144 1
280 145 1
281 145 1
279 146 1
280 146 1
284 147 1
288 147 1
331 147 1
338 148 1
290 150 1
291 152 1
302 155 1
301 158 1
329 170 1
207 5 2
208 5 2
206 6 2
207 6 2
208 6 2
210 6 2
207 7 2
208 7 2
209 7 2
210 7 2
210 8 2
212 9 2
213 9 2
214 10 2
212 11 2
213 11 2
212 12 2
213 12 2
214 12 2
215 12 2
211 13 2
212 13 2
213 13 2
214 13 2
215 13 2
202 14 2
212 14 2
213 14 2
214 14 2
215 14 2
218 14 2
212 15 2
213 15 2
214 15 2
215 15 2
216 15 2
201 16 2
214 16 2
215 16 2
216 16 2
217 16 2
201 17 2
215 17 2
216 17 2
217 17 2
201 18 2
215 18 2
216 18 2
217 18 2
218 18 2
201 19 2
202 19 2
216 19 2
217 19 2
218 19 2
202 20 2
216 20 2
217 20 2
218 20 2
219 20 2
221 20 2
202 21 2
203 21 2
216 21 2
217 21 2
218 21 2
219 21 2
220 21 2
202 22 2
203 22 2
217 22 2
218 22 2
219 22 2
220 22 2
221 22 2
223 22 2
202 23 2
203 23 2
219 23 2
220 23 2
221 23 2
223 23 2
203 24 2
204 24 2
205 24 2
219 24 2
220 24 2
221 24 2
222 24 2
223 24 2
204 25 2
205 25 2
220 25 2
221 25 2
222 25 2
223 25 2
224 25 2
225 25 2
204 26 2
205 26 2
206 26 2
212 26 2
220 26 2
221 26 2
222 26 2
223 26 2
224 26 2
225 26 2
204 27 2
205 27 2
206 27 2
221 27 2
222 27 2
223 27 2
224 27 2
225 27 2
226 27 2
205 28 2
206 28 2
207 28 2
208 28 2
210 28 2
223 28 2
224 28 2
225 28 2
226 28 2
206 29 2
207 29 2
208 29 2
209 29 2
210 29 2
223 29 2
224 29 2
225 29 2
226 29 2
207 30 2
208 30 2
209 30 2
210 30 2
225 30 2
207 31 2
208 31 2
209 31 2
210 31 2
208 32 2
209 32 2
210 32 2
211 32 2
209 33 2
210 33 2
211 33 2
212 33 2
214 33 2
216 33 2
209 34 2
210 34 2
211 34 2
212 34 2
213 34 2
210 35 2
211 35 2
212 35 2
210 36 2
211 36 2
212 36 2
213 36 2
214 36 2
211 37 2
212 37 2
213 37 2
214 37 2
211 38 2
212 38 2
212 39 2
213 39 2
212 40 2
213 40 2
212 41 2
213 41 2
209 45 2
208 46 2
209 46 2
210 46 2
206 47 2
207 47 2
208 47 2
209 47 2
210 47 2
211 47 2
201 48 2
205 48 2
206 48 2
207 48 2
208 48 2
209 48 2
210 48 2
200 49 2
202 49 2
204 49 2
205 49 2
206 49 2
207 49 2
208 49 2
203 50 2
204 50 2
205 50 2
206 50 2
199 51 2
200 51 2
201 51 2
202 51 2
203 51 2
199 52 2
200 52 2
201 52 2
