151 88 0
152 88 0
153 88 0
154 88 0
155 88 0
156 88 0
158 88 0
159 88 0
167 88 0
185 88 0
188 88 0
189 88 0
141 89 0
142 89 0
143 89 0
144 89 0
145 89 0
146 89 0
147 89 0
148 89 0
151 89 0
152 89 0
153 89 0
154 89 0
155 89 0
156 89 0
157 89 0
158 89 0
159 89 0
160 89 0
175 89 0
176 89 0
177 89 0
178 89 0
179 89 0
180 89 0
181 89 0
182 89 0
183 89 0
184 89 0
185 89 0
142 90 0
143 90 0
145 90 0
146 90 0
147 90 0
156 90 0
157 90 0
158 90 0
159 90 0
160 90 0
164 90 0
169 90 0
175 90 0
176 90 0
177 90 0
178 90 0
179 90 0
180 90 0
181 90 0
182 90 0
183 90 0
184 90 0
164 91 0
165 91 0
166 91 0
167 91 0
168 91 0
169 91 0
170 91 0
171 91 0
138 93 0
139 93 0
128 95 0
129 95 0
130 95 0
131 95 0
137 95 0
128 96 0
129 96 0
130 96 0
144 96 0
128 97 0
129 97 0
138 97 0
144 97 0
145 97 0
146 97 0
130 98 0
146 98 0
147 98 0
148 98 0
149 98 0
151 98 0
152 98 0
149 99 0
150 99 0
151 99 0
152 99 0
153 99 0
154 99 0
155 99 0
156 99 0
157 99 0
158 99 0
159 99 0
163 99 0
147 100 0
148 100 0
149 100 0
150 100 0
151 100 0
152 100 0
153 100 0
154 100 0
155 100 0
156 100 0
157 100 0
158 100 0
159 100 0
160 100 0
161 100 0
162 100 0
163 100 0
164 100 0
168 100 0
134 101 0
141 101 0
142 101 0
143 101 0
151 101 0
152 101 0
153 101 0
154 101 0
155 101 0
156 101 0
157 101 0
158 101 0
159 101 0
160 101 0
161 101 0
162 101 0
163 101 0
164 101 0
165 101 0
166 101 0
153 102 0
154 102 0
155 102 0
156 102 0
157 102 0
158 102 0
159 102 0
160 102 0
161 102 0
162 102 0
163 102 0
164 102 0
165 102 0
166 102 0
152 103 0
153 103 0
154 103 0
155 103 0
156 103 0
157 103 0
158 103 0
159 103 0
160 103 0
161 103 0
162 103 0
163 103 0
164 103 0
165 103 0
166 103 0
162 104 0
164 104 0
165 104 0
166 104 0
156 107 0
162 107 0
165 107 0
166 107 0
168 107 0
170 107 0
157 108 0
158 108 0
159 108 0
160 108 0
161 108 0
162 108 0
163 108 0
164 108 0
165 108 0
166 108 0
167 108 0
168 108 0
153 109 0
156 109 0
157 109 0
158 109 0
159 109 0
160 109 0
161 109 0
162 109 0
163 109 0
164 109 0
165 109 0
166 109 0
167 109 0
168 109 0
152 110 0
153 110 0
154 110 0
155 110 0
156 110 0
157 110 0
158 110 0
159 110 0
160 110 0
161 110 0
162 110 0
163 110 0
164 110 0
165 110 0
166 110 0
167 110 0
142 111 0
147 111 0
148 111 0
149 111 0
150 111 0
151 111 0
152 111 0
153 111 0
154 111 0
155 111 0
156 111 0
157 111 0
158 111 0
159 111 0
160 111 0
161 111 0
162 111 0
163 111 0
164 111 0
140 112 0
143 112 0
144 112 0
146 112 0
147 112 0
148 112 0
149 112 0
150 112 0
151 112 0
152 112 0
153 112 0
154 112 0
155 112 0
156 112 0
157 112 0
158 112 0
141 113 0
142 113 0
143 113 0
144 113 0
145 113 0
146 113 0
147 113 0
148 113 0
132 114 0
135 114 0
136 114 0
137 114 0
138 114 0
139 114 0
140 114 0
141 114 0
142 114 0
143 114 0
144 114 0
145 114 0
146 114 0
167 114 0
170 114 0
176 114 0
185 114 0
194 114 0
196 114 0
197 114 0
132 115 0
133 115 0
134 115 0
135 115 0
136 115 0
137 115 0
138 115 0
139 115 0
140 115 0
141 115 0
142 115 0
167 115 0
172 115 0
173 115 0
174 115 0
186 115 0
189 115 0
125 116 0
130 116 0
131 116 0
132 116 0
133 116 0
134 116 0
135 116 0
136 116 0
137 116 0
138 116 0
169 116 0
172 116 0
125 117 0
126 117 0
127 117 0
128 117 0
129 117 0
130 117 0
131 117 0
132 117 0
133 117 0
134 117 0
135 117 0
159 117 0
163 117 0
164 117 0
166 117 0
168 117 0
124 118 0
125 118 0
126 118 0
127 118 0
145 118 0
147 118 0
167 118 0
122 119 0
123 119 0
124 119 0
125 119 0
126 119 0
139 119 0
140 119 0
150 119 0
156 119 0
157 119 0
160 119 0
161 119 0
122 120 0
123 120 0
124 120 0
125 120 0
148 120 0
152 120 0
155 120 0
159 120 0
160 120 0
161 120 0
162 120 0
163 120 0
165 120 0
166 120 0
167 120 0
168 120 0
123 121 0
134 121 0
137 121 0
140 121 0
144 121 0
150 121 0
153 121 0
156 121 0
162 121 0
164 121 0
165 121 0
166 121 0
167 121 0
168 121 0
126 122 0
129 122 0
134 122 0
135 122 0
136 122 0
137 122 0
138 122 0
139 122 0
140 122 0
141 122 0
142 122 0
143 122 0
144 122 0
146 122 0
149 122 0
151 122 0
152 122 0
153 122 0
154 122 0
162 122 0
164 122 0
172 122 0
129 123 0
130 123 0
131 123 0
132 123 0
136 123 0
137 123 0
138 123 0
140 123 0
141 123 0
142 123 0
143 123 0
144 123 0
145 123 0
147 123 0
159 123 0
167 123 0
168 123 0
169 123 0
170 123 0
171 123 0
123 124 0
124 124 0
128 124 0
131 124 0
132 124 0
133 124 0
134 124 0
135 124 0
136 124 0
137 124 0
138 124 0
139 124 0
140 124 0
141 124 0
142 124 0
143 124 0
144 124 0
146 124 0
162 124 0
164 124 0
165 124 0
166 124 0
167 124 0
168 124 0
169 124 0
170 124 0
171 124 0
172 124 0
221 124 0
121 125 0
122 125 0
123 125 0
124 125 0
125 125 0
126 125 0
127 125 0
128 125 0
130 125 0
131 125 0
132 125 0
135 125 0
136 125 0
137 125 0
138 125 0
139 125 0
140 125 0
141 125 0
161 125 0
162 125 0
163 125 0
164 125 0
165 125 0
166 125 0
167 125 0
168 125 0
169 125 0
170 125 0
121 126 0
122 126 0
123 126 0
124 126 0
125 126 0
126 126 0
127 126 0
128 126 0
129 126 0
161 126 0
162 126 0
163 126 0
164 126 0
165 126 0
166 126 0
122 127 0
123 127 0
124 127 0
125 127 0
126 127 0
127 127 0
162 127 0
174 127 0
179 127 0
122 128 0
123 128 0
124 128 0
125 128 0
126 128 0
127 128 0
218 128 0
221 128 0
123 129 0
124 129 0
125 129 0
126 129 0
127 129 0
157 129 0
170 129 0
176 129 0
177 129 0
148 130 0
150 130 0
168 130 0
170 130 0
171 130 0
172 130 0
174 130 0
217 130 0
221 130 0
144 131 0
147 131 0
148 131 0
168 131 0
170 131 0
171 131 0
176 131 0
206 131 0
213 131 0
217 131 0
139 132 0
141 132 0
142 132 0
143 132 0
144 132 0
145 132 0
146 132 0
164 132 0
165 132 0
169 132 0
170 132 0
171 132 0
172 132 0
211 132 0
213 132 0
214 132 0
215 132 0
219 132 0
220 132 0
138 133 0
139 133 0
140 133 0
141 133 0
142 133 0
143 133 0
144 133 0
158 133 0
162 133 0
163 133 0
164 133 0
166 133 0
167 133 0
168 133 0
169 133 0
171 133 0
176 133 0
186 133 0
208 133 0
209 133 0
211 133 0
212 133 0
217 133 0
218 133 0
222 133 0
223 133 0
224 133 0
225 133 0
137 134 0
138 134 0
139 134 0
140 134 0
141 134 0
155 134 0
157 134 0
160 134 0
161 134 0
162 134 0
163 134 0
165 134 0
166 134 0
167 134 0
168 134 0
169 134 0
170 134 0
171 134 0
172 134 0
178 134 0
180 134 0
207 134 0
208 134 0
209 134 0
217 134 0
134 135 0
135 135 0
137 135 0
138 135 0
147 135 0
151 135 0
154 135 0
155 135 0
159 135 0
161 135 0
162 135 0
163 135 0
164 135 0
165 135 0
166 135 0
167 135 0
168 135 0
169 135 0
170 135 0
171 135 0
172 135 0
174 135 0
176 135 0
183 135 0
184 135 0
185 135 0
203 135 0
205 135 0
207 135 0
211 135 0
132 136 0
133 136 0
134 136 0
148 136 0
149 136 0
150 136 0
151 136 0
152 136 0
153 136 0
154 136 0
155 136 0
156 136 0
157 136 0
158 136 0
159 136 0
161 136 0
162 136 0
163 136 0
164 136 0
165 136 0
166 136 0
167 136 0
168 136 0
169 136 0
170 136 0
171 136 0
172 136 0
179 136 0
183 136 0
204 136 0
206 136 0
208 136 0
133 137 0
140 137 0
143 137 0
144 137 0
145 137 0
150 137 0
151 137 0
152 137 0
153 137 0
154 137 0
155 137 0
156 137 0
157 137 0
158 137 0
159 137 0
160 137 0
161 137 0
162 137 0
163 137 0
164 137 0
165 137 0
166 137 0
167 137 0
168 137 0
169 137 0
178 137 0
179 137 0
192 137 0
193 137 0
139 138 0
140 138 0
141 138 0
145 138 0
146 138 0
147 138 0
148 138 0
149 138 0
150 138 0
151 138 0
152 138 0
153 138 0
154 138 0
155 138 0
156 138 0
157 138 0
158 138 0
159 138 0
160 138 0
161 138 0
162 138 0
163 138 0
164 138 0
165 138 0
166 138 0
167 138 0
168 138 0
177 138 0
178 138 0
179 138 0
180 138 0
181 138 0
191 138 0
199 138 0
138 139 0
140 139 0
141 139 0
142 139 0
146 139 0
147 139 0
148 139 0
149 139 0
150 139 0
151 139 0
152 139 0
153 139 0
154 139 0
155 139 0
156 139 0
157 139 0
158 139 0
159 139 0
160 139 0
161 139 0
162 139 0
163 139 0
164 139 0
165 139 0
176 139 0
177 139 0
178 139 0
179 139 0
180 139 0
132 140 0
133 140 0
134 140 0
135 140 0
136 140 0
137 140 0
139 140 0
140 140 0
141 140 0
144 140 0
145 140 0
146 140 0
147 140 0
148 140 0
149 140 0
150 140 0
151 140 0
152 140 0
153 140 0
154 140 0
155 140 0
156 140 0
157 140 0
158 140 0
159 140 0
173 140 0
174 140 0
175 140 0
176 140 0
177 140 0
178 140 0
179 140 0
187 140 0
132 141 0
133 141 0
134 141 0
135 141 0
136 141 0
137 141 0
138 141 0
139 141 0
143 141 0
144 141 0
145 141 0
146 141 0
147 141 0
148 141 0
149 141 0
150 141 0
151 141 0
152 141 0
153 141 0
154 141 0
156 141 0
172 141 0
173 141 0
174 141 0
175 141 0
176 141 0
177 141 0
203 141 0
204 141 0
205 141 0
132 142 0
133 142 0
134 142 0
135 142 0
136 142 0
137 142 0
138 142 0
139 142 0
140 142 0
141 142 0
142 142 0
143 142 0
144 142 0
145 142 0
146 142 0
147 142 0
148 142 0
149 142 0
150 142 0
172 142 0
173 142 0
174 142 0
175 142 0
176 142 0
185 142 0
186 142 0
187 142 0
199 142 0
200 142 0
201 142 0
202 142 0
203 142 0
133 143 0
134 143 0
135 143 0
136 143 0
137 143 0
138 143 0
139 143 0
140 143 0
141 143 0
142 143 0
143 143 0
144 143 0
145 143 0
146 143 0
147 143 0
170 143 0
171 143 0
172 143 0
173 143 0
174 143 0
175 143 0
194 143 0
195 143 0
196 143 0
197 143 0
198 143 0
199 143 0
200 143 0
201 143 0
202 143 0
133 144 0
134 144 0
135 144 0
136 144 0
137 144 0
138 144 0
139 144 0
140 144 0
141 144 0
142 144 0
144 144 0
170 144 0
171 144 0
172 144 0
173 144 0
174 144 0
179 144 0
180 144 0
182 144 0
183 144 0
185 144 0
186 144 0
193 144 0
194 144 0
195 144 0
196 144 0
197 144 0
198 144 0
199 144 0
200 144 0
202 144 0
135 145 0
136 145 0
137 145 0
138 145 0
139 145 0
140 145 0
165 145 0
166 145 0
169 145 0
170 145 0
171 145 0
172 145 0
178 145 0
181 145 0
190 145 0
191 145 0
192 145 0
193 145 0
194 145 0
195 145 0
196 145 0
167 146 0
168 146 0
169 146 0
170 146 0
171 146 0
172 146 0
177 146 0
180 146 0
187 146 0
188 146 0
189 146 0
190 146 0
191 146 0
195 146 0
164 147 0
167 147 0
168 147 0
169 147 0
170 147 0
174 147 0
178 147 0
179 147 0
180 147 0
181 147 0
186 147 0
187 147 0
188 147 0
189 147 0
165 148 0
166 148 0
167 148 0
168 148 0
169 148 0
176 148 0
178 148 0
185 148 0
187 148 0
188 148 0
163 149 0
164 149 0
165 149 0
167 149 0
174 149 0
175 149 0
177 149 0
178 149 0
179 149 0
181 149 0
182 149 0
183 149 0
184 149 0
185 149 0
164 150 0
165 150 0
171 150 0
176 150 0
177 150 0
178 150 0
181 150 0
182 150 0
183 150 0
185 150 0
162 151 0
163 151 0
166 151 0
172 151 0
173 151 0
175 151 0
176 151 0
177 151 0
178 151 0
180 151 0
181 151 0
182 151 0
183 151 0
184 151 0
162 152 0
171 152 0
172 152 0
173 152 0
174 152 0
175 152 0
176 152 0
177 152 0
178 152 0
181 152 0
182 152 0
160 153 0
161 153 0
169 153 0
170 153 0
171 153 0
172 153 0
173 153 0
174 153 0
175 153 0
176 153 0
177 153 0
171 154 0
172 154 0
173 154 0
174 154 0
175 154 0
176 154 0
167 155 0
172 155 0
173 155 0
174 155 0
175 155 0
176 155 0
165 156 0
173 156 0
174 156 0
167 158 0
169 158 0
170 158 0
171 158 0
165 159 0
166 159 0
167 159 0
168 159 0
169 159 0
170 159 0
163 160 0
165 160 0
166 160 0
167 160 0
168 160 0
169 160 0
161 161 0
162 161 0
163 161 0
164 161 0
165 161 0
166 161 0
167 161 0
161 162 0
162 162 0
251 9 1
251 10 1
251 12 1
252 14 1
252 15 1
252 16 1
253 16 1
253 28 1
254 32 1
342 32 1
343 32 1
344 32 1
343 33 1
344 33 1
258 38 1
259 39 1
260 39 1
257 40 1
258 40 1
259 40 1
260 40 1
261 40 1
258 41 1
259 41 1
260 41 1
261 41 1
259 42 1
260 42 1
261 42 1
259 43 1
260 43 1
261 43 1
260 44 1
261 44 1
262 44 1
260 45 1
261 45 1
260 46 1
261 46 1
262 46 1
260 47 1
261 47 1
262 47 1
260 48 1
261 48 1
262 48 1
261 49 1
262 49 1
263 49 1
261 50 1
262 50 1
263 50 1
261 51 1
262 51 1
263 51 1
262 52 1
263 52 1
262 53 1
263 53 1
264 53 1
271 73 1
271 74 1
273 75 1
273 76 1
273 77 1
276 78 1
277 78 1
276 79 1
277 79 1
277 80 1
279 80 1
280 80 1
276 81 1
279 81 1
281 82 1
282 82 1
283 83 1
284 84 1
230 85 1
258 85 1
287 85 1
227 86 1
287 86 1
288 86 1
231 87 1
287 87 1
288 87 1
289 87 1
231 88 1
289 88 1
290 88 1
231 89 1
241 89 1
289 89 1
290 89 1
291 89 1
291 90 1
234 91 1
236 91 1
237 91 1
240 91 1
242 91 1
243 91 1
245 91 1
293 91 1
231 92 1
234 92 1
236 92 1
239 92 1
240 92 1
241 92 1
242 92 1
243 92 1
244 92 1
245 92 1
246 92 1
247 92 1
248 92 1
249 92 1
293 92 1
294 92 1
229 93 1
230 93 1
231 93 1
233 93 1
234 93 1
236 93 1
237 93 1
238 93 1
239 93 1
240 93 1
241 93 1
242 93 1
243 93 1
245 93 1
246 93 1
247 93 1
248 93 1
249 93 1
250 93 1
251 93 1
252 93 1
255 93 1
296 93 1
343 93 1
230 94 1
231 94 1
236 94 1
237 94 1
238 94 1
240 94 1
247 94 1
249 94 1
250 94 1
251 94 1
252 94 1
253 94 1
254 94 1
255 94 1
332 94 1
334 94 1
337 94 1
338 94 1
342 94 1
230 95 1
231 95 1
297 95 1
316 95 1
324 95 1
325 95 1
326 95 1
328 95 1
330 95 1
332 95 1
335 95 1
336 95 1
339 95 1
340 95 1
229 96 1
235 96 1
311 96 1
313 96 1
314 96 1
315 96 1
316 96 1
317 96 1
319 96 1
320 96 1
321 96 1
322 96 1
324 96 1
326 96 1
327 96 1
332 96 1
333 96 1
339 96 1
304 97 1
305 97 1
306 97 1
307 97 1
308 97 1
309 97 1
310 97 1
311 97 1
312 97 1
313 97 1
314 97 1
315 97 1
319 97 1
320 97 1
321 97 1
327 97 1
328 97 1
231 98 1
304 98 1
305 98 1
306 98 1
307 98 1
308 98 1
309 98 1
310 98 1
312 98 1
315 98 1
317 98 1
323 98 1
305 99 1
228 101 1
230 120 1
230 129 1
232 129 1
229 130 1
230 130 1
231 130 1
236 130 1
244 130 1
229 131 1
230 131 1
231 131 1
232 131 1
233 131 1
234 131 1
236 131 1
237 131 1
240 131 1
241 131 1
242 131 1
244 131 1
230 132 1
231 132 1
232 132 1
233 132 1
234 132 1
235 132 1
236 132 1
237 132 1
238 132 1
239 132 1
240 132 1
241 132 1
247 132 1
248 132 1
249 132 1
232 133 1
233 133 1
234 133 1
235 133 1
236 133 1
237 133 1
238 133 1
239 133 1
240 133 1
241 133 1
244 133 1
246 133 1
247 133 1
253 133 1
235 134 1
237 134 1
238 134 1
239 134 1
240 134 1
241 134 1
242 134 1
243 134 1
244 134 1
246 134 1
249 134 1
253 134 1
264 134 1
231 135 1
238 135 1
239 135 1
240 135 1
241 135 1
243 135 1
244 135 1
245 135 1
246 135 1
248 135 1
249 135 1
252 135 1
253 135 1
243 136 1
244 136 1
246 136 1
247 136 1
248 136 1
243 137 1
247 137 1
248 137 1
250 137 1
251 137 1
252 137 1
258 137 1
246 138 1
247 138 1
248 138 1
249 138 1
250 138 1
251 138 1
252 138 1
253 138 1
258 138 1
273 138 1
251 139 1
252 139 1
253 139 1
254 139 1
255 139 1
258 139 1
259 139 1
263 139 1
268 139 1
252 140 1
253 140 1
255 140 1
257 140 1
258 140 1
260 140 1
272 140 1
255 141 1
256 141 1
257 141 1
259 141 1
260 141 1
266 141 1
267 141 1
258 142 1
259 142 1
260 142 1
261 142 1
262 142 1
263 142 1
258 143 1
259 143 1
260 143 1
261 143 1
262 143 1
264 143 1
265 143 1
267 143 1
268 143 1
269 143 1
270 143 1
260 144 1
263 144 1
264 144 1
265 144 1
266 144 1
267 144 1
268 144 1
275 144 1
298 144 1
266 145 1
267 145 1
268 145 1
269 145 1
270 145 1
271 145 1
275 145 1
267 146 1
268 146 1
269 146 1
270 146 1
271 146 1
272 146 1
273 146 1
274 146 1
270 147 1
272 147 1
273 147 1
274 147 1
275 147 1
277 147 1
279 147 1
280 147 1
276 148 1
277 148 1
279 148 1
282 148 1
283 148 1
276 149 1
277 149 1
279 149 1
281 149 1
282 149 1
283 149 1
285 149 1
278 150 1
279 150 1
281 150 1
283 150 1
284 150 1
285 150 1
287 150 1
285 151 1
286 151 1
287 151 1
288 151 1
293 151 1
285 152 1
290 152 1
291 152 1
293 152 1
295 152 1
301 152 1
285 153 1
288 153 1
291 153 1
292 153 1
293 153 1
294 153 1
297 153 1
291 154 1
293 154 1
296 154 1
297 154 1
295 155 1
296 155 1
299 155 1
300 155 1
304 155 1
305 155 1
298 156 1
299 156 1
301 156 1
302 156 1
304 156 1
305 156 1
307 156 1
301 157 1
302 157 1
304 157 1
305 157 1
307 157 1
310 157 1
311 157 1
304 158 1
306 158 1
307 158 1
309 158 1
310 158 1
311 158 1
315 158 1
319 158 1
309 159 1
310 159 1
194 20 2
191 21 2
195 21 2
196 21 2
196 22 2
197 22 2
198 22 2
198 23 2
199 23 2
200 23 2
200 24 2
201 24 2
202 24 2
202 25 2
203 25 2
204 25 2
205 26 2
188 27 2
189 27 2
190 27 2
189 28 2
190 28 2
191 28 2
196 28 2
206 28 2
207 28 2
189 29 2
190 29 2
191 29 2
192 29 2
197 29 2
210 29 2
192 30 2
193 30 2
210 30 2
211 30 2
191 31 2
193 31 2
194 31 2
193 32 2
195 32 2
202 32 2
215 33 2
195 34 2
197 34 2
215 34 2
216 34 2
217 34 2
202 35 2
215 35 2
216 35 2
217 35 2
178 36 2
179 36 2
180 36 2
181 36 2
197 36 2
198 36 2
202 36 2
203 36 2
215 36 2
216 36 2
217 36 2
218 36 2
219 36 2
183 37 2
184 37 2
185 37 2
202 37 2
203 37 2
204 37 2
205 37 2
218 37 2
219 37 2
220 37 2
221 37 2
186 38 2
201 38 2
202 38 2
203 38 2
204 38 2
205 38 2
207 38 2
217 38 2
218 38 2
219 38 2
220 38 2
221 38 2
222 38 2
186 39 2
187 39 2
188 39 2
189 39 2
203 39 2
204 39 2
205 39 2
206 39 2
207 39 2
219 39 2
221 39 2
222 39 2
190 40 2
194 40 2
202 40 2
203 40 2
204 40 2
205 40 2
206 40 2
207 40 2
208 40 2
220 40 2
221 40 2
175 41 2
191 41 2
193 41 2
194 41 2
195 41 2
196 41 2
204 41 2
205 41 2
206 41 2
207 41 2
208 41 2
209 41 2
221 41 2
175 42 2
176 42 2
177 42 2
194 42 2
195 42 2
196 42 2
197 42 2
204 42 2
205 42 2
206 42 2
207 42 2
208 42 2
209 42 2
210 42 2
211 42 2
175 43 2
176 43 2
177 43 2
178 43 2
179 43 2
180 43 2
194 43 2
195 43 2
196 43 2
197 43 2
198 43 2
199 43 2
206 43 2
207 43 2
208 43 2
209 43 2
210 43 2
211 43 2
212 43 2
177 44 2
178 44 2
179 44 2
180 44 2
195 44 2
196 44 2
197 44 2
198 44 2
199 44 2
200 44 2
201 44 2
208 44 2
209 44 2
210 44 2
211 44 2
212 44 2
213 44 2
177 45 2
179 45 2
180 45 2
181 45 2
197 45 2
198 45 2
199 45 2
200 45 2
201 45 2
202 45 2
209 45 2
210 45 2
211 45 2
212 45 2
213 45 2
214 45 2
180 46 2
181 46 2
182 46 2
186 46 2
199 46 2
200 46 2
201 46 2
202 46 2
203 46 2
204 46 2
210 46 2
211 46 2
212 46 2
213 46 2
214 46 2
180 47 2
181 47 2
199 47 2
200 47 2
201 47 2
202 47 2
203 47 2
204 47 2
205 47 2
206 47 2
211 47 2
212 47 2
213 47 2
215 47 2
201 48 2
202 48 2
203 48 2
204 48 2
205 48 2
206 48 2
207 48 2
208 48 2
188 49 2
203 49 2
204 49 2
205 49 2
206 49 2
207 49 2
208 49 2
209 49 2
210 49 2
190 50 2
206 50 2
207 50 2
208 50 2
209 50 2
210 50 2
211 50 2
191 51 2
192 51 2
207 51 2
208 51 2
209 51 2
210 51 2
192 52 2
209 52 2
210 52 2
193 53 2
194 53 2
196 53 2
199 54 2
176 55 2
177 55 2
178 55 2
198 55 2
199 55 2
200 55 2
201 55 2
202 55 2
177 56 2
178 56 2
179 56 2
180 56 2
198 56 2
200 56 2
201 56 2
202 56 2
178 57 2
179 57 2
180 57 2
181 57 2
204 57 2
205 57 2
179 58 2
180 58 2
181 58 2
182 58 2
183 58 2
208 58 2
180 59 2
181 59 2
182 59 2
183 59 2
181 60 2
182 60 2
204 61 2
206 61 2
182 63 2
183 63 2
187 63 2
182 64 2
183 64 2
185 64 2
186 65 2
187 65 2
188 65 2
187 66 2
188 66 2
189 66 2
185 67 2
186 67 2
188 67 2
190 67 2
187 68 2
188 68 2
189 68 2
190 68 2
192 68 2
187 69 2
188 69 2
189 69 2
190 69 2
191 69 2
192 69 2
193 69 2
194 69 2
188 70 2
189 70 2
190 70 2
191 70 2
192 70 2
193 70 2
185 71 2
189 71 2
193 71 2
194 71 2
195 71 2
196 71 2
182 72 2
183 72 2
184 72 2
185 72 2
186 72 2
187 72 2
188 72 2
189 72 2
190 72 2
193 72 2
195 72 2
196 72 2
197 72 2
180 73 2
181 73 2
182 73 2
183 73 2
184 73 2
185 73 2
186 73 2
187 73 2
188 73 2
189 73 2
190 73 2
191 73 2
192 73 2
193 73 2
194 73 2
195 73 2
196 73 2
197 73 2
199 73 2
181 74 2
184 74 2
185 74 2
186 74 2
187 74 2
188 74 2
189 74 2
190 74 2
191 74 2
192 74 2
193 74 2
194 74 2
195 74 2
196 74 2
197 74 2
189 75 2
190 75 2
191 75 2
192 75 2
193 75 2
195 75 2
196 75 2
197 75 2
198 75 2
179 78 2
180 78 2
181 78 2
182 78 2
183 78 2
184 78 2
181 79 2
182 79 2
183 79 2
184 79 2
185 79 2
186 79 2
187 79 2
180 80 2
181 80 2
182 80 2
183 80 2
184 80 2
185 80 2
186 80 2
187 80 2
188 80 2
189 80 2
190 80 2
191 80 2
192 80 2
193 80 2
184 81 2
185 81 2
186 81 2
187 81 2
188 81 2
189 81 2
190 81 2
191 81 2
192 81 2
193 81 2
194 81 2
185 82 2
186 82 2
187 82 2
188 82 2
189 82 2
190 82 2
191 82 2
192 82 2
193 82 2
194 82 2
195 82 2
196 82 2
189 83 2
190 83 2
191 83 2
192 83 2
193 83 2
194 83 2
195 83 2
196 83 2
193 84 2
194 84 2
195 84 2
196 84 2
197 84 2
192 85 2
193 85 2
194 85 2
195 85 2
196 85 2
193 86 2
194 86 2
195 86 2
