179 58 0
180 58 0
179 59 0
180 59 0
181 59 0
180 60 0
181 60 0
182 60 0
179 61 0
180 61 0
181 61 0
180 62 0
181 62 0
182 62 0
180 63 0
181 63 0
182 63 0
184 63 0
180 64 0
181 64 0
182 64 0
180 65 0
181 65 0
182 65 0
183 67 0
184 71 0
206 71 0
207 71 0
209 71 0
212 71 0
187 72 0
188 72 0
189 72 0
206 72 0
208 72 0
209 72 0
210 72 0
211 72 0
187 73 0
188 73 0
189 73 0
208 73 0
210 73 0
211 73 0
212 73 0
188 74 0
189 74 0
190 74 0
210 74 0
211 74 0
212 74 0
213 74 0
214 74 0
189 75 0
190 75 0
191 75 0
213 75 0
214 75 0
189 76 0
190 76 0
191 76 0
192 76 0
193 76 0
215 76 0
190 77 0
191 77 0
192 77 0
193 77 0
194 77 0
195 77 0
214 77 0
215 77 0
218 77 0
190 78 0
191 78 0
192 78 0
193 78 0
194 78 0
216 78 0
217 78 0
218 78 0
192 79 0
193 79 0
194 79 0
195 79 0
216 79 0
218 79 0
219 79 0
192 80 0
193 80 0
194 80 0
218 80 0
219 80 0
220 80 0
221 80 0
194 81 0
195 81 0
196 81 0
218 81 0
219 81 0
220 81 0
221 81 0
222 81 0
219 82 0
220 82 0
221 82 0
222 82 0
219 83 0
220 83 0
221 83 0
222 83 0
223 83 0
220 84 0
221 84 0
222 84 0
223 84 0
224 84 0
221 85 0
222 85 0
223 85 0
224 85 0
221 86 0
222 86 0
223 86 0
224 86 0
225 86 0
226 86 0
223 87 0
224 87 0
225 87 0
226 87 0
227 87 0
223 88 0
224 88 0
225 88 0
226 88 0
227 88 0
228 88 0
225 89 0
226 89 0
227 89 0
228 89 0
229 89 0
225 90 0
226 90 0
227 90 0
228 90 0
229 90 0
230 90 0
191 91 0
226 91 0
227 91 0
228 91 0
229 91 0
230 91 0
231 91 0
193 92 0
227 92 0
228 92 0
229 92 0
230 92 0
231 92 0
230 93 0
231 93 0
233 93 0
238 93 0
188 94 0
237 94 0
235 95 0
236 95 0
237 95 0
252 95 0
185 96 0
235 96 0
236 96 0
149 97 0
150 97 0
151 97 0
152 97 0
154 97 0
155 97 0
156 97 0
157 97 0
158 97 0
161 97 0
184 97 0
185 97 0
234 97 0
242 97 0
245 97 0
246 97 0
248 97 0
249 97 0
145 98 0
146 98 0
147 98 0
148 98 0
149 98 0
150 98 0
151 98 0
152 98 0
153 98 0
154 98 0
155 98 0
156 98 0
157 98 0
158 98 0
159 98 0
160 98 0
161 98 0
162 98 0
163 98 0
171 98 0
172 98 0
173 98 0
174 98 0
175 98 0
176 98 0
177 98 0
178 98 0
182 98 0
183 98 0
231 98 0
232 98 0
233 98 0
234 98 0
237 98 0
238 98 0
239 98 0
240 98 0
241 98 0
242 98 0
244 98 0
245 98 0
246 98 0
247 98 0
248 98 0
249 98 0
250 98 0
251 98 0
252 98 0
253 98 0
254 98 0
255 98 0
256 98 0
258 98 0
259 98 0
260 98 0
131 99 0
146 99 0
147 99 0
150 99 0
151 99 0
154 99 0
155 99 0
156 99 0
157 99 0
158 99 0
159 99 0
160 99 0
161 99 0
162 99 0
163 99 0
164 99 0
168 99 0
169 99 0
172 99 0
175 99 0
176 99 0
229 99 0
230 99 0
231 99 0
232 99 0
233 99 0
234 99 0
237 99 0
238 99 0
239 99 0
240 99 0
241 99 0
242 99 0
243 99 0
244 99 0
245 99 0
247 99 0
248 99 0
249 99 0
250 99 0
251 99 0
252 99 0
253 99 0
254 99 0
255 99 0
256 99 0
257 99 0
258 99 0
259 99 0
260 99 0
129 100 0
130 100 0
169 100 0
170 100 0
171 100 0
172 100 0
230 100 0
231 100 0
232 100 0
236 100 0
237 100 0
238 100 0
247 100 0
249 100 0
250 100 0
251 100 0
252 100 0
253 100 0
254 100 0
255 100 0
256 100 0
257 100 0
258 100 0
259 100 0
260 100 0
261 100 0
262 100 0
264 100 0
265 100 0
127 101 0
128 101 0
230 101 0
235 101 0
236 101 0
256 101 0
257 101 0
258 101 0
259 101 0
260 101 0
261 101 0
263 101 0
229 102 0
230 102 0
228 103 0
233 103 0
138 104 0
126 105 0
127 105 0
128 105 0
129 105 0
125 106 0
129 106 0
130 106 0
132 106 0
135 106 0
136 106 0
139 106 0
140 106 0
141 106 0
143 106 0
144 106 0
163 106 0
164 106 0
227 106 0
228 106 0
126 107 0
127 107 0
128 107 0
129 107 0
130 107 0
131 107 0
132 107 0
133 107 0
134 107 0
136 107 0
138 107 0
139 107 0
142 107 0
143 107 0
150 107 0
162 107 0
126 108 0
127 108 0
128 108 0
129 108 0
130 108 0
131 108 0
132 108 0
133 108 0
134 108 0
135 108 0
137 108 0
138 108 0
139 108 0
140 108 0
141 108 0
142 108 0
143 108 0
144 108 0
145 108 0
146 108 0
148 108 0
149 108 0
150 108 0
151 108 0
152 108 0
153 108 0
154 108 0
155 108 0
157 108 0
158 108 0
159 108 0
160 108 0
127 109 0
128 109 0
129 109 0
130 109 0
131 109 0
132 109 0
133 109 0
137 109 0
138 109 0
139 109 0
140 109 0
141 109 0
142 109 0
143 109 0
144 109 0
147 109 0
148 109 0
149 109 0
150 109 0
151 109 0
152 109 0
153 109 0
154 109 0
155 109 0
156 109 0
157 109 0
158 109 0
159 109 0
160 109 0
161 109 0
162 109 0
163 109 0
164 109 0
169 109 0
148 110 0
149 110 0
151 110 0
152 110 0
153 110 0
154 110 0
155 110 0
156 110 0
157 110 0
158 110 0
159 110 0
160 110 0
161 110 0
162 110 0
163 110 0
164 110 0
165 110 0
166 110 0
153 111 0
154 111 0
155 111 0
156 111 0
157 111 0
158 111 0
159 111 0
160 111 0
161 111 0
162 111 0
163 111 0
164 111 0
165 111 0
166 111 0
167 111 0
155 112 0
156 112 0
157 112 0
158 112 0
159 112 0
160 112 0
161 112 0
162 112 0
163 112 0
164 112 0
165 112 0
166 112 0
159 113 0
160 113 0
164 113 0
165 113 0
166 113 0
160 117 0
161 117 0
165 117 0
166 117 0
167 117 0
168 117 0
160 118 0
161 118 0
162 118 0
164 118 0
165 118 0
166 118 0
167 118 0
151 119 0
152 119 0
155 119 0
156 119 0
158 119 0
159 119 0
160 119 0
161 119 0
162 119 0
163 119 0
165 119 0
166 119 0
147 120 0
148 120 0
149 120 0
150 120 0
151 120 0
152 120 0
153 120 0
154 120 0
155 120 0
156 120 0
160 120 0
161 120 0
199 120 0
144 121 0
145 121 0
146 121 0
147 121 0
148 121 0
149 121 0
150 121 0
151 121 0
152 121 0
153 121 0
154 121 0
190 121 0
198 121 0
140 122 0
141 122 0
142 122 0
143 122 0
144 122 0
145 122 0
146 122 0
147 122 0
148 122 0
149 122 0
186 122 0
187 122 0
138 123 0
139 123 0
140 123 0
141 123 0
142 123 0
143 123 0
144 123 0
145 123 0
169 123 0
187 123 0
190 123 0
134 124 0
135 124 0
136 124 0
137 124 0
138 124 0
139 124 0
140 124 0
141 124 0
142 124 0
143 124 0
155 124 0
165 124 0
166 124 0
169 124 0
170 124 0
171 124 0
172 124 0
122 125 0
126 125 0
133 125 0
134 125 0
135 125 0
136 125 0
137 125 0
138 125 0
139 125 0
140 125 0
164 125 0
165 125 0
168 125 0
170 125 0
171 125 0
125 126 0
126 126 0
127 126 0
128 126 0
133 126 0
134 126 0
135 126 0
136 126 0
137 126 0
152 126 0
156 126 0
163 126 0
168 126 0
123 127 0
124 127 0
125 127 0
126 127 0
127 127 0
128 127 0
129 127 0
130 127 0
131 127 0
148 127 0
166 127 0
123 128 0
124 128 0
125 128 0
126 128 0
127 128 0
139 128 0
140 128 0
141 128 0
158 128 0
160 128 0
161 128 0
163 128 0
164 128 0
165 128 0
166 128 0
167 128 0
168 128 0
169 128 0
170 128 0
122 129 0
123 129 0
124 129 0
125 129 0
126 129 0
160 129 0
161 129 0
162 129 0
163 129 0
164 129 0
166 129 0
167 129 0
168 129 0
122 130 0
123 130 0
124 130 0
125 130 0
138 130 0
139 130 0
159 130 0
160 130 0
161 130 0
163 130 0
164 130 0
165 130 0
166 130 0
168 130 0
123 131 0
137 131 0
157 131 0
158 131 0
159 131 0
160 131 0
161 131 0
162 131 0
173 131 0
129 132 0
135 132 0
138 132 0
156 132 0
157 132 0
158 132 0
159 132 0
160 132 0
167 132 0
168 132 0
170 132 0
171 132 0
172 132 0
126 133 0
127 133 0
128 133 0
130 133 0
131 133 0
132 133 0
139 133 0
142 133 0
155 133 0
156 133 0
163 133 0
164 133 0
165 133 0
166 133 0
167 133 0
168 133 0
169 133 0
170 133 0
218 133 0
123 134 0
125 134 0
130 134 0
131 134 0
148 134 0
149 134 0
150 134 0
151 134 0
153 134 0
159 134 0
160 134 0
161 134 0
162 134 0
163 134 0
164 134 0
165 134 0
166 134 0
167 134 0
168 134 0
183 134 0
226 134 0
121 135 0
122 135 0
123 135 0
124 135 0
125 135 0
126 135 0
127 135 0
128 135 0
129 135 0
148 135 0
149 135 0
151 135 0
152 135 0
156 135 0
157 135 0
158 135 0
159 135 0
160 135 0
161 135 0
162 135 0
163 135 0
164 135 0
165 135 0
166 135 0
233 135 0
121 136 0
122 136 0
123 136 0
124 136 0
125 136 0
126 136 0
127 136 0
128 136 0
129 136 0
131 136 0
132 136 0
153 136 0
154 136 0
155 136 0
156 136 0
157 136 0
158 136 0
159 136 0
160 136 0
161 136 0
231 136 0
232 136 0
241 136 0
122 137 0
123 137 0
124 137 0
125 137 0
126 137 0
127 137 0
128 137 0
129 137 0
130 137 0
131 137 0
132 137 0
133 137 0
152 137 0
153 137 0
154 137 0
155 137 0
156 137 0
157 137 0
158 137 0
159 137 0
171 137 0
178 137 0
181 137 0
231 137 0
232 137 0
233 137 0
234 137 0
237 137 0
238 137 0
122 138 0
123 138 0
124 138 0
125 138 0
126 138 0
127 138 0
128 138 0
129 138 0
130 138 0
150 138 0
151 138 0
152 138 0
153 138 0
154 138 0
155 138 0
156 138 0
157 138 0
172 138 0
173 138 0
174 138 0
175 138 0
176 138 0
232 138 0
233 138 0
234 138 0
235 138 0
236 138 0
237 138 0
239 138 0
240 138 0
241 138 0
249 138 0
269 138 0
124 139 0
125 139 0
126 139 0
127 139 0
128 139 0
148 139 0
149 139 0
150 139 0
151 139 0
152 139 0
153 139 0
154 139 0
155 139 0
169 139 0
170 139 0
173 139 0
174 139 0
175 139 0
176 139 0
177 139 0
179 139 0
215 139 0
233 139 0
234 139 0
235 139 0
236 139 0
237 139 0
238 139 0
239 139 0
240 139 0
241 139 0
242 139 0
243 139 0
244 139 0
245 139 0
246 139 0
253 139 0
145 140 0
146 140 0
147 140 0
148 140 0
149 140 0
150 140 0
151 140 0
152 140 0
153 140 0
168 140 0
171 140 0
172 140 0
174 140 0
175 140 0
176 140 0
177 140 0
178 140 0
211 140 0
213 140 0
214 140 0
218 140 0
220 140 0
236 140 0
238 140 0
239 140 0
240 140 0
241 140 0
243 140 0
248 140 0
249 140 0
258 140 0
142 141 0
143 141 0
144 141 0
145 141 0
146 141 0
147 141 0
148 141 0
149 141 0
150 141 0
169 141 0
171 141 0
172 141 0
173 141 0
174 141 0
175 141 0
176 141 0
177 141 0
189 141 0
190 141 0
220 141 0
224 141 0
240 141 0
241 141 0
242 141 0
243 141 0
244 141 0
245 141 0
251 141 0
136 142 0
137 142 0
138 142 0
139 142 0
140 142 0
141 142 0
142 142 0
143 142 0
144 142 0
145 142 0
146 142 0
147 142 0
159 142 0
162 142 0
164 142 0
165 142 0
166 142 0
167 142 0
169 142 0
170 142 0
171 142 0
172 142 0
173 142 0
174 142 0
175 142 0
176 142 0
177 142 0
178 142 0
198 142 0
207 142 0
244 142 0
245 142 0
246 142 0
247 142 0
248 142 0
249 142 0
250 142 0
251 142 0
253 142 0
256 142 0
257 142 0
134 143 0
135 143 0
136 143 0
137 143 0
138 143 0
139 143 0
140 143 0
141 143 0
142 143 0
143 143 0
144 143 0
145 143 0
157 143 0
160 143 0
163 143 0
164 143 0
166 143 0
167 143 0
168 143 0
169 143 0
170 143 0
171 143 0
172 143 0
173 143 0
174 143 0
175 143 0
176 143 0
177 143 0
178 143 0
183 143 0
184 143 0
185 143 0
194 143 0
205 143 0
208 143 0
247 143 0
248 143 0
249 143 0
250 143 0
252 143 0
253 143 0
254 143 0
133 144 0
134 144 0
135 144 0
136 144 0
137 144 0
138 144 0
139 144 0
140 144 0
152 144 0
154 144 0
155 144 0
158 144 0
159 144 0
160 144 0
161 144 0
162 144 0
163 144 0
164 144 0
165 144 0
166 144 0
167 144 0
168 144 0
169 144 0
170 144 0
171 144 0
172 144 0
174 144 0
180 144 0
181 144 0
182 144 0
184 144 0
201 144 0
203 144 0
204 144 0
205 144 0
249 144 0
250 144 0
251 144 0
252 144 0
254 144 0
255 144 0
256 144 0
133 145 0
134 145 0
135 145 0
136 145 0
137 145 0
138 145 0
148 145 0
149 145 0
150 145 0
151 145 0
152 145 0
153 145 0
154 145 0
155 145 0
156 145 0
159 145 0
160 145 0
161 145 0
162 145 0
163 145 0
164 145 0
165 145 0
166 145 0
167 145 0
168 145 0
169 145 0
170 145 0
171 145 0
179 145 0
180 145 0
181 145 0
253 145 0
254 145 0
255 145 0
256 145 0
257 145 0
258 145 0
132 146 0
133 146 0
134 146 0
135 146 0
150 146 0
151 146 0
152 146 0
153 146 0
154 146 0
155 146 0
156 146 0
157 146 0
158 146 0
159 146 0
160 146 0
161 146 0
162 146 0
163 146 0
164 146 0
165 146 0
166 146 0
167 146 0
168 146 0
169 146 0
178 146 0
179 146 0
199 146 0
255 146 0
256 146 0
257 146 0
260 146 0
261 146 0
262 146 0
144 147 0
145 147 0
146 147 0
147 147 0
148 147 0
149 147 0
150 147 0
151 147 0
152 147 0
153 147 0
154 147 0
155 147 0
156 147 0
157 147 0
158 147 0
159 147 0
160 147 0
161 147 0
162 147 0
163 147 0
164 147 0
165 147 0
166 147 0
177 147 0
178 147 0
179 147 0
180 147 0
206 147 0
207 147 0
208 147 0
256 147 0
258 147 0
259 147 0
260 147 0
267 147 0
140 148 0
141 148 0
142 148 0
143 148 0
144 148 0
145 148 0
146 148 0
147 148 0
148 148 0
149 148 0
150 148 0
151 148 0
152 148 0
153 148 0
154 148 0
155 148 0
156 148 0
157 148 0
158 148 0
159 148 0
160 148 0
161 148 0
162 148 0
163 148 0
164 148 0
176 148 0
177 148 0
178 148 0
179 148 0
189 148 0
201 148 0
203 148 0
204 148 0
205 148 0
206 148 0
207 148 0
208 148 0
261 148 0
262 148 0
263 148 0
264 148 0
265 148 0
137 149 0
138 149 0
139 149 0
140 149 0
141 149 0
142 149 0
144 149 0
145 149 0
146 149 0
147 149 0
148 149 0
149 149 0
150 149 0
151 149 0
152 149 0
153 149 0
154 149 0
155 149 0
156 149 0
157 149 0
158 149 0
159 149 0
160 149 0
174 149 0
175 149 0
176 149 0
177 149 0
178 149 0
200 149 0
201 149 0
202 149 0
203 149 0
204 149 0
205 149 0
206 149 0
207 149 0
208 149 0
209 149 0
262 149 0
264 149 0
265 149 0
266 149 0
267 149 0
268 149 0
269 149 0
275 149 0
135 150 0
136 150 0
138 150 0
139 150 0
140 150 0
141 150 0
142 150 0
143 150 0
144 150 0
145 150 0
147 150 0
148 150 0
149 150 0
150 150 0
151 150 0
152 150 0
153 150 0
154 150 0
155 150 0
173 150 0
174 150 0
175 150 0
176 150 0
177 150 0
184 150 0
199 150 0
200 150 0
201 150 0
202 150 0
203 150 0
204 150 0
267 150 0
269 150 0
271 150 0
272 150 0
137 151 0
138 151 0
139 151 0
140 151 0
141 151 0
142 151 0
143 151 0
144 151 0
146 151 0
147 151 0
148 151 0
154 151 0
172 151 0
173 151 0
174 151 0
175 151 0
195 151 0
196 151 0
197 151 0
198 151 0
199 151 0
200 151 0
201 151 0
202 151 0
271 151 0
272 151 0
273 151 0
274 151 0
275 151 0
276 151 0
277 151 0
138 152 0
139 152 0
140 152 0
141 152 0
142 152 0
143 152 0
146 152 0
172 152 0
173 152 0
174 152 0
175 152 0
176 152 0
183 152 0
192 152 0
193 152 0
194 152 0
195 152 0
196 152 0
197 152 0
198 152 0
199 152 0
271 152 0
274 152 0
275 152 0
276 152 0
277 152 0
278 152 0
279 152 0
280 152 0
300 152 0
135 153 0
138 153 0
139 153 0
140 153 0
141 153 0
142 153 0
171 153 0
172 153 0
173 153 0
174 153 0
181 153 0
189 153 0
191 153 0
192 153 0
193 153 0
194 153 0
195 153 0
276 153 0
278 153 0
279 153 0
280 153 0
284 153 0
138 154 0
139 154 0
140 154 0
141 154 0
176 154 0
177 154 0
181 154 0
187 154 0
188 154 0
192 154 0
280 154 0
282 154 0
283 154 0
284 154 0
286 154 0
187 155 0
188 155 0
189 155 0
190 155 0
280 155 0
285 155 0
290 155 0
175 156 0
179 156 0
185 156 0
186 156 0
187 156 0
285 156 0
292 156 0
176 157 0
178 157 0
183 157 0
184 157 0
185 157 0
186 157 0
291 157 0
292 157 0
293 157 0
294 157 0
175 158 0
176 158 0
182 158 0
185 158 0
187 158 0
173 159 0
180 159 0
181 159 0
182 159 0
183 159 0
296 159 0
297 159 0
306 159 0
179 160 0
180 160 0
181 160 0
182 160 0
183 160 0
171 161 0
172 161 0
173 161 0
174 161 0
178 161 0
179 161 0
180 161 0
181 161 0
304 161 0
305 161 0
168 162 0
169 162 0
170 162 0
171 162 0
172 162 0
173 162 0
174 162 0
177 162 0
178 162 0
179 162 0
306 162 0
309 162 0
313 162 0
314 162 0
166 163 0
167 163 0
168 163 0
169 163 0
170 163 0
171 163 0
172 163 0
173 163 0
174 163 0
178 163 0
165 164 0
166 164 0
168 164 0
169 164 0
170 164 0
171 164 0
172 164 0
173 164 0
174 164 0
322 164 0
166 165 0
167 165 0
168 165 0
169 165 0
170 165 0
171 165 0
172 165 0
322 165 0
323 165 0
325 165 0
326 165 0
327 165 0
163 166 0
164 166 0
165 166 0
166 166 0
167 166 0
168 166 0
169 166 0
170 166 0
171 166 0
215 166 0
162 167 0
163 167 0
164 167 0
165 167 0
166 167 0
167 167 0
168 167 0
169 167 0
170 167 0
158 168 0
159 168 0
160 168 0
161 168 0
162 168 0
163 168 0
164 168 0
165 168 0
166 168 0
167 168 0
168 168 0
169 168 0
158 169 0
159 169 0
160 169 0
161 169 0
162 169 0
163 169 0
164 169 0
165 169 0
166 169 0
167 169 0
158 170 0
159 170 0
160 170 0
161 170 0
162 170 0
163 170 0
164 170 0
165 170 0
159 171 0
160 171 0
161 171 0
162 171 0
163 171 0
256 5 1
256 6 1
258 6 1
257 7 1
257 8 1
198 13 1
200 14 1
201 15 1
204 17 1
205 17 1
209 18 1
247 18 1
192 19 1
193 19 1
208 19 1
209 19 1
210 19 1
192 20 1
194 20 1
209 20 1
210 20 1
211 20 1
212 20 1
193 21 1
194 21 1
195 21 1
210 21 1
211 21 1
212 21 1
213 21 1
194 22 1
195 22 1
196 22 1
197 22 1
211 22 1
212 22 1
213 22 1
214 22 1
215 22 1
195 23 1
197 23 1
212 23 1
213 23 1
214 23 1
215 23 1
198 24 1
212 24 1
214 24 1
215 24 1
216 24 1
215 25 1
216 25 1
217 25 1
218 25 1
199 26 1
216 26 1
217 26 1
218 26 1
219 26 1
206 27 1
216 27 1
218 27 1
219 27 1
220 27 1
186 28 1
219 28 1
220 28 1
221 28 1
188 29 1
208 29 1
220 29 1
221 29 1
222 29 1
260 29 1
189 30 1
202 30 1
208 30 1
219 30 1
221 30 1
222 30 1
223 30 1
260 30 1
261 30 1
190 31 1
192 31 1
208 31 1
209 31 1
222 31 1
223 31 1
261 31 1
192 32 1
209 32 1
210 32 1
223 32 1
262 32 1
189 33 1
209 33 1
210 33 1
211 33 1
212 33 1
227 33 1
262 33 1
179 34 1
180 34 1
207 34 1
209 34 1
210 34 1
211 34 1
212 34 1
179 35 1
180 35 1
181 35 1
200 35 1
201 35 1
202 35 1
209 35 1
210 35 1
211 35 1
212 35 1
213 35 1
214 35 1
215 35 1
231 35 1
344 35 1
180 36 1
181 36 1
182 36 1
183 36 1
199 36 1
200 36 1
201 36 1
202 36 1
203 36 1
210 36 1
211 36 1
212 36 1
213 36 1
214 36 1
215 36 1
231 36 1
343 36 1
344 36 1
182 37 1
183 37 1
184 37 1
200 37 1
201 37 1
202 37 1
203 37 1
204 37 1
211 37 1
212 37 1
213 37 1
214 37 1
215 37 1
216 37 1
233 37 1
184 38 1
201 38 1
202 38 1
203 38 1
204 38 1
205 38 1
206 38 1
212 38 1
213 38 1
214 38 1
215 38 1
216 38 1
186 39 1
191 39 1
203 39 1
204 39 1
205 39 1
206 39 1
207 39 1
208 39 1
214 39 1
215 39 1
216 39 1
217 39 1
264 39 1
192 40 1
204 40 1
205 40 1
206 40 1
207 40 1
208 40 1
209 40 1
210 40 1
215 40 1
216 40 1
217 40 1
265 40 1
191 41 1
192 41 1
205 41 1
206 41 1
207 41 1
208 41 1
209 41 1
210 41 1
211 41 1
215 41 1
216 41 1
217 41 1
191 42 1
192 42 1
193 42 1
207 42 1
208 42 1
209 42 1
210 42 1
211 42 1
212 42 1
213 42 1
264 42 1
188 43 1
189 43 1
192 43 1
193 43 1
194 43 1
195 43 1
210 43 1
211 43 1
212 43 1
213 43 1
214 43 1
188 44 1
189 44 1
190 44 1
194 44 1
195 44 1
196 44 1
211 44 1
212 44 1
213 44 1
214 44 1
215 44 1
188 45 1
189 45 1
190 45 1
191 45 1
192 45 1
196 45 1
197 45 1
198 45 1
213 45 1
214 45 1
265 45 1
191 46 1
192 46 1
193 46 1
194 46 1
198 46 1
199 46 1
201 46 1
265 46 1
266 46 1
180 47 1
192 47 1
193 47 1
194 47 1
195 47 1
196 47 1
199 47 1
200 47 1
265 47 1
180 48 1
193 48 1
194 48 1
195 48 1
196 48 1
197 48 1
203 48 1
204 48 1
266 48 1
267 48 1
183 49 1
185 49 1
196 49 1
197 49 1
198 49 1
203 49 1
208 49 1
266 49 1
267 49 1
182 50 1
183 50 1
185 50 1
186 50 1
198 50 1
199 50 1
200 50 1
265 50 1
267 50 1
183 51 1
184 51 1
185 51 1
186 51 1
187 51 1
188 51 1
189 51 1
202 51 1
211 51 1
267 51 1
268 51 1
185 52 1
186 52 1
187 52 1
188 52 1
189 52 1
201 52 1
204 52 1
211 52 1
268 52 1
184 53 1
185 53 1
186 53 1
187 53 1
188 53 1
189 53 1
190 53 1
191 53 1
206 53 1
208 53 1
267 53 1
268 53 1
188 54 1
190 54 1
191 54 1
192 54 1
193 54 1
207 54 1
208 54 1
267 54 1
268 54 1
191 55 1
192 55 1
193 55 1
194 55 1
267 55 1
268 55 1
180 56 1
191 56 1
192 56 1
194 56 1
195 56 1
196 56 1
197 56 1
184 57 1
193 57 1
194 57 1
195 57 1
196 57 1
197 57 1
195 58 1
196 58 1
197 58 1
198 58 1
199 58 1
201 58 1
197 59 1
198 59 1
199 59 1
200 59 1
201 59 1
202 59 1
203 59 1
204 59 1
197 60 1
198 60 1
199 60 1
200 60 1
201 60 1
202 60 1
203 60 1
204 60 1
197 61 1
200 61 1
201 61 1
202 61 1
203 61 1
204 61 1
205 61 1
206 61 1
192 62 1
197 62 1
201 62 1
202 62 1
203 62 1
204 62 1
205 62 1
206 62 1
207 62 1
196 63 1
201 63 1
202 63 1
203 63 1
204 63 1
205 63 1
206 63 1
208 63 1
209 63 1
196 64 1
199 64 1
208 64 1
209 64 1
208 65 1
209 65 1
210 65 1
199 66 1
201 66 1
202 66 1
203 66 1
204 66 1
205 66 1
206 66 1
272 66 1
202 67 1
203 67 1
204 67 1
205 67 1
206 67 1
207 67 1
205 68 1
206 68 1
207 68 1
275 73 1
219 80 1
283 80 1
284 80 1
219 81 1
221 81 1
223 81 1
227 81 1
284 81 1
221 82 1
222 82 1
223 82 1
286 82 1
222 83 1
223 83 1
224 83 1
225 83 1
286 83 1
223 84 1
224 84 1
225 84 1
226 84 1
227 84 1
228 84 1
223 85 1
224 85 1
225 85 1
226 85 1
227 85 1
228 85 1
229 85 1
288 85 1
225 86 1
227 86 1
228 86 1
229 86 1
230 86 1
231 86 1
228 87 1
229 87 1
230 87 1
231 87 1
233 87 1
292 87 1
230 88 1
231 88 1
233 88 1
234 88 1
235 88 1
293 88 1
230 89 1
233 89 1
234 89 1
235 89 1
236 89 1
237 89 1
239 89 1
236 90 1
239 90 1
294 90 1
239 91 1
241 91 1
242 91 1
295 91 1
239 92 1
242 92 1
246 92 1
295 92 1
297 92 1
298 92 1
243 93 1
247 93 1
299 93 1
247 94 1
299 94 1
302 95 1
302 96 1
302 97 1
304 97 1
303 98 1
305 98 1
341 98 1
306 99 1
307 99 1
334 99 1
342 99 1
343 99 1
306 100 1
308 100 1
336 100 1
337 100 1
338 100 1
339 100 1
340 100 1
341 100 1
325 101 1
330 101 1
332 101 1
334 101 1
338 101 1
341 101 1
343 101 1
317 102 1
323 102 1
325 102 1
326 102 1
328 102 1
330 102 1
316 103 1
317 103 1
318 103 1
319 103 1
320 103 1
322 103 1
323 103 1
324 103 1
325 103 1
326 103 1
317 104 1
320 104 1
323 104 1
321 105 1
