180 67 0
181 67 0
178 68 0
179 68 0
180 68 0
181 68 0
182 68 0
177 69 0
178 69 0
179 69 0
180 69 0
181 69 0
182 69 0
183 69 0
177 70 0
178 70 0
179 70 0
180 70 0
181 70 0
182 70 0
183 70 0
184 70 0
183 71 0
185 71 0
186 71 0
185 72 0
185 73 0
186 73 0
187 73 0
186 74 0
187 74 0
188 74 0
187 75 0
188 75 0
189 75 0
190 75 0
188 76 0
189 76 0
190 76 0
191 76 0
176 77 0
177 77 0
178 77 0
190 77 0
191 77 0
192 77 0
177 78 0
192 78 0
193 78 0
194 78 0
195 78 0
177 79 0
178 79 0
179 79 0
180 79 0
191 79 0
192 79 0
193 79 0
194 79 0
177 80 0
178 80 0
193 80 0
194 80 0
194 81 0
195 81 0
197 81 0
178 82 0
179 82 0
180 82 0
182 82 0
195 82 0
179 83 0
180 83 0
181 84 0
182 84 0
180 85 0
181 85 0
201 85 0
181 86 0
182 86 0
183 86 0
204 86 0
205 86 0
182 87 0
184 88 0
194 88 0
184 89 0
210 89 0
185 90 0
186 90 0
209 90 0
210 90 0
211 90 0
212 90 0
186 91 0
187 91 0
209 91 0
210 91 0
211 91 0
212 91 0
187 92 0
188 92 0
212 92 0
213 92 0
214 92 0
188 93 0
189 93 0
190 93 0
213 93 0
214 93 0
189 94 0
190 94 0
214 94 0
215 94 0
191 95 0
212 95 0
214 95 0
215 95 0
216 95 0
191 96 0
192 96 0
215 96 0
216 96 0
217 96 0
218 96 0
192 97 0
214 97 0
215 97 0
216 97 0
217 97 0
218 97 0
192 98 0
216 98 0
217 98 0
218 98 0
219 98 0
193 99 0
217 99 0
218 99 0
219 99 0
220 99 0
221 99 0
219 100 0
220 100 0
221 100 0
219 101 0
220 101 0
221 101 0
222 101 0
221 102 0
222 102 0
222 103 0
190 107 0
190 108 0
235 108 0
238 108 0
189 109 0
233 109 0
234 109 0
236 109 0
232 110 0
233 110 0
243 110 0
231 111 0
232 111 0
236 111 0
237 111 0
238 111 0
239 111 0
240 111 0
241 111 0
242 111 0
243 111 0
244 111 0
245 111 0
246 111 0
247 111 0
249 111 0
250 111 0
182 112 0
183 112 0
228 112 0
229 112 0
230 112 0
231 112 0
235 112 0
236 112 0
237 112 0
238 112 0
239 112 0
240 112 0
241 112 0
242 112 0
243 112 0
245 112 0
246 112 0
248 112 0
249 112 0
250 112 0
251 112 0
184 113 0
228 113 0
229 113 0
230 113 0
231 113 0
234 113 0
235 113 0
236 113 0
237 113 0
238 113 0
158 114 0
160 114 0
168 114 0
228 114 0
229 114 0
230 114 0
235 114 0
142 115 0
150 115 0
155 115 0
156 115 0
157 115 0
159 115 0
160 115 0
161 115 0
164 115 0
165 115 0
166 115 0
167 115 0
228 115 0
229 115 0
142 116 0
143 116 0
144 116 0
145 116 0
146 116 0
147 116 0
148 116 0
149 116 0
150 116 0
151 116 0
152 116 0
154 116 0
155 116 0
156 116 0
157 116 0
158 116 0
159 116 0
160 116 0
161 116 0
162 116 0
164 116 0
165 116 0
166 116 0
167 116 0
168 116 0
228 116 0
133 117 0
134 117 0
135 117 0
136 117 0
138 117 0
139 117 0
140 117 0
141 117 0
142 117 0
143 117 0
144 117 0
145 117 0
146 117 0
147 117 0
148 117 0
149 117 0
150 117 0
151 117 0
152 117 0
153 117 0
158 117 0
159 117 0
160 117 0
161 117 0
165 117 0
166 117 0
167 117 0
226 117 0
227 117 0
228 117 0
231 117 0
129 118 0
130 118 0
131 118 0
132 118 0
133 118 0
134 118 0
135 118 0
136 118 0
137 118 0
138 118 0
139 118 0
140 118 0
141 118 0
142 118 0
143 118 0
144 118 0
145 118 0
146 118 0
227 118 0
126 119 0
127 119 0
129 119 0
130 119 0
131 119 0
132 119 0
133 119 0
134 119 0
135 119 0
136 119 0
137 119 0
138 119 0
139 119 0
140 119 0
226 119 0
227 119 0
125 120 0
126 120 0
127 120 0
128 120 0
129 120 0
124 121 0
125 121 0
126 121 0
127 121 0
124 122 0
125 122 0
164 122 0
140 124 0
142 124 0
143 124 0
155 124 0
124 125 0
125 125 0
126 125 0
128 125 0
129 125 0
133 125 0
134 125 0
135 125 0
136 125 0
137 125 0
138 125 0
140 125 0
141 125 0
142 125 0
147 125 0
148 125 0
152 125 0
124 126 0
125 126 0
126 126 0
127 126 0
128 126 0
129 126 0
130 126 0
131 126 0
132 126 0
134 126 0
135 126 0
136 126 0
137 126 0
138 126 0
139 126 0
140 126 0
141 126 0
142 126 0
143 126 0
145 126 0
146 126 0
153 126 0
161 126 0
162 126 0
165 126 0
124 127 0
125 127 0
126 127 0
127 127 0
128 127 0
129 127 0
135 127 0
136 127 0
138 127 0
139 127 0
140 127 0
141 127 0
142 127 0
144 127 0
145 127 0
160 127 0
161 127 0
162 127 0
163 127 0
164 127 0
125 128 0
126 128 0
127 128 0
128 128 0
135 128 0
136 128 0
138 128 0
139 128 0
160 128 0
161 128 0
162 128 0
163 128 0
164 128 0
165 128 0
166 128 0
167 128 0
126 129 0
127 129 0
128 129 0
153 129 0
154 129 0
155 129 0
156 129 0
160 129 0
161 129 0
162 129 0
163 129 0
164 129 0
165 129 0
166 129 0
154 130 0
156 130 0
157 130 0
160 130 0
161 130 0
162 130 0
163 130 0
164 130 0
165 130 0
166 130 0
158 131 0
161 133 0
167 133 0
160 134 0
161 134 0
162 134 0
164 134 0
165 134 0
166 134 0
167 134 0
157 135 0
159 135 0
160 135 0
161 135 0
162 135 0
163 135 0
164 135 0
165 135 0
166 135 0
154 136 0
155 136 0
156 136 0
157 136 0
158 136 0
159 136 0
160 136 0
161 136 0
162 136 0
163 136 0
164 136 0
165 136 0
166 136 0
152 137 0
153 137 0
154 137 0
155 137 0
156 137 0
157 137 0
158 137 0
159 137 0
160 137 0
161 137 0
162 137 0
163 137 0
164 137 0
191 137 0
149 138 0
151 138 0
152 138 0
153 138 0
154 138 0
155 138 0
156 138 0
157 138 0
158 138 0
159 138 0
160 138 0
182 138 0
193 138 0
148 139 0
149 139 0
150 139 0
151 139 0
152 139 0
153 139 0
154 139 0
156 139 0
157 139 0
173 139 0
184 139 0
185 139 0
186 139 0
146 140 0
147 140 0
148 140 0
149 140 0
150 140 0
151 140 0
152 140 0
162 140 0
168 140 0
170 140 0
176 140 0
143 141 0
144 141 0
145 141 0
146 141 0
147 141 0
148 141 0
172 141 0
174 141 0
137 142 0
138 142 0
139 142 0
140 142 0
141 142 0
142 142 0
143 142 0
144 142 0
152 142 0
163 142 0
166 142 0
167 142 0
169 142 0
172 142 0
132 143 0
133 143 0
134 143 0
135 143 0
136 143 0
137 143 0
138 143 0
139 143 0
140 143 0
141 143 0
142 143 0
154 143 0
161 143 0
165 143 0
167 143 0
168 143 0
170 143 0
130 144 0
131 144 0
132 144 0
133 144 0
134 144 0
135 144 0
136 144 0
137 144 0
138 144 0
139 144 0
140 144 0
149 144 0
159 144 0
131 145 0
132 145 0
133 145 0
134 145 0
135 145 0
136 145 0
137 145 0
163 145 0
167 145 0
168 145 0
169 145 0
130 146 0
131 146 0
133 146 0
134 146 0
147 146 0
150 146 0
162 146 0
165 146 0
166 146 0
167 146 0
170 146 0
218 146 0
125 147 0
128 147 0
130 147 0
153 147 0
159 147 0
160 147 0
161 147 0
162 147 0
163 147 0
164 147 0
165 147 0
166 147 0
167 147 0
168 147 0
152 148 0
153 148 0
154 148 0
155 148 0
158 148 0
159 148 0
160 148 0
161 148 0
162 148 0
163 148 0
164 148 0
165 148 0
173 148 0
217 148 0
226 148 0
230 148 0
231 148 0
124 149 0
141 149 0
150 149 0
153 149 0
154 149 0
156 149 0
157 149 0
158 149 0
159 149 0
160 149 0
161 149 0
162 149 0
219 149 0
221 149 0
226 149 0
231 149 0
232 149 0
239 149 0
137 150 0
138 150 0
139 150 0
140 150 0
143 150 0
144 150 0
145 150 0
149 150 0
152 150 0
154 150 0
155 150 0
156 150 0
157 150 0
158 150 0
159 150 0
160 150 0
168 150 0
231 150 0
232 150 0
237 150 0
238 150 0
141 151 0
142 151 0
151 151 0
152 151 0
153 151 0
154 151 0
155 151 0
156 151 0
158 151 0
215 151 0
222 151 0
231 151 0
232 151 0
233 151 0
234 151 0
235 151 0
236 151 0
237 151 0
238 151 0
239 151 0
241 151 0
244 151 0
245 151 0
130 152 0
138 152 0
139 152 0
140 152 0
141 152 0
142 152 0
143 152 0
144 152 0
145 152 0
151 152 0
152 152 0
153 152 0
164 152 0
232 152 0
233 152 0
234 152 0
235 152 0
236 152 0
237 152 0
238 152 0
239 152 0
240 152 0
241 152 0
243 152 0
246 152 0
249 152 0
250 152 0
138 153 0
139 153 0
140 153 0
141 153 0
142 153 0
143 153 0
144 153 0
147 153 0
148 153 0
176 153 0
177 153 0
214 153 0
219 153 0
223 153 0
234 153 0
235 153 0
236 153 0
237 153 0
238 153 0
239 153 0
240 153 0
241 153 0
243 153 0
246 153 0
247 153 0
248 153 0
249 153 0
250 153 0
251 153 0
254 153 0
138 154 0
139 154 0
140 154 0
141 154 0
142 154 0
143 154 0
144 154 0
159 154 0
173 154 0
174 154 0
183 154 0
216 154 0
218 154 0
242 154 0
243 154 0
244 154 0
245 154 0
246 154 0
248 154 0
249 154 0
252 154 0
134 155 0
135 155 0
136 155 0
139 155 0
140 155 0
142 155 0
170 155 0
175 155 0
178 155 0
244 155 0
245 155 0
246 155 0
247 155 0
250 155 0
251 155 0
256 155 0
259 155 0
133 156 0
134 156 0
135 156 0
136 156 0
164 156 0
171 156 0
173 156 0
176 156 0
177 156 0
204 156 0
210 156 0
211 156 0
246 156 0
247 156 0
252 156 0
255 156 0
256 156 0
124 157 0
126 157 0
127 157 0
128 157 0
133 157 0
134 157 0
151 157 0
173 157 0
174 157 0
175 157 0
176 157 0
253 157 0
254 157 0
258 157 0
259 157 0
261 157 0
262 157 0
125 158 0
126 158 0
127 158 0
128 158 0
129 158 0
149 158 0
150 158 0
171 158 0
174 158 0
175 158 0
176 158 0
180 158 0
188 158 0
207 158 0
218 158 0
256 158 0
257 158 0
258 158 0
127 159 0
128 159 0
129 159 0
141 159 0
142 159 0
143 159 0
144 159 0
145 159 0
146 159 0
147 159 0
148 159 0
149 159 0
150 159 0
166 159 0
173 159 0
174 159 0
175 159 0
176 159 0
179 159 0
181 159 0
182 159 0
183 159 0
186 159 0
187 159 0
195 159 0
201 159 0
203 159 0
205 159 0
217 159 0
259 159 0
264 159 0
266 159 0
140 160 0
141 160 0
142 160 0
143 160 0
144 160 0
145 160 0
146 160 0
147 160 0
163 160 0
171 160 0
172 160 0
173 160 0
174 160 0
175 160 0
176 160 0
180 160 0
183 160 0
185 160 0
198 160 0
215 160 0
216 160 0
263 160 0
265 160 0
266 160 0
140 161 0
141 161 0
142 161 0
143 161 0
144 161 0
145 161 0
146 161 0
170 161 0
171 161 0
172 161 0
173 161 0
174 161 0
183 161 0
184 161 0
210 161 0
211 161 0
212 161 0
213 161 0
214 161 0
215 161 0
217 161 0
267 161 0
268 161 0
269 161 0
270 161 0
271 161 0
272 161 0
140 162 0
141 162 0
142 162 0
143 162 0
144 162 0
156 162 0
169 162 0
170 162 0
171 162 0
172 162 0
207 162 0
209 162 0
210 162 0
211 162 0
212 162 0
214 162 0
215 162 0
216 162 0
270 162 0
272 162 0
273 162 0
140 163 0
141 163 0
151 163 0
152 163 0
153 163 0
154 163 0
155 163 0
156 163 0
168 163 0
170 163 0
171 163 0
204 163 0
205 163 0
206 163 0
207 163 0
208 163 0
209 163 0
210 163 0
212 163 0
213 163 0
272 163 0
276 163 0
147 164 0
150 164 0
152 164 0
153 164 0
165 164 0
202 164 0
203 164 0
204 164 0
205 164 0
206 164 0
207 164 0
209 164 0
275 164 0
278 164 0
282 164 0
293 164 0
148 165 0
150 165 0
151 165 0
152 165 0
153 165 0
154 165 0
155 165 0
162 165 0
200 165 0
201 165 0
202 165 0
203 165 0
204 165 0
205 165 0
206 165 0
207 165 0
288 165 0
292 165 0
145 166 0
146 166 0
147 166 0
148 166 0
149 166 0
151 166 0
152 166 0
153 166 0
154 166 0
161 166 0
162 166 0
163 166 0
164 166 0
190 166 0
196 166 0
198 166 0
200 166 0
201 166 0
202 166 0
203 166 0
283 166 0
286 166 0
289 166 0
290 166 0
141 167 0
143 167 0
144 167 0
145 167 0
146 167 0
147 167 0
148 167 0
149 167 0
150 167 0
151 167 0
152 167 0
153 167 0
187 167 0
194 167 0
195 167 0
196 167 0
197 167 0
198 167 0
199 167 0
200 167 0
201 167 0
293 167 0
298 167 0
299 167 0
141 168 0
142 168 0
143 168 0
145 168 0
146 168 0
147 168 0
148 168 0
149 168 0
150 168 0
151 168 0
152 168 0
173 168 0
174 168 0
175 168 0
176 168 0
184 168 0
187 168 0
192 168 0
193 168 0
194 168 0
195 168 0
196 168 0
197 168 0
198 168 0
298 168 0
138 169 0
141 169 0
142 169 0
143 169 0
144 169 0
146 169 0
147 169 0
148 169 0
149 169 0
150 169 0
172 169 0
174 169 0
175 169 0
185 169 0
186 169 0
195 169 0
302 169 0
142 170 0
143 170 0
144 170 0
145 170 0
146 170 0
147 170 0
169 170 0
171 170 0
172 170 0
173 170 0
174 170 0
181 170 0
182 170 0
183 170 0
184 170 0
194 170 0
142 171 0
143 171 0
144 171 0
145 171 0
146 171 0
170 171 0
171 171 0
172 171 0
173 171 0
182 171 0
309 171 0
136 172 0
137 172 0
138 172 0
139 172 0
140 172 0
141 172 0
143 172 0
144 172 0
145 172 0
168 172 0
169 172 0
170 172 0
171 172 0
172 172 0
136 173 0
137 173 0
138 173 0
139 173 0
140 173 0
141 173 0
142 173 0
166 173 0
168 173 0
169 173 0
170 173 0
171 173 0
172 173 0
177 173 0
187 173 0
317 173 0
139 174 0
161 174 0
166 174 0
167 174 0
168 174 0
169 174 0
170 174 0
177 174 0
179 174 0
180 174 0
182 174 0
325 174 0
165 175 0
166 175 0
167 175 0
168 175 0
169 175 0
170 175 0
180 175 0
163 176 0
164 176 0
165 176 0
166 176 0
167 176 0
168 176 0
179 176 0
163 177 0
164 177 0
165 177 0
166 177 0
167 177 0
168 177 0
175 177 0
177 177 0
178 177 0
162 178 0
163 178 0
164 178 0
165 178 0
166 178 0
173 178 0
174 178 0
176 178 0
177 178 0
178 178 0
169 179 0
172 179 0
175 179 0
176 179 0
177 179 0
168 180 0
170 180 0
171 180 0
172 180 0
173 180 0
174 180 0
175 180 0
176 180 0
170 181 0
171 181 0
172 181 0
173 181 0
174 181 0
175 181 0
176 181 0
165 182 0
169 182 0
170 182 0
172 182 0
173 182 0
174 182 0
166 183 0
168 183 0
171 183 0
172 183 0
173 183 0
170 184 0
171 184 0
172 184 0
170 185 0
169 186 0
165 187 0
166 187 0
167 187 0
168 187 0
169 187 0
162 188 0
164 188 0
165 188 0
166 188 0
167 188 0
163 189 0
164 189 0
165 189 0
166 189 0
270 1 1
271 2 1
212 3 1
213 3 1
270 3 1
213 4 1
269 4 1
270 4 1
271 4 1
215 5 1
260 5 1
270 5 1
216 6 1
217 6 1
269 6 1
270 6 1
271 6 1
270 7 1
204 8 1
205 8 1
219 8 1
270 8 1
271 8 1
205 9 1
219 9 1
220 9 1
221 9 1
205 10 1
206 10 1
220 10 1
221 10 1
222 10 1
205 11 1
206 11 1
207 11 1
208 11 1
271 11 1
208 12 1
271 12 1
211 13 1
211 14 1
212 14 1
270 14 1
271 14 1
211 15 1
212 15 1
213 15 1
271 15 1
194 16 1
196 16 1
211 16 1
212 16 1
213 16 1
214 16 1
197 17 1
198 17 1
212 17 1
213 17 1
214 17 1
215 17 1
216 17 1
229 17 1
270 17 1
198 18 1
199 18 1
212 18 1
213 18 1
214 18 1
215 18 1
216 18 1
229 18 1
230 18 1
200 19 1
214 19 1
215 19 1
216 19 1
217 19 1
231 19 1
215 20 1
216 20 1
217 20 1
232 20 1
271 20 1
215 21 1
216 21 1
217 21 1
218 21 1
233 21 1
271 21 1
189 22 1
190 22 1
217 22 1
218 22 1
219 22 1
234 22 1
272 22 1
189 23 1
190 23 1
191 23 1
218 23 1
219 23 1
220 23 1
221 23 1
271 23 1
272 23 1
190 24 1
191 24 1
192 24 1
193 24 1
206 24 1
210 24 1
219 24 1
220 24 1
221 24 1
272 24 1
273 24 1
192 25 1
193 25 1
210 25 1
211 25 1
220 25 1
221 25 1
222 25 1
223 25 1
193 26 1
194 26 1
209 26 1
210 26 1
211 26 1
212 26 1
220 26 1
221 26 1
222 26 1
223 26 1
224 26 1
272 26 1
273 26 1
195 27 1
210 27 1
211 27 1
212 27 1
213 27 1
221 27 1
222 27 1
223 27 1
224 27 1
225 27 1
273 27 1
274 27 1
194 28 1
195 28 1
196 28 1
212 28 1
213 28 1
222 28 1
223 28 1
224 28 1
225 28 1
226 28 1
214 29 1
215 29 1
216 29 1
217 29 1
224 29 1
225 29 1
226 29 1
202 30 1
215 30 1
216 30 1
217 30 1
218 30 1
219 30 1
224 30 1
273 30 1
274 30 1
216 31 1
217 31 1
218 31 1
219 31 1
220 31 1
217 32 1
218 32 1
219 32 1
220 32 1
221 32 1
219 33 1
220 33 1
221 33 1
222 33 1
223 33 1
205 34 1
220 34 1
221 34 1
222 34 1
223 34 1
224 34 1
203 35 1
206 35 1
207 35 1
222 35 1
223 35 1
224 35 1
274 35 1
202 36 1
203 36 1
204 36 1
207 36 1
208 36 1
189 37 1
190 37 1
202 37 1
203 37 1
204 37 1
205 37 1
209 37 1
190 38 1
191 38 1
205 38 1
206 38 1
191 39 1
206 39 1
207 39 1
208 39 1
213 39 1
216 39 1
274 39 1
275 39 1
190 40 1
192 40 1
194 40 1
195 40 1
196 40 1
197 40 1
208 40 1
209 40 1
217 40 1
275 40 1
194 41 1
195 41 1
196 41 1
197 41 1
198 41 1
209 41 1
210 41 1
212 41 1
194 42 1
195 42 1
196 42 1
197 42 1
198 42 1
199 42 1
210 42 1
214 42 1
218 42 1
276 42 1
196 43 1
197 43 1
198 43 1
199 43 1
200 43 1
201 43 1
212 43 1
215 43 1
216 43 1
197 44 1
198 44 1
199 44 1
200 44 1
201 44 1
202 44 1
216 44 1
275 44 1
276 44 1
277 44 1
198 45 1
199 45 1
200 45 1
201 45 1
202 45 1
203 45 1
217 45 1
199 46 1
200 46 1
201 46 1
202 46 1
203 46 1
204 46 1
205 46 1
275 46 1
276 46 1
277 46 1
201 47 1
202 47 1
203 47 1
204 47 1
205 47 1
207 47 1
276 47 1
277 47 1
202 48 1
203 48 1
204 48 1
205 48 1
206 48 1
208 48 1
277 48 1
204 49 1
205 49 1
206 49 1
207 49 1
208 49 1
209 49 1
210 49 1
211 49 1
276 49 1
277 49 1
278 49 1
205 50 1
206 50 1
207 50 1
208 50 1
209 50 1
276 50 1
277 50 1
278 50 1
207 51 1
208 51 1
209 51 1
210 51 1
211 51 1
212 51 1
277 51 1
278 51 1
200 52 1
208 52 1
209 52 1
215 52 1
277 52 1
278 52 1
215 53 1
216 53 1
193 54 1
196 54 1
197 54 1
198 54 1
216 54 1
217 54 1
197 55 1
198 55 1
199 55 1
200 55 1
201 55 1
202 55 1
203 55 1
204 55 1
211 55 1
217 55 1
197 56 1
198 56 1
199 56 1
200 56 1
201 56 1
202 56 1
203 56 1
204 56 1
205 56 1
206 56 1
207 56 1
208 56 1
209 56 1
210 56 1
211 56 1
212 56 1
198 57 1
202 57 1
203 57 1
204 57 1
205 57 1
206 57 1
207 57 1
208 57 1
209 57 1
210 57 1
211 57 1
212 57 1
213 57 1
214 57 1
204 58 1
205 58 1
206 58 1
207 58 1
208 58 1
209 58 1
210 58 1
211 58 1
212 58 1
213 58 1
214 58 1
215 58 1
278 58 1
193 59 1
207 59 1
208 59 1
211 59 1
213 59 1
191 60 1
192 60 1
193 60 1
194 60 1
192 61 1
193 61 1
194 61 1
195 61 1
196 61 1
197 61 1
193 62 1
194 62 1
195 62 1
196 62 1
197 62 1
198 62 1
199 62 1
200 62 1
201 62 1
193 63 1
195 63 1
196 63 1
197 63 1
198 63 1
199 63 1
200 63 1
201 63 1
202 63 1
203 63 1
204 63 1
207 63 1
197 64 1
198 64 1
199 64 1
200 64 1
201 64 1
202 64 1
203 64 1
204 64 1
205 64 1
206 64 1
211 64 1
212 64 1
216 64 1
199 65 1
200 65 1
201 65 1
202 65 1
203 65 1
204 65 1
206 65 1
207 65 1
208 65 1
209 65 1
211 65 1
212 65 1
205 66 1
206 66 1
207 66 1
208 66 1
209 66 1
210 66 1
211 66 1
212 66 1
213 66 1
214 66 1
206 67 1
207 67 1
208 67 1
209 67 1
210 67 1
211 67 1
212 67 1
214 67 1
215 67 1
217 67 1
218 67 1
219 67 1
212 68 1
214 68 1
215 68 1
216 68 1
217 68 1
218 68 1
219 68 1
220 68 1
199 69 1
213 69 1
215 69 1
217 69 1
218 69 1
219 69 1
220 69 1
221 69 1
199 70 1
200 70 1
218 70 1
219 70 1
220 70 1
221 70 1
222 70 1
223 70 1
230 70 1
219 71 1
220 71 1
221 71 1
222 71 1
223 71 1
224 71 1
221 72 1
222 72 1
223 72 1
224 72 1
226 72 1
227 72 1
226 73 1
227 73 1
228 73 1
226 74 1
228 74 1
229 74 1
230 74 1
231 74 1
221 75 1
229 75 1
230 75 1
231 75 1
232 75 1
235 75 1
239 75 1
225 76 1
228 76 1
229 76 1
230 76 1
231 76 1
232 76 1
233 76 1
239 76 1
218 77 1
228 77 1
229 77 1
230 77 1
231 77 1
232 77 1
233 77 1
234 77 1
235 77 1
240 77 1
219 78 1
233 78 1
234 78 1
235 78 1
235 79 1
237 79 1
238 79 1
239 79 1
240 79 1
235 80 1
236 80 1
237 80 1
239 80 1
240 80 1
237 81 1
239 81 1
240 81 1
242 81 1
240 82 1
242 82 1
243 82 1
244 82 1
237 83 1
241 83 1
243 83 1
244 83 1
246 83 1
232 84 1
244 84 1
248 84 1
228 85 1
248 85 1
251 85 1
252 85 1
229 87 1
341 33 2
342 33 2
343 33 2
344 33 2
343 34 2
344 34 2
278 61 2
280 65 2
283 67 2
283 68 2
284 69 2
284 70 2
286 70 2
288 71 2
288 72 2
291 76 2
293 77 2
296 79 2
297 81 2
298 82 2
299 83 2
300 84 2
300 85 2
302 85 2
260 86 2
301 86 2
302 86 2
260 87 2
261 87 2
256 88 2
257 88 2
256 89 2
257 89 2
305 89 2
257 90 2
259 90 2
261 90 2
258 91 2
259 91 2
307 91 2
261 92 2
263 93 2
308 93 2
309 93 2
262 94 2
263 95 2
311 95 2
264 97 2
265 97 2
313 97 2
315 97 2
265 98 2
315 98 2
265 99 2
266 99 2
317 99 2
266 100 2
267 102 2
267 103 2
270 104 2
325 104 2
269 105 2
332 105 2
336 106 2
271 107 2
336 107 2
338 107 2
340 107 2
271 108 2
273 108 2
337 108 2
253 112 2
262 112 2
266 112 2
269 112 2
271 112 2
273 112 2
275 112 2
252 113 2
253 113 2
254 113 2
255 113 2
256 113 2
258 113 2
259 113 2
260 113 2
261 113 2
262 113 2
263 113 2
264 113 2
265 113 2
266 113 2
267 113 2
268 113 2
269 113 2
270 113 2
271 113 2
272 113 2
273 113 2
274 113 2
275 113 2
276 113 2
279 113 2
252 114 2
253 114 2
255 114 2
256 114 2
258 114 2
259 114 2
261 114 2
262 114 2
263 114 2
264 114 2
265 114 2
268 114 2
269 114 2
270 114 2
271 114 2
272 114 2
273 114 2
274 114 2
275 114 2
276 114 2
277 114 2
279 114 2
262 115 2
265 115 2
267 115 2
268 115 2
275 115 2
