179 76 0
176 77 0
177 77 0
178 77 0
179 77 0
180 77 0
181 77 0
176 78 0
177 78 0
178 78 0
179 78 0
180 78 0
181 78 0
182 78 0
183 78 0
182 79 0
183 79 0
183 80 0
184 80 0
184 81 0
185 81 0
186 81 0
184 82 0
185 82 0
186 82 0
187 82 0
188 82 0
185 83 0
186 83 0
187 83 0
188 83 0
175 84 0
187 84 0
188 84 0
189 84 0
176 85 0
177 85 0
189 85 0
175 86 0
176 86 0
191 86 0
192 86 0
175 87 0
176 87 0
193 87 0
194 87 0
176 88 0
177 88 0
194 88 0
176 89 0
177 89 0
178 89 0
195 89 0
197 91 0
199 92 0
201 93 0
180 94 0
180 95 0
181 95 0
182 95 0
204 95 0
205 95 0
206 95 0
209 95 0
181 96 0
182 96 0
183 96 0
205 96 0
206 96 0
207 96 0
208 96 0
209 96 0
210 96 0
183 97 0
184 97 0
185 97 0
206 97 0
207 97 0
208 97 0
209 97 0
210 97 0
183 98 0
184 98 0
185 98 0
186 98 0
208 98 0
209 98 0
210 98 0
211 98 0
185 99 0
186 99 0
209 99 0
210 99 0
211 99 0
212 99 0
186 100 0
187 100 0
188 100 0
210 100 0
211 100 0
212 100 0
213 100 0
188 101 0
189 101 0
210 101 0
211 101 0
212 101 0
213 101 0
214 101 0
215 101 0
189 102 0
190 102 0
213 102 0
214 102 0
215 102 0
189 103 0
190 103 0
213 103 0
215 103 0
190 104 0
191 104 0
215 104 0
191 105 0
192 105 0
212 105 0
190 114 0
191 114 0
227 114 0
233 114 0
234 114 0
188 115 0
189 115 0
190 115 0
232 115 0
233 115 0
188 116 0
189 116 0
190 116 0
231 116 0
187 117 0
188 117 0
189 117 0
231 117 0
235 117 0
186 118 0
229 118 0
230 118 0
234 118 0
235 118 0
236 118 0
237 118 0
238 118 0
239 118 0
240 118 0
183 119 0
186 119 0
227 119 0
228 119 0
229 119 0
230 119 0
233 119 0
234 119 0
235 119 0
236 119 0
238 119 0
240 119 0
182 120 0
226 120 0
227 120 0
228 120 0
229 120 0
230 120 0
233 120 0
234 120 0
155 121 0
182 121 0
183 121 0
226 121 0
227 121 0
228 121 0
232 121 0
233 121 0
182 122 0
227 122 0
232 122 0
162 123 0
163 123 0
164 123 0
165 123 0
166 123 0
167 123 0
168 123 0
169 123 0
170 123 0
171 123 0
172 123 0
139 124 0
140 124 0
146 124 0
147 124 0
149 124 0
150 124 0
151 124 0
152 124 0
162 124 0
163 124 0
164 124 0
165 124 0
166 124 0
167 124 0
168 124 0
169 124 0
170 124 0
171 124 0
172 124 0
173 124 0
140 125 0
141 125 0
142 125 0
143 125 0
145 125 0
146 125 0
147 125 0
148 125 0
149 125 0
150 125 0
153 125 0
161 125 0
162 125 0
163 125 0
164 125 0
165 125 0
166 125 0
167 125 0
168 125 0
169 125 0
170 125 0
226 125 0
135 126 0
136 126 0
137 126 0
138 126 0
139 126 0
140 126 0
141 126 0
142 126 0
143 126 0
144 126 0
145 126 0
162 126 0
163 126 0
164 126 0
166 126 0
168 126 0
127 127 0
128 127 0
134 127 0
135 127 0
136 127 0
137 127 0
138 127 0
139 127 0
140 127 0
141 127 0
142 127 0
126 128 0
127 128 0
128 128 0
129 128 0
130 128 0
136 128 0
226 128 0
124 129 0
125 129 0
126 129 0
127 129 0
128 129 0
129 129 0
124 130 0
125 130 0
126 130 0
127 130 0
169 130 0
124 131 0
125 131 0
139 133 0
141 133 0
142 133 0
143 133 0
144 133 0
145 133 0
160 133 0
161 133 0
124 134 0
125 134 0
126 134 0
127 134 0
128 134 0
131 134 0
132 134 0
133 134 0
153 134 0
156 134 0
158 134 0
159 134 0
161 134 0
162 134 0
163 134 0
124 135 0
125 135 0
126 135 0
127 135 0
128 135 0
129 135 0
133 135 0
138 135 0
153 135 0
154 135 0
155 135 0
156 135 0
157 135 0
158 135 0
159 135 0
160 135 0
163 135 0
165 135 0
124 136 0
125 136 0
126 136 0
127 136 0
128 136 0
129 136 0
152 136 0
153 136 0
154 136 0
155 136 0
156 136 0
157 136 0
158 136 0
159 136 0
160 136 0
161 136 0
162 136 0
163 136 0
164 136 0
165 136 0
166 136 0
125 137 0
126 137 0
127 137 0
128 137 0
129 137 0
130 137 0
131 137 0
132 137 0
133 137 0
134 137 0
143 137 0
145 137 0
146 137 0
151 137 0
152 137 0
153 137 0
154 137 0
155 137 0
156 137 0
157 137 0
158 137 0
159 137 0
160 137 0
161 137 0
162 137 0
163 137 0
164 137 0
165 137 0
125 138 0
126 138 0
127 138 0
128 138 0
129 138 0
130 138 0
131 138 0
132 138 0
133 138 0
147 138 0
149 138 0
150 138 0
151 138 0
152 138 0
153 138 0
154 138 0
155 138 0
156 138 0
157 138 0
158 138 0
159 138 0
160 138 0
161 138 0
162 138 0
163 138 0
164 138 0
165 138 0
166 138 0
127 139 0
128 139 0
165 139 0
160 142 0
163 142 0
164 142 0
165 142 0
166 142 0
167 142 0
168 142 0
160 143 0
161 143 0
162 143 0
163 143 0
164 143 0
165 143 0
166 143 0
167 143 0
149 144 0
155 144 0
156 144 0
157 144 0
158 144 0
159 144 0
160 144 0
161 144 0
162 144 0
163 144 0
164 144 0
165 144 0
166 144 0
147 145 0
148 145 0
152 145 0
153 145 0
154 145 0
155 145 0
156 145 0
157 145 0
158 145 0
159 145 0
160 145 0
161 145 0
162 145 0
163 145 0
164 145 0
146 146 0
147 146 0
150 146 0
151 146 0
152 146 0
153 146 0
154 146 0
155 146 0
156 146 0
157 146 0
158 146 0
159 146 0
160 146 0
145 147 0
146 147 0
147 147 0
148 147 0
149 147 0
150 147 0
151 147 0
152 147 0
153 147 0
154 147 0
155 147 0
156 147 0
157 147 0
158 147 0
173 147 0
185 147 0
142 148 0
143 148 0
144 148 0
145 148 0
146 148 0
147 148 0
148 148 0
149 148 0
150 148 0
151 148 0
152 148 0
153 148 0
140 149 0
141 149 0
142 149 0
143 149 0
144 149 0
145 149 0
146 149 0
147 149 0
148 149 0
149 149 0
165 149 0
170 149 0
139 150 0
140 150 0
141 150 0
142 150 0
143 150 0
144 150 0
145 150 0
146 150 0
167 150 0
172 150 0
210 150 0
229 150 0
138 151 0
139 151 0
140 151 0
141 151 0
142 151 0
143 151 0
144 151 0
166 151 0
225 151 0
138 152 0
139 152 0
140 152 0
141 152 0
142 152 0
152 152 0
135 153 0
138 153 0
139 153 0
132 154 0
165 155 0
168 155 0
170 155 0
175 155 0
127 156 0
128 156 0
146 156 0
164 156 0
165 156 0
166 156 0
167 156 0
125 157 0
126 157 0
127 157 0
142 157 0
160 157 0
161 157 0
163 157 0
164 157 0
172 157 0
136 158 0
141 158 0
143 158 0
144 158 0
145 158 0
161 158 0
162 158 0
178 158 0
143 159 0
145 159 0
146 159 0
157 159 0
158 159 0
159 159 0
222 159 0
223 159 0
140 160 0
141 160 0
142 160 0
143 160 0
144 160 0
145 160 0
146 160 0
147 160 0
156 160 0
183 160 0
217 160 0
225 160 0
129 161 0
140 161 0
141 161 0
142 161 0
143 161 0
144 161 0
145 161 0
146 161 0
178 161 0
216 161 0
140 162 0
141 162 0
142 162 0
143 162 0
144 162 0
145 162 0
146 162 0
147 162 0
174 162 0
177 162 0
211 162 0
128 163 0
137 163 0
138 163 0
141 163 0
142 163 0
143 163 0
144 163 0
145 163 0
170 163 0
171 163 0
172 163 0
173 163 0
174 163 0
209 163 0
210 163 0
135 164 0
136 164 0
137 164 0
138 164 0
153 164 0
154 164 0
155 164 0
164 164 0
168 164 0
173 164 0
175 164 0
187 164 0
199 164 0
212 164 0
132 165 0
133 165 0
134 165 0
135 165 0
136 165 0
137 165 0
150 165 0
151 165 0
152 165 0
153 165 0
154 165 0
155 165 0
174 165 0
175 165 0
219 165 0
220 165 0
221 165 0
222 165 0
124 166 0
130 166 0
131 166 0
132 166 0
133 166 0
134 166 0
135 166 0
149 166 0
150 166 0
151 166 0
152 166 0
153 166 0
154 166 0
167 166 0
171 166 0
172 166 0
173 166 0
180 166 0
183 166 0
208 166 0
217 166 0
220 166 0
221 166 0
222 166 0
130 167 0
131 167 0
132 167 0
133 167 0
145 167 0
146 167 0
147 167 0
148 167 0
149 167 0
150 167 0
151 167 0
152 167 0
168 167 0
170 167 0
171 167 0
172 167 0
173 167 0
180 167 0
185 167 0
186 167 0
197 167 0
205 167 0
206 167 0
215 167 0
218 167 0
141 168 0
142 168 0
143 168 0
144 168 0
145 168 0
146 168 0
147 168 0
148 168 0
149 168 0
150 168 0
159 168 0
165 168 0
169 168 0
171 168 0
172 168 0
173 168 0
184 168 0
193 168 0
200 168 0
212 168 0
213 168 0
214 168 0
215 168 0
216 168 0
142 169 0
143 169 0
144 169 0
145 169 0
146 169 0
147 169 0
148 169 0
156 169 0
162 169 0
166 169 0
167 169 0
168 169 0
169 169 0
170 169 0
171 169 0
172 169 0
173 169 0
183 169 0
193 169 0
210 169 0
211 169 0
213 169 0
214 169 0
215 169 0
141 170 0
142 170 0
143 170 0
144 170 0
145 170 0
161 170 0
162 170 0
163 170 0
164 170 0
165 170 0
166 170 0
167 170 0
168 170 0
169 170 0
170 170 0
171 170 0
181 170 0
192 170 0
206 170 0
207 170 0
208 170 0
209 170 0
210 170 0
211 170 0
212 170 0
142 171 0
153 171 0
154 171 0
157 171 0
160 171 0
163 171 0
164 171 0
165 171 0
166 171 0
167 171 0
168 171 0
169 171 0
170 171 0
204 171 0
205 171 0
208 171 0
209 171 0
210 171 0
136 172 0
138 172 0
151 172 0
152 172 0
155 172 0
156 172 0
157 172 0
158 172 0
159 172 0
160 172 0
161 172 0
162 172 0
163 172 0
164 172 0
165 172 0
166 172 0
167 172 0
168 172 0
169 172 0
170 172 0
181 172 0
203 172 0
204 172 0
205 172 0
206 172 0
207 172 0
154 173 0
156 173 0
157 173 0
158 173 0
159 173 0
160 173 0
161 173 0
162 173 0
163 173 0
164 173 0
165 173 0
166 173 0
167 173 0
178 173 0
179 173 0
191 173 0
200 173 0
201 173 0
202 173 0
203 173 0
204 173 0
157 174 0
158 174 0
159 174 0
160 174 0
161 174 0
162 174 0
163 174 0
164 174 0
176 174 0
177 174 0
178 174 0
187 174 0
197 174 0
199 174 0
200 174 0
201 174 0
203 174 0
146 175 0
156 175 0
158 175 0
159 175 0
160 175 0
161 175 0
162 175 0
176 175 0
177 175 0
178 175 0
185 175 0
197 175 0
142 176 0
143 176 0
154 176 0
155 176 0
157 176 0
158 176 0
175 176 0
176 176 0
177 176 0
185 176 0
189 176 0
196 176 0
198 176 0
140 177 0
141 177 0
149 177 0
151 177 0
152 177 0
153 177 0
154 177 0
155 177 0
156 177 0
173 177 0
174 177 0
175 177 0
176 177 0
186 177 0
188 177 0
189 177 0
147 178 0
148 178 0
149 178 0
150 178 0
151 178 0
152 178 0
153 178 0
154 178 0
171 178 0
173 178 0
174 178 0
175 178 0
181 178 0
182 178 0
184 178 0
185 178 0
186 178 0
187 178 0
188 178 0
144 179 0
146 179 0
147 179 0
148 179 0
149 179 0
150 179 0
151 179 0
172 179 0
173 179 0
174 179 0
180 179 0
183 179 0
185 179 0
186 179 0
142 180 0
143 180 0
144 180 0
145 180 0
146 180 0
147 180 0
148 180 0
150 180 0
171 180 0
172 180 0
173 180 0
182 180 0
183 180 0
184 180 0
185 180 0
186 180 0
136 181 0
137 181 0
139 181 0
140 181 0
141 181 0
142 181 0
143 181 0
144 181 0
145 181 0
146 181 0
170 181 0
171 181 0
172 181 0
181 181 0
182 181 0
183 181 0
184 181 0
185 181 0
138 182 0
139 182 0
140 182 0
141 182 0
142 182 0
143 182 0
144 182 0
169 182 0
170 182 0
171 182 0
172 182 0
180 182 0
181 182 0
182 182 0
183 182 0
184 182 0
169 183 0
177 183 0
178 183 0
179 183 0
180 183 0
181 183 0
182 183 0
183 183 0
177 184 0
178 184 0
179 184 0
180 184 0
181 184 0
182 184 0
183 184 0
176 185 0
178 185 0
179 185 0
180 185 0
181 185 0
172 186 0
175 186 0
178 186 0
179 186 0
180 186 0
185 186 0
171 187 0
173 187 0
177 187 0
178 187 0
179 187 0
173 188 0
178 188 0
179 188 0
168 190 0
176 190 0
175 191 0
176 191 0
172 192 0
173 192 0
174 192 0
176 192 0
171 193 0
172 193 0
173 193 0
169 194 0
170 194 0
171 194 0
168 195 0
166 196 0
167 196 0
342 33 1
343 33 1
344 33 1
343 34 1
344 34 1
283 61 1
284 62 1
284 63 1
285 63 1
286 63 1
285 64 1
286 64 1
286 65 1
287 65 1
288 66 1
288 68 1
288 69 1
292 71 1
295 73 1
295 74 1
296 75 1
297 75 1
298 77 1
299 77 1
298 78 1
300 78 1
300 79 1
301 80 1
302 81 1
302 82 1
303 82 1
255 83 1
257 83 1
304 83 1
258 85 1
259 85 1
260 85 1
305 85 1
306 85 1
259 86 1
260 86 1
307 86 1
260 87 1
261 87 1
305 87 1
307 87 1
262 88 1
264 88 1
262 89 1
263 89 1
309 89 1
265 91 1
311 91 1
312 91 1
265 92 1
266 92 1
269 92 1
265 93 1
269 93 1
267 94 1
316 94 1
267 95 1
268 95 1
316 95 1
318 96 1
318 97 1
272 98 1
320 98 1
323 99 1
323 100 1
272 102 1
272 103 1
274 106 1
277 107 1
279 111 1
280 111 1
279 112 1
281 116 1
245 117 1
272 117 1
275 117 1
280 117 1
281 117 1
282 117 1
285 117 1
241 118 1
242 118 1
243 118 1
244 118 1
246 118 1
247 118 1
249 118 1
253 118 1
255 118 1
257 118 1
258 118 1
259 118 1
261 118 1
263 118 1
264 118 1
266 118 1
267 118 1
268 118 1
269 118 1
270 118 1
271 118 1
272 118 1
274 118 1
275 118 1
276 118 1
278 118 1
279 118 1
280 118 1
281 118 1
282 118 1
284 118 1
285 118 1
287 118 1
242 119 1
243 119 1
244 119 1
246 119 1
247 119 1
249 119 1
250 119 1
251 119 1
252 119 1
253 119 1
255 119 1
256 119 1
257 119 1
258 119 1
259 119 1
260 119 1
261 119 1
264 119 1
265 119 1
267 119 1
268 119 1
269 119 1
270 119 1
271 119 1
273 119 1
274 119 1
275 119 1
276 119 1
277 119 1
278 119 1
279 119 1
280 119 1
281 119 1
283 119 1
284 119 1
285 119 1
286 119 1
287 119 1
242 120 1
252 120 1
253 120 1
254 120 1
255 120 1
258 120 1
259 120 1
262 120 1
263 120 1
264 120 1
265 120 1
266 120 1
267 120 1
270 120 1
273 120 1
274 120 1
276 120 1
278 120 1
279 120 1
281 120 1
282 120 1
283 120 1
286 120 1
228 157 1
231 157 1
232 157 1
233 157 1
234 157 1
235 157 1
237 157 1
239 157 1
240 157 1
228 158 1
230 158 1
231 158 1
232 158 1
233 158 1
234 158 1
239 158 1
242 158 1
247 158 1
229 159 1
230 159 1
231 159 1
232 159 1
233 159 1
234 159 1
235 159 1
236 159 1
237 159 1
238 159 1
239 159 1
240 159 1
241 159 1
242 159 1
245 159 1
246 159 1
247 159 1
284 159 1
231 160 1
232 160 1
233 160 1
234 160 1
235 160 1
236 160 1
237 160 1
238 160 1
239 160 1
240 160 1
241 160 1
242 160 1
244 160 1
245 160 1
246 160 1
247 160 1
249 160 1
250 160 1
253 160 1
234 161 1
238 161 1
239 161 1
240 161 1
241 161 1
242 161 1
243 161 1
244 161 1
245 161 1
246 161 1
247 161 1
248 161 1
254 161 1
257 161 1
260 161 1
261 161 1
240 162 1
241 162 1
242 162 1
243 162 1
244 162 1
246 162 1
247 162 1
248 162 1
250 162 1
258 162 1
246 163 1
247 163 1
249 163 1
250 163 1
251 163 1
252 163 1
253 163 1
254 163 1
258 163 1
260 163 1
249 164 1
250 164 1
251 164 1
252 164 1
255 164 1
256 164 1
255 165 1
258 165 1
259 165 1
268 165 1
261 166 1
262 166 1
263 166 1
264 166 1
266 166 1
268 166 1
263 167 1
264 167 1
265 167 1
267 167 1
278 167 1
282 167 1
267 168 1
269 168 1
270 168 1
272 168 1
270 169 1
271 169 1
277 169 1
282 169 1
284 169 1
278 170 1
281 170 1
282 170 1
284 171 1
290 171 1
288 172 1
290 172 1
287 173 1
290 173 1
291 173 1
301 173 1
293 174 1
307 174 1
301 175 1
306 175 1
307 175 1
314 176 1
334 178 1
321 179 1
326 179 1
334 179 1
333 180 1
340 180 1
266 1 2
221 2 2
265 2 2
276 2 2
264 3 2
265 3 2
275 3 2
276 3 2
275 4 2
276 4 2
212 5 2
213 5 2
273 5 2
212 6 2
213 6 2
214 6 2
265 6 2
275 6 2
276 6 2
212 7 2
213 7 2
214 7 2
215 7 2
263 7 2
213 8 2
214 8 2
215 8 2
216 8 2
230 8 2
276 8 2
213 9 2
214 9 2
215 9 2
216 9 2
217 9 2
218 9 2
264 9 2
199 10 2
200 10 2
214 10 2
215 10 2
216 10 2
217 10 2
218 10 2
219 10 2
231 10 2
232 10 2
264 10 2
276 10 2
202 11 2
217 11 2
218 11 2
219 11 2
233 11 2
275 11 2
276 11 2
202 12 2
203 12 2
218 12 2
219 12 2
220 12 2
221 12 2
233 12 2
276 12 2
204 13 2
205 13 2
218 13 2
219 13 2
220 13 2
221 13 2
276 13 2
206 14 2
219 14 2
220 14 2
221 14 2
222 14 2
223 14 2
236 14 2
276 14 2
207 15 2
219 15 2
220 15 2
221 15 2
275 15 2
276 15 2
194 16 2
209 16 2
210 16 2
211 16 2
222 16 2
277 16 2
194 17 2
210 17 2
211 17 2
212 17 2
224 17 2
225 17 2
276 17 2
195 18 2
196 18 2
197 18 2
211 18 2
212 18 2
213 18 2
276 18 2
196 19 2
197 19 2
211 19 2
212 19 2
213 19 2
214 19 2
215 19 2
224 19 2
227 19 2
276 19 2
277 19 2
197 20 2
198 20 2
212 20 2
213 20 2
214 20 2
215 20 2
216 20 2
225 20 2
226 20 2
264 20 2
277 20 2
198 21 2
199 21 2
200 21 2
213 21 2
214 21 2
215 21 2
216 21 2
217 21 2
225 21 2
226 21 2
277 21 2
278 21 2
200 22 2
215 22 2
216 22 2
217 22 2
218 22 2
276 22 2
277 22 2
278 22 2
279 22 2
217 23 2
218 23 2
219 23 2
220 23 2
232 23 2
278 23 2
217 24 2
218 24 2
219 24 2
220 24 2
221 24 2
219 25 2
220 25 2
221 25 2
222 25 2
223 25 2
228 25 2
278 25 2
220 26 2
221 26 2
222 26 2
223 26 2
224 26 2
225 26 2
279 26 2
222 27 2
223 27 2
224 27 2
225 27 2
226 27 2
227 27 2
223 28 2
224 28 2
225 28 2
210 29 2
279 29 2
193 30 2
211 30 2
213 30 2
208 31 2
194 32 2
195 32 2
208 32 2
209 32 2
195 33 2
210 33 2
216 33 2
210 34 2
211 34 2
212 34 2
195 35 2
200 35 2
201 35 2
213 35 2
214 35 2
221 35 2
197 36 2
200 36 2
201 36 2
202 36 2
203 36 2
213 36 2
215 36 2
201 37 2
202 37 2
203 37 2
204 37 2
216 37 2
218 37 2
224 37 2
201 38 2
202 38 2
203 38 2
204 38 2
205 38 2
219 38 2
220 38 2
202 39 2
203 39 2
204 39 2
205 39 2
206 39 2
220 39 2
203 40 2
204 40 2
205 40 2
206 40 2
207 40 2
222 40 2
204 41 2
205 41 2
206 41 2
207 41 2
208 41 2
212 41 2
206 42 2
207 42 2
208 42 2
209 42 2
207 43 2
208 43 2
209 43 2
210 43 2
211 43 2
212 43 2
213 43 2
214 43 2
208 44 2
209 44 2
210 44 2
211 44 2
212 44 2
209 45 2
210 45 2
211 45 2
212 45 2
213 45 2
214 45 2
216 45 2
210 46 2
211 46 2
212 46 2
218 46 2
197 47 2
211 47 2
216 47 2
220 47 2
195 48 2
196 48 2
197 48 2
198 48 2
199 48 2
200 48 2
201 48 2
202 48 2
221 48 2
197 49 2
198 49 2
199 49 2
200 49 2
201 49 2
202 49 2
203 49 2
204 49 2
212 49 2
213 49 2
220 49 2
200 50 2
201 50 2
202 50 2
203 50 2
204 50 2
205 50 2
206 50 2
207 50 2
208 50 2
209 50 2
214 50 2
220 50 2
221 50 2
201 51 2
203 51 2
204 51 2
205 51 2
206 51 2
207 51 2
208 51 2
209 51 2
210 51 2
215 51 2
217 51 2
221 51 2
205 52 2
206 52 2
207 52 2
208 52 2
209 52 2
215 52 2
216 52 2
217 52 2
218 52 2
217 53 2
218 53 2
197 55 2
198 55 2
199 55 2
200 55 2
196 56 2
197 56 2
198 56 2
199 56 2
200 56 2
201 56 2
202 56 2
203 56 2
199 57 2
200 57 2
201 57 2
202 57 2
203 57 2
204 57 2
205 57 2
206 57 2
201 58 2
202 58 2
203 58 2
204 58 2
205 58 2
206 58 2
207 58 2
212 58 2
202 59 2
203 59 2
204 59 2
205 59 2
206 59 2
207 59 2
208 59 2
209 59 2
210 59 2
211 59 2
204 60 2
205 60 2
206 60 2
207 60 2
208 60 2
209 60 2
210 60 2
211 60 2
212 60 2
213 60 2
221 60 2
205 61 2
206 61 2
207 61 2
208 61 2
209 61 2
210 61 2
211 61 2
212 61 2
213 61 2
214 61 2
215 61 2
216 61 2
212 62 2
213 62 2
215 62 2
216 62 2
217 62 2
218 62 2
219 62 2
214 63 2
215 63 2
216 63 2
217 63 2
218 63 2
219 63 2
221 63 2
222 63 2
224 63 2
220 64 2
221 64 2
222 64 2
223 64 2
226 64 2
201 65 2
221 65 2
222 65 2
223 65 2
225 65 2
227 65 2
205 66 2
206 66 2
223 66 2
224 66 2
225 66 2
226 66 2
229 66 2
224 67 2
225 67 2
226 67 2
227 67 2
202 68 2
213 68 2
226 68 2
227 68 2
228 68 2
229 68 2
230 68 2
231 68 2
211 69 2
229 69 2
230 69 2
231 69 2
232 69 2
236 69 2
240 69 2
215 70 2
230 70 2
231 70 2
232 70 2
233 70 2
234 70 2
231 71 2
232 71 2
233 71 2
234 71 2
224 72 2
232 72 2
234 72 2
235 72 2
236 72 2
237 72 2
236 73 2
237 73 2
238 73 2
240 73 2
239 74 2
240 74 2
245 74 2
239 75 2
240 75 2
240 76 2
241 76 2
242 76 2
245 76 2
241 77 2
229 78 2
230 78 2
244 78 2
252 78 2
245 79 2
247 79 2
250 80 2
254 81 2
251 87 2
252 89 2
