342 33 0
343 33 0
344 33 0
284 54 0
287 59 0
288 59 0
287 60 0
288 60 0
289 60 0
289 61 0
290 62 0
290 63 0
292 64 0
292 65 0
293 65 0
293 66 0
294 67 0
295 67 0
295 68 0
296 68 0
295 69 0
297 69 0
297 70 0
299 71 0
300 74 0
301 74 0
305 79 0
260 81 0
261 81 0
262 81 0
263 82 0
308 82 0
262 83 0
264 84 0
265 84 0
309 84 0
258 85 0
259 85 0
263 85 0
265 85 0
266 85 0
309 85 0
259 86 0
266 86 0
261 87 0
262 87 0
266 87 0
267 87 0
268 87 0
312 87 0
266 88 0
313 88 0
314 88 0
268 89 0
313 89 0
269 90 0
316 90 0
269 91 0
270 91 0
269 92 0
270 92 0
317 93 0
319 93 0
272 94 0
319 94 0
272 95 0
321 95 0
273 96 0
322 97 0
272 98 0
273 98 0
276 102 0
278 104 0
338 106 0
340 107 0
279 108 0
280 108 0
286 115 0
222 119 0
289 120 0
250 121 0
287 121 0
289 121 0
291 121 0
231 122 0
232 122 0
234 122 0
276 122 0
282 122 0
285 122 0
286 122 0
287 122 0
289 122 0
290 122 0
291 122 0
230 123 0
231 123 0
240 123 0
244 123 0
247 123 0
253 123 0
257 123 0
264 123 0
265 123 0
267 123 0
268 123 0
270 123 0
271 123 0
273 123 0
274 123 0
275 123 0
277 123 0
278 123 0
279 123 0
280 123 0
281 123 0
282 123 0
283 123 0
284 123 0
285 123 0
286 123 0
287 123 0
288 123 0
289 123 0
290 123 0
291 123 0
292 123 0
294 123 0
298 123 0
228 124 0
230 124 0
236 124 0
237 124 0
238 124 0
239 124 0
240 124 0
241 124 0
242 124 0
243 124 0
244 124 0
245 124 0
246 124 0
247 124 0
248 124 0
249 124 0
250 124 0
251 124 0
252 124 0
253 124 0
256 124 0
257 124 0
258 124 0
259 124 0
260 124 0
262 124 0
263 124 0
264 124 0
265 124 0
266 124 0
267 124 0
268 124 0
269 124 0
270 124 0
271 124 0
272 124 0
273 124 0
274 124 0
275 124 0
276 124 0
277 124 0
278 124 0
279 124 0
281 124 0
282 124 0
283 124 0
285 124 0
286 124 0
287 124 0
288 124 0
289 124 0
290 124 0
291 124 0
292 124 0
228 125 0
230 125 0
231 125 0
232 125 0
233 125 0
234 125 0
236 125 0
237 125 0
238 125 0
239 125 0
240 125 0
242 125 0
243 125 0
244 125 0
245 125 0
246 125 0
247 125 0
248 125 0
249 125 0
251 125 0
252 125 0
253 125 0
255 125 0
256 125 0
257 125 0
258 125 0
259 125 0
260 125 0
261 125 0
262 125 0
263 125 0
264 125 0
266 125 0
268 125 0
269 125 0
270 125 0
271 125 0
274 125 0
277 125 0
278 125 0
280 125 0
281 125 0
282 125 0
283 125 0
284 125 0
285 125 0
227 126 0
228 126 0
232 126 0
233 126 0
234 126 0
235 126 0
236 126 0
238 126 0
239 126 0
244 126 0
250 126 0
251 126 0
255 126 0
256 126 0
257 126 0
258 126 0
259 126 0
262 126 0
264 126 0
265 126 0
224 127 0
225 127 0
226 127 0
227 127 0
230 127 0
231 127 0
232 127 0
224 128 0
225 128 0
226 128 0
227 128 0
230 128 0
231 128 0
230 129 0
229 130 0
223 132 0
202 153 0
187 154 0
231 161 0
219 162 0
234 162 0
245 162 0
231 163 0
232 163 0
233 163 0
231 164 0
232 164 0
233 164 0
234 164 0
236 164 0
237 164 0
238 164 0
239 164 0
241 164 0
242 164 0
231 165 0
232 165 0
233 165 0
234 165 0
235 165 0
236 165 0
237 165 0
238 165 0
239 165 0
240 165 0
241 165 0
242 165 0
243 165 0
244 165 0
245 165 0
246 165 0
264 165 0
231 166 0
232 166 0
233 166 0
234 166 0
235 166 0
236 166 0
237 166 0
238 166 0
239 166 0
240 166 0
241 166 0
242 166 0
243 166 0
244 166 0
246 166 0
248 166 0
249 166 0
250 166 0
253 166 0
255 166 0
256 166 0
215 167 0
220 167 0
221 167 0
234 167 0
235 167 0
236 167 0
237 167 0
238 167 0
239 167 0
240 167 0
241 167 0
242 167 0
243 167 0
244 167 0
245 167 0
246 167 0
247 167 0
248 167 0
249 167 0
250 167 0
251 167 0
252 167 0
258 167 0
262 167 0
264 167 0
242 168 0
243 168 0
244 168 0
245 168 0
246 168 0
247 168 0
248 168 0
249 168 0
250 168 0
252 168 0
253 168 0
254 168 0
255 168 0
256 168 0
213 169 0
247 169 0
248 169 0
252 169 0
255 169 0
256 169 0
262 169 0
208 170 0
251 170 0
254 170 0
255 170 0
259 170 0
265 170 0
211 171 0
224 171 0
225 171 0
264 171 0
265 171 0
206 172 0
208 172 0
216 172 0
222 172 0
223 172 0
224 172 0
225 172 0
262 172 0
264 172 0
267 172 0
206 173 0
220 173 0
222 173 0
224 173 0
186 174 0
187 174 0
203 174 0
204 174 0
214 174 0
216 174 0
217 174 0
218 174 0
221 174 0
222 174 0
223 174 0
273 174 0
278 174 0
279 174 0
281 174 0
203 175 0
214 175 0
216 175 0
217 175 0
218 175 0
219 175 0
280 175 0
283 175 0
285 175 0
185 176 0
211 176 0
212 176 0
213 176 0
214 176 0
215 176 0
216 176 0
287 176 0
288 176 0
289 176 0
180 177 0
182 177 0
184 177 0
209 177 0
210 177 0
211 177 0
212 177 0
213 177 0
214 177 0
215 177 0
287 177 0
289 177 0
292 177 0
181 178 0
191 178 0
192 178 0
199 178 0
206 178 0
207 178 0
208 178 0
209 178 0
210 178 0
212 178 0
181 179 0
188 179 0
198 179 0
205 179 0
206 179 0
207 179 0
208 179 0
209 179 0
210 179 0
178 180 0
179 180 0
180 180 0
181 180 0
182 180 0
188 180 0
191 180 0
196 180 0
197 180 0
203 180 0
204 180 0
205 180 0
206 180 0
207 180 0
311 180 0
334 180 0
178 181 0
179 181 0
180 181 0
181 181 0
194 181 0
200 181 0
201 181 0
202 181 0
203 181 0
204 181 0
311 181 0
176 182 0
177 182 0
178 182 0
179 182 0
180 182 0
188 182 0
189 182 0
193 182 0
200 182 0
201 182 0
318 182 0
323 182 0
327 182 0
175 183 0
176 183 0
177 183 0
178 183 0
187 183 0
190 183 0
192 183 0
193 183 0
174 184 0
175 184 0
176 184 0
177 184 0
186 184 0
187 184 0
188 184 0
189 184 0
190 184 0
191 184 0
340 184 0
173 185 0
174 185 0
175 185 0
176 185 0
177 185 0
182 185 0
184 185 0
186 185 0
187 185 0
188 185 0
189 185 0
190 185 0
173 186 0
174 186 0
175 186 0
176 186 0
184 186 0
185 186 0
186 186 0
187 186 0
188 186 0
189 186 0
173 187 0
174 187 0
181 187 0
182 187 0
183 187 0
184 187 0
185 187 0
186 187 0
187 187 0
188 187 0
181 188 0
183 188 0
184 188 0
185 188 0
186 188 0
187 188 0
179 189 0
180 189 0
181 189 0
182 189 0
183 189 0
184 189 0
185 189 0
186 189 0
179 190 0
181 190 0
182 190 0
183 190 0
184 190 0
185 190 0
176 191 0
180 191 0
181 191 0
182 191 0
183 191 0
184 191 0
180 192 0
182 192 0
183 192 0
184 192 0
183 193 0
176 194 0
172 195 0
175 195 0
181 195 0
182 195 0
172 197 0
179 197 0
180 197 0
178 198 0
166 200 0
167 201 0
174 201 0
173 202 0
170 204 0
168 205 0
166 206 0
176 83 1
176 84 1
177 84 1
178 84 1
175 85 1
176 85 1
177 85 1
178 85 1
179 85 1
180 85 1
175 86 1
176 86 1
177 86 1
178 86 1
179 86 1
180 86 1
181 86 1
179 87 1
180 87 1
181 87 1
182 87 1
181 88 1
183 89 1
184 90 1
185 90 1
185 91 1
186 91 1
187 91 1
186 92 1
187 92 1
188 92 1
189 92 1
187 93 1
188 93 1
189 93 1
190 93 1
189 94 1
190 94 1
191 95 1
192 95 1
192 96 1
193 96 1
194 96 1
174 97 1
175 97 1
176 98 1
195 98 1
176 99 1
177 99 1
196 99 1
176 100 1
177 100 1
178 100 1
200 100 1
201 100 1
202 100 1
203 100 1
177 101 1
178 101 1
179 101 1
198 101 1
199 101 1
200 101 1
201 101 1
202 101 1
203 101 1
204 101 1
205 101 1
206 101 1
179 102 1
180 102 1
199 102 1
200 102 1
201 102 1
202 102 1
203 102 1
204 102 1
205 102 1
206 102 1
207 102 1
179 103 1
180 103 1
181 103 1
202 103 1
203 103 1
204 103 1
205 103 1
206 103 1
207 103 1
208 103 1
180 104 1
181 104 1
182 104 1
205 104 1
206 104 1
207 104 1
208 104 1
209 104 1
182 105 1
183 105 1
184 105 1
206 105 1
209 105 1
210 105 1
182 106 1
183 106 1
184 106 1
192 106 1
184 107 1
185 107 1
186 107 1
186 108 1
187 108 1
188 108 1
187 109 1
188 109 1
187 110 1
188 110 1
190 112 1
190 114 1
188 121 1
189 121 1
190 121 1
191 121 1
192 121 1
187 122 1
188 122 1
189 122 1
190 122 1
191 122 1
186 123 1
187 123 1
188 123 1
189 123 1
190 123 1
185 124 1
186 124 1
187 124 1
188 124 1
189 124 1
190 124 1
184 125 1
185 125 1
186 125 1
187 125 1
184 126 1
185 126 1
186 126 1
187 126 1
183 127 1
184 127 1
185 127 1
186 127 1
171 128 1
176 129 1
177 129 1
181 129 1
168 130 1
169 130 1
170 130 1
176 130 1
177 130 1
178 130 1
157 131 1
158 131 1
161 131 1
162 131 1
163 131 1
164 131 1
165 131 1
166 131 1
167 131 1
168 131 1
169 131 1
170 131 1
174 131 1
176 131 1
177 131 1
178 131 1
157 132 1
158 132 1
159 132 1
160 132 1
161 132 1
162 132 1
163 132 1
164 132 1
165 132 1
166 132 1
167 132 1
168 132 1
169 132 1
170 132 1
171 132 1
141 133 1
155 133 1
156 133 1
157 133 1
158 133 1
159 133 1
160 133 1
161 133 1
162 133 1
163 133 1
164 133 1
165 133 1
166 133 1
167 133 1
168 133 1
169 133 1
170 133 1
143 134 1
154 134 1
156 134 1
157 134 1
158 134 1
159 134 1
160 134 1
161 134 1
163 134 1
164 134 1
166 134 1
126 135 1
133 135 1
140 135 1
141 135 1
142 135 1
128 136 1
129 136 1
130 136 1
131 136 1
134 136 1
137 136 1
138 136 1
139 136 1
126 137 1
127 137 1
128 137 1
129 137 1
130 137 1
131 137 1
132 137 1
133 137 1
124 138 1
125 138 1
126 138 1
127 138 1
128 138 1
129 138 1
130 138 1
131 138 1
164 138 1
124 139 1
125 139 1
126 139 1
127 139 1
128 139 1
125 140 1
161 140 1
141 141 1
143 141 1
130 142 1
140 142 1
141 142 1
142 142 1
143 142 1
146 142 1
150 142 1
152 142 1
153 142 1
154 142 1
155 142 1
159 142 1
160 142 1
126 143 1
127 143 1
131 143 1
132 143 1
133 143 1
135 143 1
138 143 1
139 143 1
140 143 1
141 143 1
142 143 1
143 143 1
144 143 1
145 143 1
146 143 1
147 143 1
148 143 1
149 143 1
151 143 1
152 143 1
153 143 1
154 143 1
155 143 1
156 143 1
157 143 1
158 143 1
159 143 1
160 143 1
161 143 1
162 143 1
163 143 1
164 143 1
165 143 1
126 144 1
127 144 1
129 144 1
131 144 1
132 144 1
133 144 1
134 144 1
135 144 1
136 144 1
137 144 1
138 144 1
139 144 1
140 144 1
141 144 1
142 144 1
143 144 1
144 144 1
145 144 1
146 144 1
147 144 1
148 144 1
149 144 1
150 144 1
151 144 1
152 144 1
153 144 1
154 144 1
155 144 1
156 144 1
157 144 1
158 144 1
159 144 1
160 144 1
161 144 1
162 144 1
163 144 1
164 144 1
165 144 1
166 144 1
126 145 1
132 145 1
133 145 1
134 145 1
135 145 1
136 145 1
137 145 1
138 145 1
139 145 1
140 145 1
141 145 1
142 145 1
143 145 1
144 145 1
145 145 1
146 145 1
147 145 1
148 145 1
149 145 1
150 145 1
151 145 1
152 145 1
153 145 1
154 145 1
155 145 1
156 145 1
157 145 1
158 145 1
159 145 1
160 145 1
161 145 1
162 145 1
163 145 1
164 145 1
165 145 1
125 146 1
128 146 1
131 146 1
132 146 1
133 146 1
134 146 1
135 146 1
136 146 1
137 146 1
138 146 1
139 146 1
140 146 1
141 146 1
142 146 1
143 146 1
144 146 1
145 146 1
146 146 1
147 146 1
148 146 1
149 146 1
150 146 1
151 146 1
152 146 1
153 146 1
154 146 1
155 146 1
156 146 1
157 146 1
158 146 1
159 146 1
160 146 1
161 146 1
162 146 1
163 146 1
164 146 1
165 146 1
166 146 1
128 147 1
129 147 1
130 147 1
131 147 1
132 147 1
133 147 1
134 147 1
135 147 1
136 147 1
137 147 1
138 147 1
139 147 1
140 147 1
141 147 1
142 147 1
143 147 1
144 147 1
145 147 1
146 147 1
147 147 1
148 147 1
152 147 1
154 147 1
155 147 1
156 147 1
158 147 1
161 147 1
164 147 1
131 148 1
165 151 1
143 156 1
144 156 1
143 157 1
144 157 1
145 157 1
146 157 1
167 157 1
169 157 1
140 158 1
141 158 1
142 158 1
143 158 1
144 158 1
145 158 1
146 158 1
147 158 1
166 158 1
168 158 1
171 158 1
140 159 1
141 159 1
142 159 1
143 159 1
144 159 1
145 159 1
146 159 1
139 160 1
140 160 1
141 160 1
142 160 1
143 160 1
144 160 1
139 161 1
140 161 1
141 161 1
142 161 1
158 161 1
160 161 1
136 162 1
149 162 1
160 162 1
131 163 1
133 163 1
134 163 1
135 163 1
133 164 1
154 164 1
157 164 1
172 164 1
173 164 1
174 164 1
143 165 1
149 165 1
151 165 1
169 165 1
170 165 1
171 165 1
128 166 1
151 166 1
152 166 1
154 166 1
162 166 1
165 166 1
166 166 1
167 166 1
168 166 1
169 166 1
170 166 1
171 166 1
172 166 1
180 166 1
181 166 1
125 167 1
141 167 1
145 167 1
146 167 1
147 167 1
149 167 1
151 167 1
153 167 1
164 167 1
165 167 1
166 167 1
167 167 1
168 167 1
169 167 1
170 167 1
180 167 1
142 168 1
143 168 1
144 168 1
145 168 1
147 168 1
148 168 1
161 168 1
162 168 1
163 168 1
164 168 1
165 168 1
166 168 1
167 168 1
168 168 1
142 169 1
143 169 1
144 169 1
145 169 1
146 169 1
147 169 1
148 169 1
149 169 1
150 169 1
151 169 1
152 169 1
159 169 1
160 169 1
161 169 1
162 169 1
163 169 1
164 169 1
165 169 1
177 169 1
142 170 1
143 170 1
144 170 1
145 170 1
146 170 1
147 170 1
148 170 1
157 170 1
158 170 1
159 170 1
160 170 1
161 170 1
162 170 1
163 170 1
175 170 1
176 170 1
177 170 1
178 170 1
141 171 1
142 171 1
143 171 1
144 171 1
145 171 1
146 171 1
147 171 1
157 171 1
158 171 1
159 171 1
160 171 1
161 171 1
171 171 1
175 171 1
177 171 1
126 172 1
138 172 1
139 172 1
140 172 1
141 172 1
142 172 1
143 172 1
156 172 1
157 172 1
158 172 1
159 172 1
170 172 1
172 172 1
174 172 1
178 172 1
179 172 1
126 173 1
135 173 1
136 173 1
137 173 1
138 173 1
139 173 1
140 173 1
155 173 1
156 173 1
157 173 1
158 173 1
167 173 1
172 173 1
176 173 1
177 173 1
178 173 1
133 174 1
134 174 1
135 174 1
136 174 1
137 174 1
138 174 1
152 174 1
153 174 1
156 174 1
164 174 1
174 174 1
175 174 1
176 174 1
130 175 1
131 175 1
132 175 1
133 175 1
134 175 1
135 175 1
136 175 1
168 175 1
169 175 1
170 175 1
171 175 1
172 175 1
173 175 1
174 175 1
175 175 1
176 175 1
128 176 1
129 176 1
130 176 1
131 176 1
132 176 1
133 176 1
147 176 1
167 176 1
169 176 1
170 176 1
171 176 1
173 176 1
174 176 1
175 176 1
129 177 1
130 177 1
131 177 1
132 177 1
145 177 1
147 177 1
148 177 1
160 177 1
163 177 1
165 177 1
166 177 1
167 177 1
168 177 1
169 177 1
171 177 1
172 177 1
173 177 1
175 177 1
149 178 1
157 178 1
164 178 1
165 178 1
166 178 1
167 178 1
168 178 1
169 178 1
170 178 1
171 178 1
172 178 1
173 178 1
144 179 1
164 179 1
166 179 1
167 179 1
168 179 1
169 179 1
170 179 1
172 179 1
141 180 1
154 180 1
155 180 1
156 180 1
158 180 1
165 180 1
166 180 1
167 180 1
168 180 1
138 181 1
139 181 1
164 181 1
165 181 1
166 181 1
148 182 1
149 182 1
161 182 1
162 182 1
163 182 1
164 182 1
159 183 1
160 183 1
161 183 1
162 183 1
163 183 1
164 183 1
157 184 1
158 184 1
159 184 1
160 184 1
161 184 1
143 185 1
144 185 1
153 185 1
154 185 1
155 185 1
156 185 1
157 185 1
158 185 1
159 185 1
160 185 1
140 186 1
141 186 1
142 186 1
150 186 1
151 186 1
152 186 1
153 186 1
154 186 1
155 186 1
149 187 1
150 187 1
151 187 1
152 187 1
153 187 1
154 187 1
147 188 1
148 188 1
149 188 1
150 188 1
151 188 1
143 189 1
144 189 1
145 189 1
146 189 1
147 189 1
148 189 1
149 189 1
139 190 1
141 190 1
142 190 1
143 190 1
144 190 1
145 190 1
146 190 1
147 190 1
140 191 1
141 191 1
142 191 1
143 191 1
144 191 1
271 1 2
269 2 2
221 3 2
233 3 2
270 3 2
281 3 2
282 3 2
236 4 2
269 4 2
203 5 2
221 5 2
222 5 2
223 5 2
237 5 2
280 5 2
281 5 2
282 5 2
206 6 2
222 6 2
225 6 2
238 6 2
269 6 2
281 6 2
208 7 2
223 7 2
226 7 2
270 7 2
280 7 2
282 7 2
238 8 2
282 8 2
211 9 2
212 9 2
213 9 2
240 9 2
281 9 2
198 10 2
199 10 2
211 10 2
212 10 2
213 10 2
214 10 2
215 10 2
269 10 2
270 10 2
281 10 2
282 10 2
199 11 2
212 11 2
213 11 2
214 11 2
215 11 2
216 11 2
279 11 2
280 11 2
281 11 2
199 12 2
200 12 2
212 12 2
213 12 2
214 12 2
215 12 2
216 12 2
217 12 2
242 12 2
281 12 2
282 12 2
200 13 2
201 13 2
202 13 2
214 13 2
215 13 2
216 13 2
217 13 2
218 13 2
243 13 2
281 13 2
282 13 2
202 14 2
216 14 2
217 14 2
218 14 2
219 14 2
244 14 2
281 14 2
282 14 2
202 15 2
203 15 2
217 15 2
218 15 2
219 15 2
220 15 2
232 15 2
233 15 2
281 15 2
282 15 2
203 16 2
204 16 2
205 16 2
218 16 2
219 16 2
220 16 2
221 16 2
229 16 2
270 16 2
281 16 2
282 16 2
205 17 2
206 17 2
219 17 2
220 17 2
221 17 2
230 17 2
247 17 2
281 17 2
282 17 2
206 18 2
221 18 2
269 18 2
282 18 2
283 18 2
207 19 2
224 19 2
282 19 2
283 19 2
284 19 2
224 20 2
225 20 2
226 20 2
283 20 2
284 20 2
210 21 2
211 21 2
224 21 2
225 21 2
226 21 2
232 21 2
283 21 2
284 21 2
210 22 2
211 22 2
212 22 2
213 22 2
284 22 2
212 23 2
213 23 2
214 23 2
283 23 2
284 23 2
213 24 2
214 24 2
215 24 2
217 24 2
283 24 2
284 24 2
285 24 2
198 25 2
210 25 2
211 25 2
214 25 2
215 25 2
284 25 2
285 25 2
208 26 2
210 26 2
211 26 2
212 26 2
213 26 2
216 26 2
211 27 2
212 27 2
213 27 2
214 27 2
218 27 2
214 28 2
215 28 2
218 28 2
219 28 2
200 29 2
201 29 2
215 29 2
216 29 2
219 29 2
201 30 2
216 30 2
217 30 2
201 31 2
202 31 2
203 32 2
208 32 2
204 33 2
208 33 2
209 33 2
210 33 2
203 34 2
206 34 2
208 34 2
209 34 2
211 34 2
223 34 2
228 34 2
229 34 2
207 35 2
208 35 2
209 35 2
210 35 2
211 35 2
224 35 2
225 35 2
208 36 2
209 36 2
210 36 2
211 36 2
212 36 2
208 37 2
209 37 2
210 37 2
211 37 2
212 37 2
213 37 2
214 37 2
210 38 2
211 38 2
212 38 2
213 38 2
214 38 2
215 38 2
216 38 2
211 39 2
212 39 2
213 39 2
214 39 2
215 39 2
217 39 2
212 40 2
213 40 2
214 40 2
215 40 2
217 40 2
218 40 2
213 41 2
214 41 2
215 41 2
216 41 2
217 41 2
219 41 2
220 41 2
221 41 2
200 42 2
201 42 2
202 42 2
209 42 2
215 42 2
216 42 2
217 42 2
218 42 2
219 42 2
221 42 2
222 42 2
198 43 2
199 43 2
200 43 2
201 43 2
202 43 2
203 43 2
204 43 2
205 43 2
206 43 2
217 43 2
218 43 2
219 43 2
224 43 2
225 43 2
199 44 2
200 44 2
201 44 2
202 44 2
203 44 2
204 44 2
205 44 2
206 44 2
207 44 2
225 44 2
202 45 2
203 45 2
204 45 2
205 45 2
206 45 2
207 45 2
208 45 2
209 45 2
210 45 2
211 45 2
212 45 2
224 45 2
205 46 2
206 46 2
207 46 2
208 46 2
209 46 2
210 46 2
211 46 2
212 46 2
213 46 2
224 46 2
225 46 2
196 47 2
208 47 2
209 47 2
210 47 2
211 47 2
212 47 2
213 47 2
219 47 2
196 48 2
197 48 2
198 48 2
199 48 2
220 48 2
221 48 2
222 48 2
198 49 2
199 49 2
200 49 2
221 49 2
222 49 2
199 50 2
200 50 2
201 50 2
202 50 2
203 50 2
200 51 2
201 51 2
202 51 2
203 51 2
204 51 2
205 51 2
201 52 2
202 52 2
203 52 2
204 52 2
205 52 2
206 52 2
207 52 2
208 52 2
203 53 2
204 53 2
205 53 2
206 53 2
207 53 2
208 53 2
209 53 2
210 53 2
215 53 2
205 54 2
206 54 2
207 54 2
208 54 2
209 54 2
213 54 2
207 55 2
208 55 2
209 55 2
215 55 2
218 55 2
219 55 2
220 55 2
221 55 2
217 56 2
200 57 2
220 57 2
223 57 2
219 58 2
220 58 2
221 58 2
224 58 2
203 59 2
221 59 2
222 59 2
223 59 2
224 59 2
225 59 2
226 59 2
227 59 2
203 60 2
219 60 2
220 60 2
221 60 2
223 60 2
224 60 2
225 60 2
226 60 2
227 60 2
228 60 2
229 60 2
206 61 2
225 61 2
226 61 2
227 61 2
228 61 2
227 62 2
228 62 2
229 62 2
230 62 2
228 63 2
231 63 2
230 64 2
231 64 2
234 64 2
235 64 2
231 65 2
232 65 2
233 65 2
234 65 2
235 65 2
236 65 2
232 66 2
233 66 2
234 66 2
235 66 2
236 66 2
237 66 2
222 67 2
235 67 2
236 67 2
237 67 2
238 67 2
239 67 2
238 68 2
240 68 2
241 68 2
228 69 2
237 69 2
238 69 2
239 69 2
240 69 2
239 70 2
240 70 2
241 70 2
242 70 2
243 70 2
239 71 2
240 71 2
241 71 2
242 71 2
243 71 2
244 71 2
243 72 2
244 72 2
245 72 2
244 73 2
251 73 2
248 75 2
249 75 2
251 76 2
256 77 2
257 77 2
258 78 2
247 79 2
253 83 2
