173 94 0
179 96 0
181 97 0
182 97 0
182 98 0
185 98 0
179 99 0
181 99 0
184 100 0
185 100 0
188 102 0
195 106 0
193 107 0
194 107 0
195 107 0
196 107 0
192 108 0
193 108 0
194 108 0
195 108 0
196 108 0
197 108 0
198 108 0
175 109 0
194 109 0
195 109 0
197 109 0
198 109 0
177 111 0
187 111 0
179 112 0
179 113 0
179 114 0
180 114 0
181 114 0
183 115 0
191 115 0
183 116 0
184 116 0
185 116 0
186 116 0
191 116 0
187 118 0
185 119 0
186 119 0
187 119 0
189 119 0
291 119 0
186 120 0
187 120 0
188 120 0
189 120 0
187 121 0
189 121 0
293 124 0
293 125 0
303 125 0
279 126 0
289 126 0
292 126 0
293 126 0
294 126 0
297 126 0
222 127 0
273 127 0
282 127 0
283 127 0
285 127 0
286 127 0
287 127 0
288 127 0
289 127 0
291 127 0
292 127 0
293 127 0
294 127 0
295 127 0
296 127 0
297 127 0
229 128 0
230 128 0
231 128 0
232 128 0
268 128 0
270 128 0
271 128 0
275 128 0
276 128 0
277 128 0
278 128 0
279 128 0
280 128 0
281 128 0
282 128 0
283 128 0
285 128 0
287 128 0
289 128 0
290 128 0
291 128 0
293 128 0
294 128 0
295 128 0
186 129 0
189 129 0
245 129 0
246 129 0
249 129 0
253 129 0
255 129 0
256 129 0
257 129 0
258 129 0
261 129 0
262 129 0
263 129 0
264 129 0
265 129 0
266 129 0
267 129 0
268 129 0
269 129 0
270 129 0
271 129 0
272 129 0
273 129 0
274 129 0
275 129 0
276 129 0
277 129 0
278 129 0
279 129 0
280 129 0
281 129 0
283 129 0
284 129 0
289 129 0
293 129 0
185 130 0
229 130 0
235 130 0
237 130 0
238 130 0
239 130 0
240 130 0
241 130 0
242 130 0
243 130 0
244 130 0
245 130 0
246 130 0
247 130 0
248 130 0
249 130 0
250 130 0
251 130 0
252 130 0
253 130 0
254 130 0
255 130 0
256 130 0
257 130 0
258 130 0
259 130 0
260 130 0
261 130 0
262 130 0
263 130 0
264 130 0
265 130 0
267 130 0
269 130 0
270 130 0
271 130 0
272 130 0
273 130 0
274 130 0
276 130 0
278 130 0
185 131 0
186 131 0
187 131 0
231 131 0
232 131 0
233 131 0
234 131 0
235 131 0
236 131 0
237 131 0
238 131 0
239 131 0
240 131 0
241 131 0
242 131 0
243 131 0
244 131 0
245 131 0
246 131 0
247 131 0
248 131 0
249 131 0
251 131 0
252 131 0
253 131 0
254 131 0
255 131 0
256 131 0
259 131 0
261 131 0
262 131 0
183 132 0
184 132 0
185 132 0
186 132 0
187 132 0
224 132 0
226 132 0
228 132 0
230 132 0
231 132 0
232 132 0
233 132 0
234 132 0
235 132 0
240 132 0
247 132 0
183 133 0
184 133 0
185 133 0
186 133 0
224 133 0
225 133 0
226 133 0
227 133 0
230 133 0
231 133 0
232 133 0
182 134 0
183 134 0
184 134 0
185 134 0
223 134 0
224 134 0
225 134 0
226 134 0
230 134 0
181 135 0
182 135 0
183 135 0
225 135 0
229 135 0
179 136 0
180 136 0
181 136 0
182 136 0
183 136 0
172 137 0
177 137 0
178 137 0
179 137 0
180 137 0
181 137 0
222 137 0
167 138 0
170 138 0
171 138 0
172 138 0
173 138 0
174 138 0
175 138 0
176 138 0
177 138 0
178 138 0
223 138 0
224 138 0
152 139 0
160 139 0
161 139 0
164 139 0
165 139 0
166 139 0
168 139 0
169 139 0
170 139 0
171 139 0
172 139 0
173 139 0
174 139 0
175 139 0
176 139 0
177 139 0
151 140 0
152 140 0
154 140 0
155 140 0
156 140 0
157 140 0
158 140 0
159 140 0
160 140 0
161 140 0
162 140 0
163 140 0
164 140 0
165 140 0
166 140 0
167 140 0
168 140 0
169 140 0
170 140 0
171 140 0
172 140 0
173 140 0
174 140 0
175 140 0
146 141 0
147 141 0
148 141 0
149 141 0
150 141 0
151 141 0
152 141 0
153 141 0
154 141 0
155 141 0
156 141 0
157 141 0
158 141 0
159 141 0
160 141 0
161 141 0
162 141 0
163 141 0
164 141 0
165 141 0
166 141 0
167 141 0
168 141 0
169 141 0
170 141 0
171 141 0
172 141 0
143 142 0
144 142 0
145 142 0
146 142 0
147 142 0
148 142 0
149 142 0
150 142 0
151 142 0
152 142 0
153 142 0
154 142 0
155 142 0
156 142 0
157 142 0
158 142 0
159 142 0
160 142 0
161 142 0
162 142 0
163 142 0
164 142 0
165 142 0
166 142 0
167 142 0
168 142 0
136 143 0
141 143 0
142 143 0
143 143 0
144 143 0
145 143 0
146 143 0
147 143 0
148 143 0
149 143 0
150 143 0
151 143 0
152 143 0
153 143 0
154 143 0
155 143 0
156 143 0
157 143 0
158 143 0
159 143 0
160 143 0
161 143 0
162 143 0
163 143 0
164 143 0
165 143 0
131 144 0
132 144 0
133 144 0
134 144 0
135 144 0
136 144 0
137 144 0
138 144 0
139 144 0
140 144 0
141 144 0
142 144 0
143 144 0
144 144 0
145 144 0
146 144 0
147 144 0
148 144 0
149 144 0
151 144 0
152 144 0
130 145 0
131 145 0
132 145 0
133 145 0
134 145 0
135 145 0
136 145 0
137 145 0
138 145 0
139 145 0
140 145 0
141 145 0
142 145 0
143 145 0
144 145 0
129 146 0
130 146 0
131 146 0
132 146 0
133 146 0
134 146 0
135 146 0
136 146 0
137 146 0
138 146 0
139 146 0
140 146 0
129 147 0
131 147 0
132 147 0
133 147 0
134 147 0
154 149 0
143 150 0
154 150 0
140 151 0
149 151 0
151 151 0
156 151 0
139 152 0
140 152 0
141 152 0
142 152 0
149 152 0
137 153 0
138 153 0
139 153 0
140 153 0
141 153 0
142 153 0
143 153 0
136 154 0
137 154 0
138 154 0
139 154 0
140 154 0
141 154 0
142 154 0
143 154 0
151 154 0
160 154 0
162 154 0
136 155 0
137 155 0
138 155 0
139 155 0
140 155 0
141 155 0
142 155 0
143 155 0
149 155 0
150 155 0
151 155 0
152 155 0
153 155 0
154 155 0
155 155 0
156 155 0
157 155 0
158 155 0
159 155 0
160 155 0
161 155 0
162 155 0
164 155 0
125 156 0
126 156 0
127 156 0
128 156 0
132 156 0
133 156 0
134 156 0
135 156 0
136 156 0
137 156 0
138 156 0
139 156 0
140 156 0
141 156 0
142 156 0
143 156 0
152 156 0
157 156 0
159 156 0
127 157 0
132 157 0
133 157 0
134 157 0
135 157 0
200 160 0
194 161 0
188 162 0
211 162 0
150 163 0
185 163 0
149 164 0
150 164 0
152 164 0
153 164 0
154 164 0
146 165 0
147 165 0
148 165 0
149 165 0
150 165 0
151 165 0
152 165 0
142 166 0
143 166 0
144 166 0
145 166 0
146 166 0
147 166 0
148 166 0
149 166 0
150 166 0
167 166 0
171 166 0
173 166 0
141 167 0
142 167 0
143 167 0
144 167 0
145 167 0
146 167 0
147 167 0
164 167 0
169 167 0
230 167 0
139 168 0
140 168 0
141 168 0
142 168 0
143 168 0
144 168 0
145 168 0
146 168 0
161 168 0
168 168 0
221 168 0
244 168 0
256 168 0
139 169 0
140 169 0
141 169 0
142 169 0
143 169 0
144 169 0
166 169 0
233 169 0
236 169 0
244 169 0
248 169 0
250 169 0
139 170 0
140 170 0
141 170 0
142 170 0
164 170 0
166 170 0
167 170 0
168 170 0
169 170 0
230 170 0
231 170 0
232 170 0
233 170 0
235 170 0
236 170 0
237 170 0
239 170 0
240 170 0
241 170 0
243 170 0
244 170 0
248 170 0
160 171 0
162 171 0
163 171 0
164 171 0
165 171 0
166 171 0
167 171 0
231 171 0
232 171 0
233 171 0
234 171 0
235 171 0
236 171 0
237 171 0
238 171 0
239 171 0
240 171 0
241 171 0
242 171 0
243 171 0
244 171 0
247 171 0
248 171 0
134 172 0
136 172 0
159 172 0
161 172 0
162 172 0
163 172 0
164 172 0
165 172 0
166 172 0
167 172 0
215 172 0
231 172 0
232 172 0
233 172 0
234 172 0
235 172 0
236 172 0
237 172 0
238 172 0
239 172 0
240 172 0
241 172 0
242 172 0
243 172 0
244 172 0
245 172 0
246 172 0
247 172 0
250 172 0
251 172 0
256 172 0
258 172 0
131 173 0
132 173 0
134 173 0
155 173 0
159 173 0
161 173 0
162 173 0
163 173 0
164 173 0
165 173 0
228 173 0
236 173 0
237 173 0
238 173 0
239 173 0
240 173 0
241 173 0
242 173 0
243 173 0
244 173 0
245 173 0
246 173 0
247 173 0
248 173 0
249 173 0
250 173 0
251 173 0
252 173 0
253 173 0
254 173 0
255 173 0
258 173 0
129 174 0
130 174 0
131 174 0
132 174 0
133 174 0
134 174 0
154 174 0
158 174 0
159 174 0
160 174 0
161 174 0
162 174 0
163 174 0
164 174 0
168 174 0
169 174 0
170 174 0
171 174 0
172 174 0
221 174 0
228 174 0
242 174 0
243 174 0
244 174 0
245 174 0
246 174 0
247 174 0
248 174 0
249 174 0
250 174 0
251 174 0
252 174 0
253 174 0
254 174 0
258 174 0
267 174 0
127 175 0
128 175 0
156 175 0
157 175 0
158 175 0
159 175 0
160 175 0
161 175 0
164 175 0
165 175 0
166 175 0
167 175 0
168 175 0
169 175 0
170 175 0
214 175 0
228 175 0
251 175 0
253 175 0
254 175 0
255 175 0
256 175 0
258 175 0
260 175 0
263 175 0
264 175 0
126 176 0
127 176 0
128 176 0
157 176 0
158 176 0
159 176 0
162 176 0
163 176 0
164 176 0
165 176 0
166 176 0
167 176 0
168 176 0
226 176 0
228 176 0
256 176 0
257 176 0
258 176 0
259 176 0
260 176 0
263 176 0
266 176 0
267 176 0
132 177 0
134 177 0
154 177 0
155 177 0
161 177 0
162 177 0
163 177 0
164 177 0
165 177 0
166 177 0
167 177 0
210 177 0
224 177 0
225 177 0
226 177 0
260 177 0
266 177 0
149 178 0
150 178 0
151 178 0
152 178 0
153 178 0
154 178 0
155 178 0
160 178 0
161 178 0
162 178 0
163 178 0
164 178 0
179 178 0
183 178 0
208 178 0
210 178 0
222 178 0
223 178 0
224 178 0
225 178 0
226 178 0
268 178 0
269 178 0
273 178 0
145 179 0
146 179 0
148 179 0
149 179 0
150 179 0
151 179 0
152 179 0
160 179 0
161 179 0
162 179 0
163 179 0
172 179 0
206 179 0
219 179 0
220 179 0
221 179 0
222 179 0
225 179 0
226 179 0
276 179 0
284 179 0
143 180 0
144 180 0
145 180 0
146 180 0
147 180 0
148 180 0
149 180 0
176 180 0
178 180 0
219 180 0
220 180 0
221 180 0
279 180 0
127 181 0
129 181 0
140 181 0
141 181 0
142 181 0
143 181 0
144 181 0
145 181 0
146 181 0
166 181 0
172 181 0
174 181 0
175 181 0
176 181 0
177 181 0
178 181 0
179 181 0
180 181 0
204 181 0
205 181 0
216 181 0
217 181 0
218 181 0
219 181 0
220 181 0
221 181 0
285 181 0
287 181 0
290 181 0
291 181 0
136 182 0
137 182 0
138 182 0
139 182 0
140 182 0
141 182 0
142 182 0
143 182 0
166 182 0
173 182 0
174 182 0
175 182 0
177 182 0
178 182 0
179 182 0
180 182 0
214 182 0
216 182 0
217 182 0
218 182 0
287 182 0
288 182 0
290 182 0
291 182 0
295 182 0
135 183 0
136 183 0
137 183 0
138 183 0
139 183 0
140 183 0
173 183 0
174 183 0
175 183 0
176 183 0
177 183 0
178 183 0
179 183 0
186 183 0
203 183 0
212 183 0
213 183 0
214 183 0
215 183 0
216 183 0
294 183 0
306 183 0
132 184 0
133 184 0
134 184 0
135 184 0
136 184 0
137 184 0
166 184 0
169 184 0
170 184 0
171 184 0
172 184 0
173 184 0
174 184 0
175 184 0
176 184 0
177 184 0
178 184 0
207 184 0
209 184 0
210 184 0
211 184 0
212 184 0
213 184 0
214 184 0
299 184 0
301 184 0
127 185 0
129 185 0
130 185 0
131 185 0
132 185 0
133 185 0
134 185 0
135 185 0
165 185 0
172 185 0
173 185 0
174 185 0
175 185 0
176 185 0
183 185 0
184 185 0
198 185 0
206 185 0
207 185 0
208 185 0
209 185 0
210 185 0
324 185 0
125 186 0
126 186 0
127 186 0
128 186 0
129 186 0
130 186 0
131 186 0
132 186 0
133 186 0
165 186 0
173 186 0
174 186 0
181 186 0
183 186 0
197 186 0
198 186 0
206 186 0
207 186 0
208 186 0
312 186 0
322 186 0
127 187 0
128 187 0
129 187 0
130 187 0
179 187 0
180 187 0
181 187 0
182 187 0
183 187 0
193 187 0
196 187 0
197 187 0
200 187 0
206 187 0
343 187 0
179 188 0
180 188 0
181 188 0
182 188 0
194 188 0
195 188 0
196 188 0
199 188 0
326 188 0
151 189 0
152 189 0
153 189 0
155 189 0
156 189 0
157 189 0
158 189 0
166 189 0
167 189 0
168 189 0
169 189 0
178 189 0
179 189 0
180 189 0
181 189 0
193 189 0
194 189 0
195 189 0
196 189 0
154 190 0
155 190 0
163 190 0
164 190 0
165 190 0
166 190 0
178 190 0
179 190 0
180 190 0
189 190 0
192 190 0
193 190 0
194 190 0
195 190 0
196 190 0
150 191 0
151 191 0
153 191 0
163 191 0
164 191 0
180 191 0
188 191 0
189 191 0
191 191 0
192 191 0
193 191 0
194 191 0
195 191 0
148 192 0
149 192 0
160 192 0
161 192 0
162 192 0
163 192 0
183 192 0
188 192 0
189 192 0
190 192 0
191 192 0
192 192 0
193 192 0
148 193 0
156 193 0
157 193 0
159 193 0
160 193 0
185 193 0
187 193 0
188 193 0
189 193 0
190 193 0
191 193 0
192 193 0
142 194 0
143 194 0
144 194 0
154 194 0
155 194 0
156 194 0
157 194 0
158 194 0
159 194 0
183 194 0
185 194 0
186 194 0
187 194 0
188 194 0
189 194 0
190 194 0
191 194 0
142 195 0
152 195 0
153 195 0
154 195 0
155 195 0
156 195 0
157 195 0
183 195 0
186 195 0
187 195 0
188 195 0
189 195 0
190 195 0
150 196 0
151 196 0
153 196 0
154 196 0
182 196 0
186 196 0
187 196 0
188 196 0
189 196 0
148 197 0
149 197 0
150 197 0
151 197 0
152 197 0
153 197 0
147 198 0
150 198 0
180 198 0
182 198 0
142 199 0
143 199 0
144 199 0
145 199 0
146 199 0
147 199 0
148 199 0
186 199 0
142 200 0
143 200 0
145 200 0
140 201 0
142 201 0
180 201 0
176 202 0
177 202 0
173 203 0
175 203 0
177 203 0
173 204 0
175 204 0
176 204 0
177 204 0
181 204 0
175 205 0
174 206 0
170 208 0
171 208 0
168 209 0
170 209 0
169 210 0
170 210 0
171 210 0
168 211 0
243 2 1
275 2 1
244 3 1
275 3 1
275 4 1
203 5 1
274 5 1
204 6 1
274 6 1
275 6 1
205 7 1
206 7 1
220 7 1
221 7 1
230 7 1
231 7 1
286 7 1
205 8 1
206 8 1
207 8 1
220 8 1
221 8 1
222 8 1
231 8 1
275 8 1
286 8 1
207 9 1
222 9 1
274 9 1
275 9 1
286 9 1
287 9 1
208 10 1
249 10 1
274 10 1
275 10 1
285 10 1
286 10 1
287 10 1
208 11 1
211 11 1
251 11 1
274 11 1
286 11 1
287 11 1
212 12 1
286 12 1
287 12 1
211 13 1
212 13 1
213 13 1
234 13 1
274 13 1
286 13 1
287 13 1
288 13 1
212 14 1
213 14 1
214 14 1
241 14 1
286 14 1
287 14 1
213 15 1
214 15 1
215 15 1
236 15 1
288 15 1
210 16 1
211 16 1
214 16 1
215 16 1
216 16 1
273 16 1
287 16 1
288 16 1
211 17 1
212 17 1
215 17 1
216 17 1
217 17 1
287 17 1
288 17 1
289 17 1
211 18 1
212 18 1
213 18 1
214 18 1
216 18 1
217 18 1
218 18 1
288 18 1
289 18 1
213 19 1
214 19 1
215 19 1
216 19 1
217 19 1
218 19 1
219 19 1
289 19 1
213 20 1
214 20 1
215 20 1
216 20 1
217 20 1
218 20 1
289 20 1
214 21 1
215 21 1
216 21 1
217 21 1
218 21 1
221 21 1
289 21 1
204 22 1
216 22 1
217 22 1
218 22 1
222 22 1
266 22 1
267 22 1
218 23 1
219 23 1
205 24 1
220 24 1
289 24 1
205 25 1
206 25 1
220 25 1
221 25 1
289 25 1
206 26 1
211 26 1
289 26 1
207 27 1
210 27 1
211 27 1
212 27 1
208 28 1
210 28 1
211 28 1
212 28 1
226 28 1
211 29 1
212 29 1
215 30 1
229 30 1
215 31 1
216 31 1
215 32 1
216 32 1
217 32 1
216 33 1
217 33 1
218 33 1
217 34 1
218 34 1
219 34 1
217 35 1
218 35 1
219 35 1
220 35 1
223 35 1
218 36 1
219 36 1
220 36 1
221 36 1
222 36 1
203 37 1
204 37 1
205 37 1
206 37 1
220 37 1
221 37 1
222 37 1
223 37 1
202 38 1
203 38 1
204 38 1
205 38 1
206 38 1
207 38 1
208 38 1
209 38 1
210 38 1
211 38 1
221 38 1
222 38 1
223 38 1
204 39 1
205 39 1
206 39 1
207 39 1
208 39 1
209 39 1
210 39 1
211 39 1
212 39 1
222 39 1
227 39 1
207 40 1
208 40 1
209 40 1
210 40 1
211 40 1
212 40 1
213 40 1
214 40 1
215 40 1
209 41 1
210 41 1
211 41 1
212 41 1
213 41 1
214 41 1
215 41 1
216 41 1
217 41 1
218 41 1
219 41 1
200 42 1
201 42 1
214 42 1
215 42 1
216 42 1
217 42 1
218 42 1
219 42 1
220 42 1
223 42 1
224 42 1
200 43 1
201 43 1
202 43 1
203 43 1
216 43 1
217 43 1
218 43 1
219 43 1
223 43 1
224 43 1
225 43 1
226 43 1
200 44 1
202 44 1
203 44 1
204 44 1
205 44 1
223 44 1
225 44 1
226 44 1
201 45 1
203 45 1
204 45 1
205 45 1
206 45 1
207 45 1
208 45 1
203 46 1
204 46 1
205 46 1
206 46 1
207 46 1
208 46 1
209 46 1
210 46 1
211 46 1
204 47 1
205 47 1
206 47 1
207 47 1
208 47 1
209 47 1
210 47 1
211 47 1
213 47 1
214 47 1
207 48 1
208 48 1
209 48 1
210 48 1
211 48 1
212 48 1
214 48 1
215 48 1
208 49 1
209 49 1
210 49 1
221 50 1
222 50 1
226 50 1
221 51 1
223 52 1
227 52 1
228 54 1
229 54 1
228 55 1
229 55 1
230 55 1
231 55 1
229 56 1
230 56 1
231 56 1
232 56 1
229 57 1
230 57 1
231 57 1
232 57 1
233 57 1
291 57 1
231 58 1
232 58 1
233 58 1
234 58 1
235 58 1
233 59 1
234 59 1
235 59 1
236 59 1
293 59 1
233 60 1
234 60 1
235 60 1
236 60 1
237 60 1
238 60 1
239 60 1
293 60 1
294 60 1
236 61 1
237 61 1
238 61 1
239 61 1
240 61 1
294 61 1
239 62 1
240 62 1
241 62 1
295 62 1
240 63 1
241 63 1
242 63 1
295 63 1
296 63 1
241 64 1
242 64 1
243 64 1
244 64 1
297 64 1
242 65 1
243 65 1
245 65 1
297 65 1
298 65 1
243 66 1
244 66 1
245 66 1
298 66 1
299 66 1
229 67 1
244 67 1
245 67 1
246 67 1
247 67 1
248 67 1
298 67 1
246 68 1
247 68 1
249 68 1
250 68 1
300 68 1
248 69 1
302 70 1
251 71 1
302 72 1
305 76 1
307 76 1
257 79 1
264 80 1
265 80 1
266 80 1
266 81 1
267 82 1
268 83 1
268 84 1
269 84 1
270 84 1
270 85 1
271 85 1
314 85 1
271 86 1
271 87 1
262 88 1
272 88 1
272 89 1
319 90 1
318 91 1
320 92 1
324 96 1
326 97 1
278 98 1
280 101 1
342 107 1
284 108 1
