209 2 0
233 2 0
210 3 0
235 3 0
211 4 0
212 4 0
213 4 0
216 4 0
277 4 0
289 4 0
212 5 0
213 5 0
277 5 0
288 5 0
289 5 0
213 6 0
214 6 0
215 6 0
278 6 0
288 6 0
290 6 0
213 7 0
214 7 0
215 7 0
216 7 0
229 7 0
289 7 0
209 8 0
210 8 0
211 8 0
213 8 0
214 8 0
215 8 0
216 8 0
217 8 0
238 8 0
290 8 0
211 9 0
212 9 0
213 9 0
216 9 0
217 9 0
218 9 0
243 9 0
256 9 0
276 9 0
278 9 0
289 9 0
290 9 0
211 10 0
212 10 0
213 10 0
214 10 0
216 10 0
217 10 0
218 10 0
219 10 0
243 10 0
276 10 0
277 10 0
289 10 0
290 10 0
212 11 0
213 11 0
214 11 0
215 11 0
216 11 0
217 11 0
218 11 0
219 11 0
220 11 0
259 11 0
277 11 0
290 11 0
214 12 0
215 12 0
216 12 0
219 12 0
220 12 0
221 12 0
259 12 0
276 12 0
277 12 0
290 12 0
291 12 0
214 13 0
215 13 0
216 13 0
217 13 0
218 13 0
219 13 0
290 13 0
291 13 0
216 14 0
217 14 0
218 14 0
219 14 0
291 14 0
206 15 0
216 15 0
217 15 0
218 15 0
219 15 0
224 15 0
267 15 0
291 15 0
208 16 0
210 16 0
217 16 0
219 16 0
220 16 0
221 16 0
224 16 0
226 16 0
266 16 0
209 17 0
210 17 0
221 17 0
222 17 0
268 17 0
291 17 0
209 18 0
210 18 0
211 18 0
222 18 0
223 18 0
268 18 0
291 18 0
209 19 0
210 19 0
211 19 0
212 19 0
223 19 0
291 19 0
210 20 0
211 20 0
212 20 0
213 20 0
223 20 0
224 20 0
290 20 0
291 20 0
211 21 0
212 21 0
213 21 0
214 21 0
290 21 0
211 22 0
212 22 0
213 22 0
214 22 0
215 22 0
213 23 0
214 23 0
215 23 0
216 23 0
291 23 0
213 24 0
214 24 0
215 24 0
216 24 0
291 24 0
215 25 0
216 25 0
217 25 0
218 25 0
220 25 0
232 25 0
216 26 0
217 26 0
218 26 0
219 26 0
217 27 0
218 27 0
219 27 0
220 27 0
221 27 0
218 28 0
219 28 0
220 28 0
221 28 0
222 28 0
220 29 0
221 29 0
222 29 0
220 30 0
221 30 0
222 30 0
223 30 0
227 30 0
222 31 0
223 31 0
226 31 0
212 32 0
223 32 0
224 32 0
291 32 0
207 33 0
208 33 0
210 33 0
211 33 0
212 33 0
213 33 0
214 33 0
224 33 0
228 33 0
210 34 0
211 34 0
212 34 0
213 34 0
214 34 0
215 34 0
216 34 0
217 34 0
218 34 0
224 34 0
229 34 0
342 34 0
343 34 0
344 34 0
211 35 0
213 35 0
214 35 0
215 35 0
216 35 0
217 35 0
218 35 0
219 35 0
220 35 0
224 35 0
202 36 0
203 36 0
214 36 0
215 36 0
216 36 0
217 36 0
218 36 0
219 36 0
220 36 0
221 36 0
223 36 0
227 36 0
201 37 0
203 37 0
204 37 0
205 37 0
217 37 0
218 37 0
219 37 0
220 37 0
221 37 0
226 37 0
227 37 0
204 38 0
205 38 0
206 38 0
207 38 0
220 38 0
221 38 0
205 39 0
206 39 0
207 39 0
208 39 0
209 39 0
210 39 0
205 40 0
206 40 0
207 40 0
208 40 0
209 40 0
210 40 0
211 40 0
213 40 0
207 41 0
208 41 0
209 41 0
210 41 0
211 41 0
212 41 0
214 41 0
208 42 0
209 42 0
210 42 0
211 42 0
212 42 0
213 42 0
214 42 0
216 42 0
210 43 0
211 43 0
212 43 0
213 43 0
220 43 0
223 45 0
228 47 0
232 47 0
232 49 0
233 50 0
232 51 0
233 51 0
234 51 0
235 51 0
222 52 0
231 52 0
232 52 0
233 52 0
234 52 0
235 52 0
232 53 0
233 53 0
234 53 0
235 53 0
236 53 0
237 53 0
218 54 0
233 54 0
235 54 0
236 54 0
237 54 0
238 54 0
239 54 0
240 54 0
236 55 0
237 55 0
238 55 0
239 55 0
242 55 0
294 55 0
237 56 0
238 56 0
239 56 0
240 56 0
241 56 0
294 56 0
237 57 0
239 57 0
240 57 0
241 57 0
240 58 0
241 58 0
242 58 0
243 58 0
247 58 0
296 58 0
242 59 0
243 59 0
244 59 0
296 59 0
297 59 0
243 60 0
244 60 0
245 60 0
247 60 0
297 60 0
244 61 0
245 61 0
246 61 0
247 61 0
250 61 0
297 61 0
298 61 0
299 61 0
245 62 0
246 62 0
247 62 0
249 62 0
250 62 0
299 62 0
246 63 0
247 63 0
248 63 0
249 63 0
252 63 0
299 63 0
300 63 0
249 64 0
250 64 0
252 64 0
300 64 0
250 65 0
253 65 0
301 65 0
302 65 0
301 66 0
302 67 0
304 67 0
259 68 0
304 68 0
305 69 0
249 70 0
251 70 0
262 70 0
304 70 0
305 70 0
248 71 0
254 71 0
305 71 0
306 71 0
255 72 0
305 72 0
257 74 0
308 74 0
255 76 0
267 77 0
268 77 0
269 78 0
310 78 0
268 79 0
272 79 0
270 80 0
270 81 0
271 82 0
314 82 0
271 83 0
314 83 0
272 84 0
273 85 0
258 86 0
274 87 0
320 88 0
277 89 0
277 90 0
276 91 0
277 91 0
322 91 0
277 92 0
325 93 0
325 94 0
326 94 0
279 96 0
281 98 0
331 98 0
281 99 0
281 100 0
172 101 0
175 101 0
280 101 0
171 102 0
172 102 0
174 102 0
284 102 0
337 102 0
173 103 0
176 103 0
284 103 0
284 104 0
340 104 0
180 105 0
283 105 0
284 105 0
180 106 0
182 106 0
182 107 0
184 107 0
286 107 0
184 108 0
183 109 0
185 110 0
187 110 0
186 111 0
289 111 0
289 112 0
194 114 0
177 115 0
293 120 0
181 122 0
185 122 0
182 123 0
183 123 0
184 123 0
185 123 0
186 123 0
181 124 0
182 124 0
183 124 0
184 124 0
185 124 0
186 124 0
189 124 0
182 125 0
183 125 0
184 125 0
185 125 0
186 125 0
187 125 0
183 126 0
184 126 0
185 126 0
186 126 0
187 126 0
184 127 0
185 127 0
186 127 0
187 127 0
186 128 0
187 128 0
188 128 0
298 128 0
299 129 0
300 129 0
301 129 0
304 129 0
291 130 0
292 130 0
293 130 0
294 130 0
295 130 0
296 130 0
297 130 0
298 130 0
299 130 0
300 130 0
301 130 0
219 131 0
286 131 0
289 131 0
290 131 0
291 131 0
292 131 0
293 131 0
294 131 0
295 131 0
296 131 0
297 131 0
298 131 0
299 131 0
300 131 0
301 131 0
304 131 0
280 132 0
281 132 0
282 132 0
283 132 0
285 132 0
286 132 0
287 132 0
288 132 0
289 132 0
290 132 0
291 132 0
292 132 0
293 132 0
294 132 0
295 132 0
296 132 0
297 132 0
221 133 0
270 133 0
271 133 0
274 133 0
275 133 0
276 133 0
277 133 0
278 133 0
279 133 0
280 133 0
281 133 0
282 133 0
283 133 0
284 133 0
285 133 0
286 133 0
287 133 0
288 133 0
289 133 0
290 133 0
292 133 0
293 133 0
294 133 0
227 134 0
261 134 0
262 134 0
266 134 0
267 134 0
268 134 0
269 134 0
270 134 0
271 134 0
272 134 0
273 134 0
274 134 0
275 134 0
276 134 0
277 134 0
278 134 0
279 134 0
280 134 0
281 134 0
282 134 0
283 134 0
284 134 0
285 134 0
286 134 0
287 134 0
288 134 0
291 134 0
249 135 0
252 135 0
253 135 0
254 135 0
255 135 0
257 135 0
258 135 0
259 135 0
260 135 0
261 135 0
262 135 0
263 135 0
264 135 0
265 135 0
266 135 0
267 135 0
268 135 0
269 135 0
270 135 0
271 135 0
272 135 0
273 135 0
274 135 0
275 135 0
277 135 0
278 135 0
279 135 0
282 135 0
229 136 0
235 136 0
236 136 0
237 136 0
238 136 0
239 136 0
240 136 0
241 136 0
242 136 0
243 136 0
244 136 0
245 136 0
247 136 0
248 136 0
249 136 0
250 136 0
251 136 0
252 136 0
253 136 0
254 136 0
255 136 0
256 136 0
257 136 0
258 136 0
259 136 0
260 136 0
261 136 0
262 136 0
263 136 0
264 136 0
265 136 0
266 136 0
267 136 0
268 136 0
269 136 0
270 136 0
271 136 0
273 136 0
228 137 0
230 137 0
231 137 0
232 137 0
233 137 0
234 137 0
235 137 0
236 137 0
237 137 0
238 137 0
239 137 0
240 137 0
241 137 0
242 137 0
243 137 0
244 137 0
245 137 0
246 137 0
247 137 0
248 137 0
249 137 0
250 137 0
251 137 0
252 137 0
253 137 0
254 137 0
255 137 0
256 137 0
257 137 0
258 137 0
259 137 0
260 137 0
261 137 0
224 138 0
226 138 0
227 138 0
228 138 0
229 138 0
230 138 0
231 138 0
232 138 0
233 138 0
234 138 0
235 138 0
236 138 0
237 138 0
238 138 0
239 138 0
241 138 0
242 138 0
243 138 0
244 138 0
246 138 0
247 138 0
249 138 0
251 138 0
252 138 0
225 139 0
226 139 0
227 139 0
228 139 0
229 139 0
230 139 0
231 139 0
232 139 0
233 139 0
224 140 0
225 140 0
226 140 0
229 140 0
231 140 0
232 140 0
224 141 0
225 141 0
226 141 0
227 141 0
229 141 0
230 141 0
223 142 0
228 142 0
229 142 0
223 143 0
225 143 0
228 143 0
223 144 0
171 145 0
225 145 0
154 146 0
169 146 0
170 146 0
172 146 0
176 146 0
223 146 0
157 147 0
158 147 0
159 147 0
165 147 0
168 147 0
169 147 0
170 147 0
171 147 0
175 147 0
176 147 0
152 148 0
154 148 0
155 148 0
156 148 0
157 148 0
158 148 0
159 148 0
160 148 0
161 148 0
162 148 0
163 148 0
164 148 0
165 148 0
166 148 0
167 148 0
168 148 0
170 148 0
171 148 0
172 148 0
147 149 0
149 149 0
150 149 0
151 149 0
152 149 0
153 149 0
154 149 0
155 149 0
156 149 0
157 149 0
158 149 0
159 149 0
160 149 0
161 149 0
162 149 0
163 149 0
164 149 0
165 149 0
166 149 0
167 149 0
168 149 0
169 149 0
144 150 0
145 150 0
146 150 0
147 150 0
148 150 0
149 150 0
150 150 0
151 150 0
152 150 0
153 150 0
154 150 0
155 150 0
156 150 0
157 150 0
158 150 0
159 150 0
160 150 0
161 150 0
162 150 0
163 150 0
164 150 0
165 150 0
166 150 0
141 151 0
143 151 0
144 151 0
145 151 0
146 151 0
147 151 0
148 151 0
149 151 0
150 151 0
151 151 0
152 151 0
153 151 0
154 151 0
155 151 0
156 151 0
157 151 0
158 151 0
159 151 0
160 151 0
161 151 0
137 152 0
138 152 0
139 152 0
140 152 0
141 152 0
142 152 0
143 152 0
144 152 0
147 152 0
137 153 0
138 153 0
139 153 0
140 153 0
141 153 0
142 153 0
143 153 0
136 154 0
137 154 0
138 154 0
139 154 0
140 154 0
141 154 0
142 154 0
137 155 0
138 155 0
159 157 0
125 159 0
140 159 0
154 159 0
132 160 0
135 160 0
139 160 0
140 160 0
142 160 0
146 160 0
150 160 0
151 160 0
152 160 0
138 161 0
139 161 0
140 161 0
141 161 0
142 161 0
143 161 0
144 161 0
145 161 0
129 162 0
138 162 0
139 162 0
140 162 0
141 162 0
142 162 0
143 162 0
144 162 0
145 162 0
146 162 0
147 162 0
148 162 0
149 162 0
163 162 0
164 162 0
138 163 0
139 163 0
140 163 0
141 163 0
142 163 0
143 163 0
144 163 0
145 163 0
146 163 0
147 163 0
160 163 0
161 163 0
163 163 0
165 163 0
126 164 0
135 164 0
136 164 0
137 164 0
138 164 0
139 164 0
140 164 0
141 164 0
142 164 0
143 164 0
144 164 0
145 164 0
146 164 0
166 164 0
130 165 0
131 165 0
132 165 0
133 165 0
134 165 0
135 165 0
136 165 0
137 165 0
140 165 0
141 165 0
142 165 0
143 165 0
144 165 0
166 165 0
168 165 0
129 166 0
130 166 0
131 166 0
132 166 0
133 166 0
134 166 0
135 166 0
136 166 0
168 166 0
130 167 0
132 167 0
163 167 0
164 167 0
166 167 0
167 167 0
168 167 0
161 168 0
162 168 0
163 168 0
164 168 0
165 168 0
166 168 0
167 168 0
159 169 0
160 169 0
161 169 0
162 169 0
163 169 0
164 169 0
165 169 0
166 169 0
157 170 0
158 170 0
159 170 0
160 170 0
161 170 0
162 170 0
163 170 0
164 170 0
165 170 0
183 170 0
184 170 0
185 170 0
188 170 0
152 171 0
154 171 0
155 171 0
156 171 0
157 171 0
158 171 0
159 171 0
160 171 0
161 171 0
162 171 0
151 172 0
152 172 0
153 172 0
154 172 0
155 172 0
156 172 0
157 172 0
158 172 0
159 172 0
160 172 0
153 173 0
154 173 0
155 173 0
156 173 0
162 173 0
230 173 0
153 174 0
162 174 0
173 174 0
233 174 0
149 175 0
164 175 0
169 175 0
170 175 0
171 175 0
231 175 0
232 175 0
233 175 0
243 175 0
247 175 0
146 176 0
148 176 0
149 176 0
166 176 0
169 176 0
231 176 0
233 176 0
234 176 0
237 176 0
239 176 0
241 176 0
243 176 0
245 176 0
247 176 0
275 176 0
144 177 0
145 177 0
146 177 0
147 177 0
148 177 0
166 177 0
230 177 0
231 177 0
232 177 0
233 177 0
234 177 0
235 177 0
236 177 0
237 177 0
238 177 0
239 177 0
240 177 0
241 177 0
242 177 0
243 177 0
244 177 0
247 177 0
250 177 0
254 177 0
271 177 0
143 178 0
144 178 0
164 178 0
165 178 0
232 178 0
233 178 0
234 178 0
235 178 0
236 178 0
237 178 0
238 178 0
239 178 0
240 178 0
241 178 0
242 178 0
243 178 0
244 178 0
245 178 0
246 178 0
247 178 0
248 178 0
249 178 0
250 178 0
251 178 0
252 178 0
254 178 0
258 178 0
259 178 0
282 178 0
164 179 0
167 179 0
168 179 0
169 179 0
170 179 0
216 179 0
223 179 0
234 179 0
235 179 0
236 179 0
237 179 0
238 179 0
239 179 0
240 179 0
241 179 0
242 179 0
243 179 0
244 179 0
245 179 0
246 179 0
247 179 0
248 179 0
249 179 0
250 179 0
251 179 0
252 179 0
256 179 0
264 179 0
162 180 0
163 180 0
164 180 0
165 180 0
166 180 0
167 180 0
168 180 0
229 180 0
231 180 0
234 180 0
239 180 0
243 180 0
244 180 0
245 180 0
246 180 0
247 180 0
249 180 0
250 180 0
251 180 0
252 180 0
253 180 0
254 180 0
255 180 0
256 180 0
257 180 0
258 180 0
259 180 0
264 180 0
137 181 0
138 181 0
152 181 0
164 181 0
165 181 0
166 181 0
167 181 0
173 181 0
216 181 0
219 181 0
228 181 0
229 181 0
230 181 0
231 181 0
232 181 0
233 181 0
234 181 0
249 181 0
251 181 0
252 181 0
254 181 0
255 181 0
256 181 0
258 181 0
261 181 0
262 181 0
272 181 0
275 181 0
132 182 0
134 182 0
135 182 0
136 182 0
169 182 0
170 182 0
171 182 0
172 182 0
173 182 0
215 182 0
228 182 0
229 182 0
230 182 0
231 182 0
232 182 0
233 182 0
234 182 0
235 182 0
256 182 0
260 182 0
261 182 0
262 182 0
263 182 0
267 182 0
133 183 0
134 183 0
161 183 0
168 183 0
169 183 0
170 183 0
171 183 0
172 183 0
228 183 0
229 183 0
230 183 0
231 183 0
232 183 0
233 183 0
234 183 0
263 183 0
266 183 0
267 183 0
269 183 0
270 183 0
271 183 0
280 183 0
129 184 0
130 184 0
131 184 0
160 184 0
161 184 0
168 184 0
169 184 0
209 184 0
213 184 0
226 184 0
227 184 0
228 184 0
231 184 0
275 184 0
278 184 0
279 184 0
280 184 0
127 185 0
128 185 0
155 185 0
156 185 0
157 185 0
209 185 0
213 185 0
225 185 0
226 185 0
227 185 0
281 185 0
282 185 0
283 185 0
284 185 0
285 185 0
294 185 0
126 186 0
152 186 0
153 186 0
154 186 0
155 186 0
156 186 0
162 186 0
179 186 0
207 186 0
209 186 0
210 186 0
222 186 0
223 186 0
224 186 0
225 186 0
226 186 0
284 186 0
287 186 0
288 186 0
289 186 0
291 186 0
293 186 0
303 186 0
151 187 0
152 187 0
153 187 0
154 187 0
155 187 0
175 187 0
176 187 0
177 187 0
181 187 0
182 187 0
183 187 0
184 187 0
209 187 0
220 187 0
221 187 0
222 187 0
224 187 0
288 187 0
293 187 0
297 187 0
298 187 0
146 188 0
148 188 0
149 188 0
150 188 0
151 188 0
152 188 0
177 188 0
179 188 0
180 188 0
181 188 0
207 188 0
217 188 0
218 188 0
219 188 0
220 188 0
221 188 0
223 188 0
295 188 0
297 188 0
300 188 0
304 188 0
316 188 0
129 189 0
143 189 0
144 189 0
145 189 0
146 189 0
147 189 0
148 189 0
149 189 0
171 189 0
173 189 0
175 189 0
176 189 0
177 189 0
178 189 0
179 189 0
180 189 0
181 189 0
182 189 0
206 189 0
216 189 0
217 189 0
218 189 0
299 189 0
313 189 0
316 189 0
317 189 0
141 190 0
142 190 0
143 190 0
144 190 0
145 190 0
146 190 0
169 190 0
179 190 0
180 190 0
181 190 0
182 190 0
188 190 0
203 190 0
204 190 0
213 190 0
214 190 0
215 190 0
216 190 0
217 190 0
219 190 0
314 190 0
316 190 0
326 190 0
139 191 0
140 191 0
141 191 0
165 191 0
166 191 0
179 191 0
180 191 0
181 191 0
187 191 0
204 191 0
211 191 0
212 191 0
213 191 0
214 191 0
215 191 0
340 191 0
136 192 0
137 192 0
138 192 0
139 192 0
140 192 0
186 192 0
202 192 0
203 192 0
209 192 0
211 192 0
212 192 0
213 192 0
331 192 0
134 193 0
135 193 0
136 193 0
137 193 0
176 193 0
177 193 0
184 193 0
193 193 0
202 193 0
209 193 0
211 193 0
343 193 0
131 194 0
132 194 0
133 194 0
134 194 0
135 194 0
136 194 0
184 194 0
196 194 0
199 194 0
200 194 0
201 194 0
202 194 0
126 195 0
128 195 0
129 195 0
130 195 0
131 195 0
132 195 0
133 195 0
134 195 0
164 195 0
174 195 0
184 195 0
196 195 0
197 195 0
198 195 0
199 195 0
200 195 0
201 195 0
127 196 0
128 196 0
129 196 0
130 196 0
131 196 0
132 196 0
133 196 0
161 196 0
173 196 0
195 196 0
196 196 0
197 196 0
198 196 0
199 196 0
200 196 0
201 196 0
152 197 0
156 197 0
158 197 0
159 197 0
167 197 0
168 197 0
170 197 0
171 197 0
194 197 0
195 197 0
196 197 0
197 197 0
198 197 0
199 197 0
154 198 0
156 198 0
158 198 0
167 198 0
191 198 0
193 198 0
194 198 0
195 198 0
196 198 0
197 198 0
198 198 0
231 198 0
166 199 0
167 199 0
168 199 0
191 199 0
192 199 0
193 199 0
194 199 0
195 199 0
196 199 0
197 199 0
151 200 0
163 200 0
164 200 0
165 200 0
166 200 0
185 200 0
188 200 0
189 200 0
190 200 0
191 200 0
192 200 0
193 200 0
194 200 0
195 200 0
145 201 0
161 201 0
185 201 0
187 201 0
189 201 0
190 201 0
192 201 0
194 201 0
144 202 0
145 202 0
148 202 0
149 202 0
150 202 0
158 202 0
159 202 0
160 202 0
177 202 0
184 202 0
185 202 0
186 202 0
187 202 0
188 202 0
189 202 0
190 202 0
155 203 0
157 203 0
158 203 0
184 203 0
187 203 0
188 203 0
189 203 0
156 204 0
157 204 0
184 204 0
186 204 0
187 204 0
188 204 0
143 205 0
144 205 0
145 205 0
150 205 0
174 205 0
183 205 0
185 205 0
186 205 0
188 205 0
142 206 0
151 206 0
152 206 0
185 206 0
146 207 0
172 207 0
173 207 0
179 207 0
183 207 0
184 207 0
185 207 0
148 208 0
182 208 0
183 208 0
144 209 0
170 209 0
171 209 0
169 210 0
170 210 0
171 210 0
180 210 0
168 211 0
177 211 0
178 211 0
179 211 0
180 211 0
167 212 0
168 212 0
175 212 0
177 212 0
178 212 0
179 212 0
166 213 0
167 213 0
174 213 0
175 213 0
177 213 0
178 213 0
179 213 0
165 214 0
166 214 0
176 214 0
177 214 0
178 214 0
165 215 0
172 215 0
175 215 0
176 215 0
177 215 0
172 216 0
173 216 0
174 216 0
175 216 0
176 216 0
171 217 0
172 217 0
173 217 0
174 217 0
175 217 0
168 218 0
169 218 0
170 218 0
171 218 0
172 218 0
173 218 0
174 218 0
175 218 0
168 219 0
169 219 0
170 219 0
171 219 0
172 219 0
173 219 0
174 219 0
165 220 0
166 220 0
167 220 0
168 220 0
169 220 0
170 220 0
171 220 0
172 220 0
173 220 0
165 221 0
166 221 0
167 221 0
168 221 0
169 221 0
170 221 0
171 221 0
165 222 0
166 222 0
167 222 0
168 222 0
169 222 0
166 223 0
167 223 0
168 223 0
