343 31 0
343 32 0
344 32 0
296 48 0
296 49 0
296 50 0
297 50 0
296 51 0
297 51 0
297 52 0
298 52 0
298 53 0
298 54 0
298 55 0
300 56 0
300 57 0
301 57 0
301 58 0
301 59 0
302 59 0
302 60 0
303 60 0
304 62 0
307 66 0
308 67 0
310 71 0
270 73 0
313 74 0
271 75 0
272 75 0
315 76 0
272 77 0
316 78 0
274 79 0
275 81 0
277 83 0
279 83 0
259 84 0
260 85 0
278 85 0
278 86 0
322 86 0
262 87 0
280 88 0
324 88 0
279 89 0
281 91 0
282 92 0
327 92 0
328 92 0
329 92 0
281 94 0
331 94 0
282 95 0
332 95 0
284 97 0
284 98 0
337 98 0
338 99 0
287 103 0
343 104 0
287 106 0
175 108 0
176 108 0
289 108 0
172 109 0
174 109 0
177 109 0
289 109 0
173 110 0
176 110 0
177 110 0
172 111 0
182 113 0
183 113 0
181 114 0
184 114 0
183 115 0
184 115 0
185 115 0
185 116 0
189 116 0
187 117 0
188 117 0
189 117 0
190 117 0
186 118 0
187 118 0
188 118 0
189 118 0
190 118 0
191 118 0
173 119 0
187 119 0
188 119 0
189 119 0
190 119 0
191 119 0
192 119 0
297 119 0
189 120 0
190 120 0
191 120 0
192 120 0
296 120 0
190 121 0
191 121 0
296 121 0
178 127 0
179 127 0
179 128 0
180 128 0
181 128 0
185 128 0
188 128 0
180 129 0
184 129 0
184 130 0
185 130 0
184 131 0
185 131 0
186 131 0
304 131 0
305 131 0
307 131 0
309 131 0
184 132 0
185 132 0
186 132 0
301 132 0
302 132 0
303 132 0
304 132 0
305 132 0
307 132 0
296 133 0
298 133 0
299 133 0
300 133 0
301 133 0
302 133 0
303 133 0
304 133 0
307 133 0
213 134 0
291 134 0
294 134 0
295 134 0
296 134 0
297 134 0
298 134 0
299 134 0
300 134 0
301 134 0
302 134 0
303 134 0
304 134 0
305 134 0
188 135 0
189 135 0
216 135 0
217 135 0
218 135 0
220 135 0
288 135 0
289 135 0
291 135 0
292 135 0
294 135 0
295 135 0
296 135 0
297 135 0
298 135 0
299 135 0
300 135 0
218 136 0
220 136 0
274 136 0
275 136 0
280 136 0
282 136 0
283 136 0
284 136 0
285 136 0
286 136 0
287 136 0
288 136 0
289 136 0
290 136 0
291 136 0
292 136 0
293 136 0
294 136 0
295 136 0
222 137 0
269 137 0
273 137 0
274 137 0
275 137 0
276 137 0
277 137 0
278 137 0
279 137 0
280 137 0
282 137 0
283 137 0
284 137 0
285 137 0
286 137 0
287 137 0
288 137 0
289 137 0
291 137 0
294 137 0
221 138 0
222 138 0
223 138 0
224 138 0
258 138 0
261 138 0
266 138 0
267 138 0
269 138 0
270 138 0
271 138 0
272 138 0
273 138 0
274 138 0
275 138 0
276 138 0
277 138 0
278 138 0
279 138 0
280 138 0
281 138 0
282 138 0
283 138 0
288 138 0
223 139 0
224 139 0
256 139 0
258 139 0
260 139 0
261 139 0
262 139 0
263 139 0
264 139 0
265 139 0
266 139 0
267 139 0
268 139 0
269 139 0
270 139 0
271 139 0
272 139 0
273 139 0
274 139 0
275 139 0
276 139 0
277 139 0
279 139 0
280 139 0
281 139 0
225 140 0
226 140 0
243 140 0
250 140 0
251 140 0
252 140 0
253 140 0
254 140 0
255 140 0
256 140 0
257 140 0
258 140 0
259 140 0
260 140 0
261 140 0
262 140 0
263 140 0
264 140 0
265 140 0
266 140 0
267 140 0
268 140 0
269 140 0
270 140 0
271 140 0
272 140 0
273 140 0
274 140 0
277 140 0
225 141 0
229 141 0
230 141 0
231 141 0
237 141 0
239 141 0
240 141 0
241 141 0
242 141 0
243 141 0
244 141 0
245 141 0
246 141 0
247 141 0
248 141 0
249 141 0
250 141 0
251 141 0
252 141 0
253 141 0
254 141 0
255 141 0
256 141 0
257 141 0
258 141 0
259 141 0
260 141 0
261 141 0
262 141 0
263 141 0
264 141 0
265 141 0
267 141 0
271 141 0
234 142 0
235 142 0
236 142 0
237 142 0
238 142 0
239 142 0
240 142 0
241 142 0
242 142 0
243 142 0
244 142 0
245 142 0
246 142 0
247 142 0
248 142 0
249 142 0
250 142 0
251 142 0
252 142 0
253 142 0
254 142 0
255 142 0
256 142 0
257 142 0
258 142 0
259 142 0
260 142 0
261 142 0
227 143 0
228 143 0
229 143 0
231 143 0
232 143 0
233 143 0
234 143 0
235 143 0
236 143 0
237 143 0
238 143 0
239 143 0
240 143 0
241 143 0
242 143 0
244 143 0
246 143 0
249 143 0
226 144 0
227 144 0
231 144 0
232 144 0
233 144 0
234 144 0
235 144 0
236 144 0
188 145 0
224 145 0
225 145 0
226 145 0
227 145 0
228 145 0
230 145 0
231 145 0
233 145 0
187 146 0
225 146 0
226 146 0
227 146 0
230 146 0
231 146 0
232 146 0
185 147 0
186 147 0
225 147 0
226 147 0
230 147 0
231 147 0
225 148 0
229 148 0
230 148 0
184 149 0
224 149 0
225 149 0
177 151 0
174 152 0
175 152 0
176 152 0
177 152 0
222 152 0
172 153 0
173 153 0
174 153 0
175 153 0
176 153 0
177 153 0
178 153 0
224 153 0
171 154 0
172 154 0
173 154 0
174 154 0
175 154 0
176 154 0
177 154 0
171 155 0
172 155 0
173 155 0
174 155 0
175 155 0
176 155 0
177 155 0
167 156 0
172 156 0
173 156 0
174 156 0
161 157 0
162 157 0
164 157 0
165 157 0
166 157 0
168 157 0
143 158 0
144 158 0
146 158 0
160 158 0
163 158 0
164 158 0
165 158 0
166 158 0
141 159 0
142 159 0
143 159 0
144 159 0
145 159 0
146 159 0
147 159 0
148 159 0
149 159 0
139 160 0
140 160 0
141 160 0
142 160 0
143 160 0
144 160 0
145 160 0
146 160 0
147 160 0
139 161 0
140 161 0
141 161 0
142 161 0
143 161 0
144 161 0
145 161 0
133 162 0
139 162 0
140 162 0
141 162 0
142 162 0
143 162 0
132 163 0
133 163 0
134 163 0
135 163 0
136 163 0
129 164 0
131 164 0
133 164 0
196 164 0
147 165 0
164 165 0
168 165 0
142 166 0
157 166 0
158 166 0
159 166 0
144 167 0
145 167 0
156 167 0
161 167 0
163 167 0
164 167 0
165 167 0
166 167 0
141 168 0
142 168 0
144 168 0
146 168 0
147 168 0
148 168 0
149 168 0
152 168 0
153 168 0
154 168 0
155 168 0
157 168 0
158 168 0
159 168 0
160 168 0
161 168 0
162 168 0
163 168 0
164 168 0
165 168 0
166 168 0
167 168 0
131 169 0
132 169 0
141 169 0
142 169 0
143 169 0
144 169 0
145 169 0
146 169 0
147 169 0
148 169 0
150 169 0
151 169 0
152 169 0
153 169 0
155 169 0
156 169 0
157 169 0
159 169 0
160 169 0
161 169 0
162 169 0
163 169 0
164 169 0
165 169 0
166 169 0
167 169 0
141 170 0
142 170 0
143 170 0
144 170 0
145 170 0
146 170 0
147 170 0
148 170 0
149 170 0
150 170 0
151 170 0
152 170 0
153 170 0
154 170 0
155 170 0
157 170 0
158 170 0
159 170 0
160 170 0
161 170 0
162 170 0
163 170 0
164 170 0
165 170 0
166 170 0
167 170 0
141 171 0
142 171 0
143 171 0
144 171 0
145 171 0
146 171 0
147 171 0
148 171 0
150 171 0
151 171 0
158 171 0
159 171 0
160 171 0
161 171 0
162 171 0
163 171 0
164 171 0
209 171 0
136 172 0
137 172 0
138 172 0
139 172 0
140 172 0
142 172 0
143 172 0
144 172 0
145 172 0
146 172 0
147 172 0
129 173 0
130 173 0
131 173 0
132 173 0
133 173 0
134 173 0
135 173 0
136 173 0
137 173 0
138 173 0
139 173 0
140 173 0
129 174 0
130 174 0
131 174 0
132 174 0
133 174 0
134 174 0
135 174 0
136 174 0
137 174 0
166 174 0
167 174 0
168 174 0
169 174 0
162 175 0
163 175 0
164 175 0
165 175 0
166 175 0
167 175 0
168 175 0
169 175 0
161 176 0
162 176 0
163 176 0
164 176 0
165 176 0
166 176 0
167 176 0
168 176 0
160 177 0
161 177 0
162 177 0
163 177 0
164 177 0
165 177 0
166 177 0
167 177 0
176 177 0
160 178 0
161 178 0
162 178 0
163 178 0
164 178 0
165 178 0
177 179 0
228 179 0
171 180 0
246 180 0
172 181 0
174 181 0
175 181 0
233 181 0
234 181 0
236 181 0
241 181 0
243 181 0
244 181 0
278 181 0
291 181 0
153 182 0
170 182 0
171 182 0
172 182 0
224 182 0
233 182 0
234 182 0
235 182 0
236 182 0
237 182 0
239 182 0
240 182 0
241 182 0
242 182 0
245 182 0
246 182 0
248 182 0
249 182 0
251 182 0
253 182 0
255 182 0
267 182 0
170 183 0
228 183 0
233 183 0
234 183 0
235 183 0
236 183 0
237 183 0
238 183 0
239 183 0
240 183 0
241 183 0
242 183 0
243 183 0
244 183 0
245 183 0
246 183 0
247 183 0
248 183 0
250 183 0
251 183 0
252 183 0
253 183 0
255 183 0
256 183 0
257 183 0
260 183 0
261 183 0
262 183 0
276 183 0
148 184 0
235 184 0
236 184 0
237 184 0
238 184 0
239 184 0
240 184 0
241 184 0
242 184 0
243 184 0
244 184 0
245 184 0
246 184 0
247 184 0
248 184 0
249 184 0
251 184 0
252 184 0
253 184 0
254 184 0
255 184 0
258 184 0
259 184 0
260 184 0
147 185 0
160 185 0
165 185 0
231 185 0
232 185 0
248 185 0
251 185 0
252 185 0
253 185 0
254 185 0
255 185 0
257 185 0
258 185 0
285 185 0
217 186 0
218 186 0
231 186 0
232 186 0
233 186 0
234 186 0
235 186 0
236 186 0
237 186 0
239 186 0
240 186 0
264 186 0
265 186 0
139 187 0
144 187 0
231 187 0
232 187 0
233 187 0
234 187 0
235 187 0
236 187 0
237 187 0
238 187 0
239 187 0
240 187 0
263 187 0
268 187 0
269 187 0
272 187 0
273 187 0
274 187 0
280 187 0
140 188 0
169 188 0
176 188 0
230 188 0
231 188 0
232 188 0
233 188 0
234 188 0
235 188 0
236 188 0
237 188 0
238 188 0
239 188 0
240 188 0
280 188 0
286 188 0
137 189 0
165 189 0
212 189 0
229 189 0
230 189 0
231 189 0
234 189 0
235 189 0
236 189 0
237 189 0
277 189 0
278 189 0
279 189 0
289 189 0
292 189 0
293 189 0
294 189 0
136 190 0
137 190 0
164 190 0
185 190 0
214 190 0
215 190 0
227 190 0
229 190 0
230 190 0
231 190 0
286 190 0
290 190 0
291 190 0
292 190 0
297 190 0
308 190 0
131 191 0
162 191 0
225 191 0
226 191 0
227 191 0
228 191 0
229 191 0
290 191 0
294 191 0
301 191 0
311 191 0
129 192 0
131 192 0
159 192 0
160 192 0
161 192 0
181 192 0
182 192 0
207 192 0
208 192 0
209 192 0
213 192 0
214 192 0
223 192 0
224 192 0
225 192 0
226 192 0
228 192 0
296 192 0
301 192 0
305 192 0
308 192 0
309 192 0
318 192 0
320 192 0
131 193 0
156 193 0
157 193 0
158 193 0
159 193 0
211 193 0
221 193 0
223 193 0
224 193 0
225 193 0
226 193 0
227 193 0
305 193 0
312 193 0
316 193 0
317 193 0
332 193 0
137 194 0
138 194 0
152 194 0
154 194 0
155 194 0
156 194 0
157 194 0
158 194 0
181 194 0
209 194 0
211 194 0
219 194 0
220 194 0
222 194 0
223 194 0
225 194 0
323 194 0
135 195 0
152 195 0
153 195 0
154 195 0
155 195 0
174 195 0
209 195 0
210 195 0
217 195 0
218 195 0
219 195 0
220 195 0
222 195 0
148 196 0
149 196 0
150 196 0
151 196 0
173 196 0
174 196 0
177 196 0
207 196 0
208 196 0
215 196 0
216 196 0
217 196 0
219 196 0
133 197 0
146 197 0
147 197 0
172 197 0
176 197 0
183 197 0
184 197 0
187 197 0
191 197 0
205 197 0
208 197 0
215 197 0
218 197 0
136 198 0
143 198 0
144 198 0
145 198 0
146 198 0
169 198 0
185 198 0
186 198 0
189 198 0
206 198 0
207 198 0
208 198 0
140 199 0
141 199 0
142 199 0
143 199 0
173 199 0
186 199 0
187 199 0
202 199 0
203 199 0
204 199 0
205 199 0
206 199 0
207 199 0
138 200 0
139 200 0
140 200 0
141 200 0
142 200 0
170 200 0
197 200 0
202 200 0
203 200 0
204 200 0
205 200 0
206 200 0
133 201 0
136 201 0
137 201 0
138 201 0
139 201 0
140 201 0
169 201 0
170 201 0
186 201 0
187 201 0
199 201 0
200 201 0
201 201 0
202 201 0
203 201 0
204 201 0
205 201 0
206 201 0
129 202 0
130 202 0
134 202 0
135 202 0
136 202 0
137 202 0
138 202 0
139 202 0
162 202 0
163 202 0
167 202 0
168 202 0
186 202 0
199 202 0
200 202 0
201 202 0
202 202 0
203 202 0
204 202 0
205 202 0
206 202 0
131 203 0
132 203 0
133 203 0
134 203 0
135 203 0
136 203 0
184 203 0
192 203 0
197 203 0
198 203 0
199 203 0
200 203 0
201 203 0
202 203 0
203 203 0
204 203 0
205 203 0
130 204 0
131 204 0
132 204 0
133 204 0
134 204 0
161 204 0
183 204 0
184 204 0
193 204 0
196 204 0
197 204 0
198 204 0
199 204 0
200 204 0
201 204 0
202 204 0
157 205 0
158 205 0
159 205 0
160 205 0
171 205 0
190 205 0
195 205 0
197 205 0
198 205 0
199 205 0
200 205 0
201 205 0
159 206 0
160 206 0
182 206 0
183 206 0
191 206 0
192 206 0
193 206 0
194 206 0
195 206 0
196 206 0
197 206 0
154 207 0
155 207 0
156 207 0
157 207 0
158 207 0
159 207 0
180 207 0
181 207 0
192 207 0
193 207 0
194 207 0
195 207 0
153 208 0
159 208 0
188 208 0
190 208 0
191 208 0
192 208 0
193 208 0
194 208 0
195 208 0
150 209 0
151 209 0
152 209 0
155 209 0
179 209 0
180 209 0
189 209 0
191 209 0
192 209 0
193 209 0
194 209 0
149 210 0
150 210 0
153 210 0
154 210 0
178 210 0
179 210 0
180 210 0
188 210 0
189 210 0
190 210 0
191 210 0
192 210 0
193 210 0
145 211 0
146 211 0
148 211 0
149 211 0
150 211 0
177 211 0
178 211 0
179 211 0
189 211 0
190 211 0
191 211 0
192 211 0
148 212 0
149 212 0
150 212 0
151 212 0
152 212 0
176 212 0
177 212 0
178 212 0
179 212 0
184 212 0
185 212 0
186 212 0
188 212 0
189 212 0
190 212 0
143 213 0
144 213 0
145 213 0
146 213 0
147 213 0
148 213 0
149 213 0
150 213 0
176 213 0
177 213 0
178 213 0
186 213 0
188 213 0
189 213 0
190 213 0
141 214 0
142 214 0
143 214 0
144 214 0
145 214 0
146 214 0
147 214 0
148 214 0
175 214 0
176 214 0
177 214 0
184 214 0
186 214 0
187 214 0
188 214 0
189 214 0
141 215 0
142 215 0
143 215 0
144 215 0
145 215 0
146 215 0
147 215 0
173 215 0
174 215 0
175 215 0
176 215 0
184 215 0
185 215 0
186 215 0
187 215 0
188 215 0
141 216 0
142 216 0
143 216 0
144 216 0
173 216 0
174 216 0
175 216 0
185 216 0
171 217 0
172 217 0
173 217 0
174 217 0
175 217 0
180 217 0
181 217 0
184 217 0
185 217 0
186 217 0
168 218 0
171 218 0
172 218 0
173 218 0
174 218 0
182 218 0
183 218 0
184 218 0
185 218 0
169 219 0
170 219 0
171 219 0
172 219 0
173 219 0
179 219 0
180 219 0
181 219 0
182 219 0
183 219 0
168 220 0
169 220 0
170 220 0
171 220 0
180 220 0
181 220 0
182 220 0
183 220 0
168 221 0
169 221 0
170 221 0
179 221 0
180 221 0
181 221 0
167 222 0
168 222 0
169 222 0
174 222 0
175 222 0
176 222 0
177 222 0
178 222 0
179 222 0
180 222 0
181 222 0
166 223 0
167 223 0
168 223 0
169 223 0
177 223 0
178 223 0
179 223 0
180 223 0
181 223 0
167 224 0
168 224 0
172 224 0
176 224 0
177 224 0
178 224 0
179 224 0
173 225 0
174 225 0
175 225 0
176 225 0
177 225 0
178 225 0
179 225 0
172 226 0
173 226 0
174 226 0
175 226 0
176 226 0
177 226 0
178 226 0
169 227 0
170 227 0
171 227 0
172 227 0
173 227 0
174 227 0
175 227 0
176 227 0
177 227 0
168 228 0
169 228 0
170 228 0
171 228 0
172 228 0
173 228 0
174 228 0
175 228 0
168 229 0
169 229 0
170 229 0
171 229 0
172 229 0
173 229 0
174 229 0
169 230 0
170 230 0
171 230 0
172 230 0
170 231 0
256 1 1
257 1 1
217 2 1
218 2 1
256 2 1
257 2 1
295 2 1
217 3 1
218 3 1
256 3 1
257 3 1
258 3 1
221 4 1
257 4 1
258 4 1
259 4 1
295 4 1
216 5 1
217 5 1
221 5 1
247 5 1
259 5 1
260 5 1
284 5 1
213 6 1
214 6 1
221 6 1
222 6 1
259 6 1
260 6 1
283 6 1
284 6 1
296 6 1
215 7 1
222 7 1
223 7 1
244 7 1
258 7 1
261 7 1
295 7 1
218 8 1
219 8 1
220 8 1
261 8 1
262 8 1
263 8 1
283 8 1
284 8 1
296 8 1
219 9 1
220 9 1
221 9 1
263 9 1
295 9 1
296 9 1
219 10 1
220 10 1
221 10 1
222 10 1
226 10 1
263 10 1
265 10 1
295 10 1
296 10 1
297 10 1
220 11 1
221 11 1
222 11 1
265 11 1
266 11 1
283 11 1
296 11 1
297 11 1
211 12 1
212 12 1
222 12 1
223 12 1
266 12 1
267 12 1
283 12 1
296 12 1
297 12 1
211 13 1
212 13 1
213 13 1
224 13 1
268 13 1
269 13 1
297 13 1
211 14 1
212 14 1
213 14 1
214 14 1
225 14 1
231 14 1
212 15 1
213 15 1
214 15 1
215 15 1
226 15 1
227 15 1
271 15 1
297 15 1
213 16 1
214 16 1
215 16 1
216 16 1
227 16 1
228 16 1
272 16 1
273 16 1
274 16 1
298 16 1
214 17 1
215 17 1
216 17 1
217 17 1
218 17 1
228 17 1
274 17 1
276 17 1
296 17 1
297 17 1
215 18 1
216 18 1
217 18 1
218 18 1
219 18 1
297 18 1
216 19 1
217 19 1
218 19 1
219 19 1
297 19 1
216 20 1
217 20 1
218 20 1
219 20 1
220 20 1
221 20 1
218 21 1
219 21 1
220 21 1
221 21 1
297 21 1
219 22 1
220 22 1
221 22 1
222 22 1
236 22 1
220 23 1
221 23 1
222 23 1
223 23 1
236 23 1
221 24 1
222 24 1
223 24 1
224 24 1
238 24 1
297 24 1
222 25 1
223 25 1
224 25 1
227 25 1
223 26 1
224 26 1
225 26 1
226 26 1
223 27 1
224 27 1
225 27 1
226 27 1
224 28 1
210 29 1
211 29 1
210 30 1
215 30 1
216 30 1
226 30 1
296 30 1
215 31 1
216 31 1
217 31 1
218 31 1
221 31 1
297 31 1
217 32 1
218 32 1
219 32 1
220 32 1
221 32 1
222 32 1
228 32 1
295 32 1
218 33 1
219 33 1
220 33 1
221 33 1
222 33 1
223 33 1
224 33 1
228 33 1
229 33 1
230 33 1
208 34 1
209 34 1
220 34 1
221 34 1
222 34 1
223 34 1
224 34 1
235 34 1
236 34 1
207 35 1
208 35 1
209 35 1
210 35 1
211 35 1
223 35 1
224 35 1
231 35 1
209 36 1
210 36 1
211 36 1
212 36 1
233 36 1
210 37 1
211 37 1
212 37 1
213 37 1
214 37 1
211 38 1
212 38 1
213 38 1
214 38 1
215 38 1
216 38 1
217 38 1
212 39 1
213 39 1
214 39 1
215 39 1
216 39 1
217 39 1
218 39 1
212 40 1
214 40 1
215 40 1
216 40 1
217 40 1
218 40 1
219 40 1
220 40 1
215 41 1
216 41 1
217 41 1
218 41 1
219 41 1
220 41 1
219 42 1
220 42 1
228 43 1
215 46 1
229 50 1
224 51 1
238 51 1
239 51 1
238 52 1
239 52 1
241 52 1
242 52 1
234 53 1
239 53 1
243 53 1
242 54 1
244 54 1
245 54 1
247 54 1
243 55 1
244 55 1
245 55 1
243 56 1
244 56 1
245 56 1
246 56 1
247 56 1
250 56 1
244 57 1
245 57 1
246 57 1
247 57 1
244 58 1
245 58 1
246 58 1
247 58 1
248 58 1
249 58 1
246 59 1
247 59 1
248 59 1
249 59 1
250 59 1
253 59 1
248 60 1
249 60 1
250 60 1
250 61 1
252 61 1
253 61 1
251 62 1
253 62 1
252 63 1
253 63 1
255 63 1
254 64 1
255 64 1
256 64 1
257 64 1
257 66 1
258 70 1
261 75 1
263 75 1
