221 1 0
263 1 0
264 1 0
220 2 0
221 2 0
251 2 0
263 2 0
264 2 0
265 2 0
220 3 0
263 3 0
264 3 0
265 3 0
266 3 0
214 4 0
224 4 0
264 4 0
265 4 0
266 4 0
267 4 0
286 4 0
213 5 0
214 5 0
224 5 0
267 5 0
268 5 0
286 5 0
213 6 0
214 6 0
231 6 0
268 6 0
269 6 0
298 6 0
213 7 0
214 7 0
215 7 0
266 7 0
269 7 0
270 7 0
214 8 0
215 8 0
216 8 0
268 8 0
270 8 0
271 8 0
286 8 0
215 9 0
216 9 0
217 9 0
218 9 0
270 9 0
272 9 0
273 9 0
299 9 0
215 10 0
216 10 0
217 10 0
218 10 0
219 10 0
272 10 0
273 10 0
274 10 0
275 10 0
217 11 0
218 11 0
219 11 0
220 11 0
274 11 0
275 11 0
276 11 0
277 11 0
278 11 0
218 12 0
219 12 0
220 12 0
221 12 0
275 12 0
277 12 0
278 12 0
279 12 0
218 13 0
219 13 0
220 13 0
221 13 0
222 13 0
219 14 0
220 14 0
221 14 0
222 14 0
222 15 0
223 15 0
224 16 0
224 17 0
225 17 0
299 17 0
224 18 0
225 18 0
226 18 0
299 18 0
224 19 0
299 19 0
226 20 0
227 20 0
227 21 0
212 23 0
213 23 0
214 23 0
213 24 0
214 24 0
215 24 0
217 24 0
218 24 0
219 24 0
220 24 0
228 24 0
217 25 0
218 25 0
219 25 0
220 25 0
221 25 0
222 25 0
234 25 0
217 26 0
218 26 0
219 26 0
220 26 0
221 26 0
222 26 0
223 26 0
230 26 0
237 26 0
220 27 0
221 27 0
222 27 0
223 27 0
232 27 0
223 28 0
224 28 0
299 28 0
215 32 0
216 32 0
217 32 0
218 32 0
215 33 0
217 33 0
218 33 0
219 33 0
220 33 0
343 33 0
217 34 0
218 34 0
219 34 0
220 34 0
221 34 0
222 34 0
343 34 0
344 34 0
219 35 0
220 35 0
221 35 0
222 35 0
221 36 0
236 39 0
238 40 0
215 41 0
241 43 0
242 45 0
298 46 0
243 47 0
244 47 0
246 47 0
243 48 0
244 48 0
245 48 0
299 48 0
300 48 0
243 49 0
244 49 0
245 49 0
298 49 0
300 49 0
244 50 0
245 50 0
246 50 0
247 50 0
300 50 0
246 51 0
247 51 0
248 51 0
249 51 0
247 52 0
248 52 0
249 52 0
251 52 0
247 53 0
248 53 0
249 53 0
250 53 0
251 53 0
300 53 0
301 53 0
249 54 0
250 54 0
251 54 0
253 54 0
302 54 0
250 55 0
251 55 0
252 55 0
253 55 0
256 55 0
302 55 0
250 56 0
251 56 0
252 56 0
253 56 0
254 56 0
256 56 0
303 56 0
304 56 0
252 57 0
254 57 0
256 57 0
304 57 0
237 58 0
257 59 0
258 59 0
305 59 0
259 60 0
265 61 0
306 61 0
260 62 0
263 63 0
308 64 0
263 68 0
265 70 0
271 70 0
312 70 0
314 70 0
265 71 0
314 71 0
315 72 0
273 73 0
314 73 0
273 74 0
314 74 0
275 75 0
275 77 0
278 77 0
276 79 0
319 79 0
277 80 0
279 82 0
320 82 0
279 83 0
322 83 0
259 86 0
260 86 0
281 86 0
324 86 0
262 87 0
281 87 0
324 87 0
325 87 0
282 89 0
283 89 0
283 91 0
333 95 0
285 100 0
340 100 0
290 105 0
292 107 0
291 108 0
295 112 0
294 113 0
296 116 0
185 121 0
182 122 0
183 122 0
184 122 0
185 122 0
186 122 0
187 122 0
182 123 0
183 123 0
184 123 0
185 123 0
186 123 0
187 123 0
188 123 0
185 124 0
186 124 0
187 124 0
188 124 0
189 124 0
190 124 0
169 125 0
170 125 0
171 125 0
185 125 0
186 125 0
187 125 0
188 125 0
189 125 0
190 125 0
170 126 0
171 126 0
173 126 0
187 126 0
188 126 0
189 126 0
188 127 0
192 127 0
177 128 0
303 128 0
176 129 0
175 132 0
316 133 0
181 135 0
304 135 0
306 135 0
181 136 0
182 136 0
184 136 0
301 136 0
303 136 0
305 136 0
306 136 0
307 136 0
308 136 0
309 136 0
310 136 0
181 137 0
211 137 0
300 137 0
301 137 0
302 137 0
303 137 0
304 137 0
305 137 0
307 137 0
299 138 0
300 138 0
301 138 0
302 138 0
303 138 0
304 138 0
305 138 0
307 138 0
184 139 0
293 139 0
294 139 0
296 139 0
297 139 0
298 139 0
299 139 0
300 139 0
301 139 0
302 139 0
303 139 0
305 139 0
186 140 0
215 140 0
281 140 0
287 140 0
288 140 0
289 140 0
292 140 0
293 140 0
294 140 0
296 140 0
297 140 0
298 140 0
299 140 0
300 140 0
302 140 0
188 141 0
212 141 0
215 141 0
216 141 0
280 141 0
285 141 0
286 141 0
288 141 0
289 141 0
290 141 0
291 141 0
292 141 0
293 141 0
294 141 0
295 141 0
296 141 0
297 141 0
299 141 0
188 142 0
217 142 0
276 142 0
277 142 0
278 142 0
279 142 0
280 142 0
281 142 0
282 142 0
283 142 0
284 142 0
285 142 0
286 142 0
288 142 0
289 142 0
290 142 0
291 142 0
294 142 0
218 143 0
220 143 0
221 143 0
270 143 0
271 143 0
272 143 0
274 143 0
275 143 0
276 143 0
277 143 0
278 143 0
279 143 0
280 143 0
281 143 0
282 143 0
283 143 0
284 143 0
285 143 0
286 143 0
287 143 0
288 143 0
290 143 0
218 144 0
219 144 0
220 144 0
221 144 0
262 144 0
263 144 0
265 144 0
266 144 0
267 144 0
268 144 0
269 144 0
270 144 0
271 144 0
272 144 0
273 144 0
274 144 0
275 144 0
276 144 0
277 144 0
278 144 0
279 144 0
280 144 0
281 144 0
282 144 0
283 144 0
284 144 0
285 144 0
286 144 0
260 145 0
261 145 0
262 145 0
263 145 0
264 145 0
265 145 0
266 145 0
267 145 0
268 145 0
269 145 0
270 145 0
271 145 0
272 145 0
273 145 0
274 145 0
275 145 0
276 145 0
277 145 0
280 145 0
282 145 0
222 146 0
224 146 0
225 146 0
226 146 0
230 146 0
251 146 0
252 146 0
254 146 0
255 146 0
256 146 0
257 146 0
258 146 0
259 146 0
260 146 0
261 146 0
262 146 0
263 146 0
264 146 0
265 146 0
266 146 0
267 146 0
268 146 0
269 146 0
270 146 0
272 146 0
275 146 0
224 147 0
225 147 0
240 147 0
243 147 0
244 147 0
245 147 0
246 147 0
247 147 0
248 147 0
249 147 0
250 147 0
251 147 0
252 147 0
253 147 0
254 147 0
255 147 0
256 147 0
257 147 0
258 147 0
259 147 0
260 147 0
261 147 0
262 147 0
263 147 0
264 147 0
265 147 0
266 147 0
267 147 0
268 147 0
238 148 0
239 148 0
240 148 0
241 148 0
242 148 0
243 148 0
244 148 0
245 148 0
246 148 0
247 148 0
248 148 0
249 148 0
250 148 0
251 148 0
252 148 0
253 148 0
254 148 0
255 148 0
257 148 0
258 148 0
259 148 0
260 148 0
261 148 0
262 148 0
233 149 0
234 149 0
235 149 0
236 149 0
237 149 0
238 149 0
239 149 0
240 149 0
241 149 0
242 149 0
243 149 0
244 149 0
245 149 0
246 149 0
247 149 0
248 149 0
249 149 0
250 149 0
251 149 0
253 149 0
254 149 0
228 150 0
232 150 0
233 150 0
234 150 0
235 150 0
236 150 0
237 150 0
239 150 0
240 150 0
225 151 0
227 151 0
228 151 0
229 151 0
231 151 0
232 151 0
233 151 0
234 151 0
235 151 0
225 152 0
226 152 0
227 152 0
231 152 0
232 152 0
224 153 0
225 153 0
226 153 0
230 153 0
231 153 0
187 154 0
188 154 0
225 154 0
226 154 0
229 154 0
230 154 0
185 155 0
186 155 0
225 155 0
228 155 0
184 156 0
185 156 0
228 156 0
230 156 0
183 157 0
223 157 0
224 157 0
182 158 0
224 158 0
181 159 0
182 159 0
175 160 0
180 160 0
181 160 0
170 161 0
171 161 0
172 161 0
173 161 0
174 161 0
175 161 0
176 161 0
246 161 0
170 162 0
171 162 0
172 162 0
173 162 0
174 162 0
175 162 0
176 162 0
168 163 0
169 163 0
170 163 0
171 163 0
172 163 0
173 163 0
174 163 0
165 164 0
166 164 0
167 164 0
168 164 0
169 164 0
170 164 0
171 164 0
172 164 0
173 164 0
165 165 0
166 165 0
167 165 0
168 165 0
169 165 0
170 165 0
145 166 0
146 166 0
148 166 0
150 166 0
151 166 0
152 166 0
153 166 0
154 166 0
165 166 0
166 166 0
167 166 0
168 166 0
141 167 0
142 167 0
143 167 0
144 167 0
145 167 0
146 167 0
147 167 0
148 167 0
149 167 0
150 167 0
151 167 0
152 167 0
153 167 0
141 168 0
142 168 0
143 168 0
144 168 0
145 168 0
146 168 0
147 168 0
148 168 0
149 168 0
150 168 0
151 168 0
140 169 0
141 169 0
142 169 0
143 169 0
144 169 0
145 169 0
146 169 0
147 169 0
137 170 0
140 170 0
141 170 0
142 170 0
143 170 0
144 170 0
135 171 0
136 171 0
137 171 0
138 171 0
131 172 0
132 172 0
133 172 0
134 172 0
137 172 0
129 173 0
130 173 0
131 173 0
132 173 0
128 174 0
161 174 0
164 174 0
165 174 0
168 174 0
158 175 0
159 175 0
160 175 0
162 175 0
163 175 0
164 175 0
165 175 0
166 175 0
168 175 0
157 176 0
158 176 0
159 176 0
160 176 0
161 176 0
162 176 0
163 176 0
164 176 0
165 176 0
166 176 0
167 176 0
132 177 0
158 177 0
159 177 0
160 177 0
161 177 0
162 177 0
163 177 0
164 177 0
165 177 0
166 177 0
167 177 0
217 177 0
155 178 0
160 178 0
161 178 0
162 178 0
163 178 0
164 178 0
165 178 0
166 178 0
167 178 0
168 178 0
145 179 0
146 179 0
147 179 0
148 179 0
149 179 0
150 179 0
151 179 0
152 179 0
153 179 0
154 179 0
156 179 0
157 179 0
158 179 0
162 179 0
163 179 0
164 179 0
165 179 0
166 179 0
139 180 0
140 180 0
141 180 0
142 180 0
143 180 0
144 180 0
145 180 0
146 180 0
147 180 0
148 180 0
149 180 0
150 180 0
151 180 0
152 180 0
153 180 0
154 180 0
155 180 0
156 180 0
170 180 0
132 181 0
133 181 0
134 181 0
135 181 0
136 181 0
137 181 0
138 181 0
139 181 0
140 181 0
141 181 0
142 181 0
143 181 0
144 181 0
145 181 0
146 181 0
169 181 0
170 181 0
129 182 0
130 182 0
131 182 0
132 182 0
133 182 0
134 182 0
135 182 0
136 182 0
137 182 0
138 182 0
139 182 0
140 182 0
167 182 0
168 182 0
169 182 0
170 182 0
193 182 0
194 182 0
132 183 0
133 183 0
134 183 0
135 183 0
137 183 0
167 183 0
168 183 0
169 183 0
170 183 0
263 185 0
284 185 0
233 187 0
240 187 0
241 187 0
247 187 0
260 187 0
175 188 0
234 188 0
236 188 0
237 188 0
238 188 0
239 188 0
240 188 0
246 188 0
249 188 0
250 188 0
251 188 0
254 188 0
260 188 0
234 189 0
235 189 0
236 189 0
237 189 0
238 189 0
240 189 0
241 189 0
242 189 0
243 189 0
244 189 0
246 189 0
248 189 0
252 189 0
254 189 0
260 189 0
267 189 0
235 190 0
236 190 0
237 190 0
238 190 0
239 190 0
240 190 0
241 190 0
242 190 0
245 190 0
246 190 0
247 190 0
248 190 0
249 190 0
250 190 0
251 190 0
252 190 0
256 190 0
263 190 0
267 190 0
230 191 0
236 191 0
237 191 0
238 191 0
239 191 0
240 191 0
241 191 0
245 191 0
246 191 0
247 191 0
248 191 0
249 191 0
250 191 0
251 191 0
254 191 0
255 191 0
256 191 0
258 191 0
259 191 0
260 191 0
266 191 0
283 191 0
224 192 0
238 192 0
239 192 0
240 192 0
253 192 0
258 192 0
266 192 0
267 192 0
296 192 0
218 193 0
219 193 0
223 193 0
231 193 0
232 193 0
233 193 0
234 193 0
235 193 0
238 193 0
260 193 0
264 193 0
265 193 0
267 193 0
278 193 0
281 193 0
157 194 0
233 194 0
234 194 0
235 194 0
236 194 0
237 194 0
272 194 0
275 194 0
278 194 0
280 194 0
281 194 0
288 194 0
175 195 0
176 195 0
218 195 0
220 195 0
232 195 0
233 195 0
234 195 0
235 195 0
278 195 0
283 195 0
284 195 0
285 195 0
287 195 0
288 195 0
289 195 0
291 195 0
297 195 0
149 196 0
169 196 0
172 196 0
177 196 0
230 196 0
231 196 0
233 196 0
234 196 0
278 196 0
291 196 0
295 196 0
296 196 0
300 196 0
301 196 0
303 196 0
304 196 0
307 196 0
308 196 0
137 197 0
153 197 0
155 197 0
214 197 0
216 197 0
228 197 0
229 197 0
230 197 0
293 197 0
294 197 0
295 197 0
296 197 0
298 197 0
299 197 0
306 197 0
311 197 0
312 197 0
318 197 0
165 198 0
168 198 0
169 198 0
228 198 0
231 198 0
301 198 0
307 198 0
308 198 0
309 198 0
310 198 0
312 198 0
313 198 0
314 198 0
322 198 0
332 198 0
341 198 0
138 199 0
146 199 0
183 199 0
185 199 0
225 199 0
226 199 0
308 199 0
321 199 0
329 199 0
162 200 0
185 200 0
187 200 0
213 200 0
224 200 0
225 200 0
132 201 0
143 201 0
159 201 0
202 201 0
204 201 0
208 201 0
209 201 0
210 201 0
211 201 0
212 201 0
221 201 0
223 201 0
224 201 0
274 201 0
155 202 0
160 202 0
161 202 0
179 202 0
210 202 0
211 202 0
212 202 0
221 202 0
154 203 0
157 203 0
158 203 0
178 203 0
179 203 0
181 203 0
186 203 0
207 203 0
209 203 0
211 203 0
221 203 0
141 204 0
142 204 0
152 204 0
156 204 0
176 204 0
177 204 0
182 204 0
183 204 0
203 204 0
206 204 0
208 204 0
209 204 0
210 204 0
138 205 0
150 205 0
153 205 0
177 205 0
179 205 0
181 205 0
191 205 0
206 205 0
207 205 0
208 205 0
209 205 0
211 205 0
212 205 0
137 206 0
138 206 0
159 206 0
189 206 0
190 206 0
206 206 0
207 206 0
208 206 0
209 206 0
210 206 0
211 206 0
145 207 0
158 207 0
159 207 0
160 207 0
173 207 0
176 207 0
186 207 0
189 207 0
205 207 0
206 207 0
208 207 0
209 207 0
210 207 0
211 207 0
142 208 0
143 208 0
144 208 0
156 208 0
157 208 0
175 208 0
188 208 0
203 208 0
204 208 0
205 208 0
206 208 0
207 208 0
208 208 0
209 208 0
153 209 0
154 209 0
155 209 0
172 209 0
185 209 0
186 209 0
187 209 0
188 209 0
189 209 0
201 209 0
202 209 0
203 209 0
204 209 0
205 209 0
206 209 0
207 209 0
208 209 0
169 210 0
170 210 0
184 210 0
185 210 0
186 210 0
187 210 0
199 210 0
200 210 0
201 210 0
202 210 0
203 210 0
204 210 0
205 210 0
206 210 0
137 211 0
150 211 0
151 211 0
168 211 0
171 211 0
173 211 0
184 211 0
185 211 0
186 211 0
187 211 0
197 211 0
198 211 0
199 211 0
200 211 0
201 211 0
202 211 0
203 211 0
204 211 0
149 212 0
150 212 0
151 212 0
159 212 0
164 212 0
167 212 0
184 212 0
185 212 0
186 212 0
196 212 0
197 212 0
198 212 0
199 212 0
200 212 0
201 212 0
202 212 0
146 213 0
147 213 0
148 213 0
149 213 0
150 213 0
161 213 0
184 213 0
185 213 0
192 213 0
193 213 0
194 213 0
196 213 0
197 213 0
198 213 0
199 213 0
200 213 0
145 214 0
146 214 0
147 214 0
148 214 0
159 214 0
160 214 0
163 214 0
182 214 0
183 214 0
184 214 0
191 214 0
192 214 0
195 214 0
196 214 0
197 214 0
198 214 0
143 215 0
144 215 0
145 215 0
146 215 0
147 215 0
157 215 0
159 215 0
160 215 0
162 215 0
164 215 0
182 215 0
183 215 0
184 215 0
193 215 0
194 215 0
195 215 0
196 215 0
197 215 0
141 216 0
142 216 0
143 216 0
144 216 0
145 216 0
155 216 0
156 216 0
158 216 0
159 216 0
160 216 0
161 216 0
162 216 0
163 216 0
181 216 0
182 216 0
183 216 0
192 216 0
193 216 0
195 216 0
196 216 0
197 216 0
141 217 0
142 217 0
143 217 0
144 217 0
153 217 0
154 217 0
157 217 0
158 217 0
159 217 0
160 217 0
179 217 0
180 217 0
181 217 0
182 217 0
189 217 0
190 217 0
191 217 0
192 217 0
193 217 0
194 217 0
195 217 0
142 218 0
153 218 0
154 218 0
155 218 0
156 218 0
157 218 0
158 218 0
159 218 0
160 218 0
179 218 0
180 218 0
181 218 0
188 218 0
191 218 0
192 218 0
193 218 0
194 218 0
148 219 0
149 219 0
150 219 0
151 219 0
152 219 0
154 219 0
155 219 0
156 219 0
158 219 0
179 219 0
180 219 0
187 219 0
189 219 0
190 219 0
191 219 0
192 219 0
193 219 0
194 219 0
150 220 0
151 220 0
152 220 0
153 220 0
154 220 0
178 220 0
179 220 0
180 220 0
189 220 0
190 220 0
191 220 0
192 220 0
144 221 0
146 221 0
148 221 0
149 221 0
150 221 0
151 221 0
152 221 0
153 221 0
177 221 0
178 221 0
179 221 0
180 221 0
186 221 0
190 221 0
191 221 0
143 222 0
145 222 0
146 222 0
147 222 0
148 222 0
150 222 0
151 222 0
152 222 0
175 222 0
176 222 0
177 222 0
178 222 0
179 222 0
186 222 0
187 222 0
188 222 0
189 222 0
190 222 0
191 222 0
142 223 0
143 223 0
144 223 0
145 223 0
146 223 0
147 223 0
148 223 0
175 223 0
176 223 0
177 223 0
178 223 0
187 223 0
188 223 0
189 223 0
190 223 0
143 224 0
144 224 0
145 224 0
146 224 0
147 224 0
174 224 0
175 224 0
176 224 0
177 224 0
184 224 0
185 224 0
186 224 0
187 224 0
188 224 0
143 225 0
144 225 0
145 225 0
146 225 0
172 225 0
173 225 0
174 225 0
175 225 0
176 225 0
184 225 0
185 225 0
186 225 0
187 225 0
188 225 0
171 226 0
172 226 0
173 226 0
174 226 0
175 226 0
183 226 0
184 226 0
185 226 0
186 226 0
187 226 0
188 226 0
170 227 0
171 227 0
172 227 0
173 227 0
174 227 0
179 227 0
182 227 0
183 227 0
184 227 0
185 227 0
186 227 0
187 227 0
169 228 0
170 228 0
171 228 0
172 228 0
173 228 0
174 228 0
180 228 0
181 228 0
182 228 0
183 228 0
184 228 0
185 228 0
186 228 0
168 229 0
169 229 0
170 229 0
171 229 0
172 229 0
177 229 0
180 229 0
181 229 0
182 229 0
183 229 0
184 229 0
185 229 0
168 230 0
169 230 0
170 230 0
171 230 0
179 230 0
180 230 0
181 230 0
182 230 0
183 230 0
184 230 0
168 231 0
169 231 0
170 231 0
175 231 0
177 231 0
178 231 0
179 231 0
180 231 0
181 231 0
182 231 0
183 231 0
167 232 0
168 232 0
169 232 0
170 232 0
175 232 0
176 232 0
177 232 0
178 232 0
179 232 0
180 232 0
181 232 0
182 232 0
174 233 0
175 233 0
176 233 0
177 233 0
178 233 0
179 233 0
180 233 0
181 233 0
173 234 0
174 234 0
175 234 0
176 234 0
177 234 0
178 234 0
179 234 0
180 234 0
170 235 0
171 235 0
172 235 0
173 235 0
174 235 0
175 235 0
176 235 0
177 235 0
178 235 0
179 235 0
170 236 0
171 236 0
172 236 0
173 236 0
174 236 0
175 236 0
176 236 0
177 236 0
178 236 0
169 237 0
170 237 0
171 237 0
172 237 0
173 237 0
174 237 0
175 237 0
176 237 0
169 238 0
170 238 0
171 238 0
172 238 0
173 238 0
174 238 0
175 238 0
171 239 0
172 239 0
173 239 0
