302 2 0
272 3 0
273 3 0
291 3 0
272 4 0
273 4 0
274 4 0
219 5 0
221 5 0
274 5 0
275 5 0
222 6 0
223 6 0
274 6 0
275 6 0
276 6 0
221 7 0
223 7 0
275 7 0
276 7 0
277 7 0
278 7 0
224 8 0
278 8 0
279 8 0
280 8 0
279 9 0
280 9 0
281 9 0
282 9 0
226 10 0
282 10 0
226 11 0
227 11 0
218 12 0
229 17 0
230 18 0
218 19 0
219 19 0
220 19 0
230 19 0
231 19 0
219 20 0
220 20 0
221 20 0
222 20 0
223 20 0
232 20 0
220 21 0
221 21 0
222 21 0
223 21 0
224 21 0
232 21 0
239 21 0
221 22 0
222 22 0
223 22 0
224 22 0
213 23 0
223 23 0
224 23 0
225 23 0
214 24 0
216 26 0
242 26 0
218 27 0
218 28 0
219 28 0
220 28 0
218 29 0
220 29 0
221 29 0
222 29 0
220 30 0
221 30 0
222 30 0
223 30 0
222 31 0
222 32 0
223 32 0
228 33 0
343 33 0
344 33 0
343 34 0
344 34 0
239 38 0
229 40 0
235 43 0
237 43 0
247 43 0
247 44 0
247 45 0
248 45 0
302 45 0
247 46 0
248 46 0
249 46 0
250 46 0
238 47 0
248 47 0
249 47 0
250 47 0
303 47 0
249 48 0
250 48 0
251 48 0
252 48 0
249 49 0
250 49 0
251 49 0
252 49 0
253 49 0
250 50 0
251 50 0
252 50 0
253 50 0
252 51 0
253 51 0
254 51 0
255 51 0
302 51 0
304 51 0
252 52 0
253 52 0
254 52 0
255 52 0
304 52 0
253 53 0
254 53 0
255 53 0
256 53 0
257 53 0
254 54 0
255 54 0
256 54 0
258 54 0
305 54 0
306 54 0
256 55 0
257 55 0
258 55 0
259 55 0
259 56 0
260 56 0
307 56 0
261 57 0
308 57 0
308 58 0
264 60 0
311 61 0
311 62 0
311 63 0
263 65 0
315 67 0
315 68 0
269 69 0
314 69 0
316 70 0
275 71 0
317 71 0
277 72 0
317 72 0
318 72 0
276 73 0
277 73 0
279 76 0
320 76 0
279 77 0
320 77 0
279 78 0
322 79 0
281 80 0
281 82 0
282 82 0
282 83 0
325 83 0
285 84 0
326 84 0
326 85 0
260 86 0
283 86 0
261 87 0
262 87 0
282 87 0
285 88 0
286 88 0
284 89 0
286 90 0
287 90 0
333 91 0
285 92 0
287 93 0
287 94 0
336 95 0
288 96 0
343 101 0
291 102 0
291 103 0
292 105 0
293 106 0
297 112 0
297 116 0
171 124 0
172 124 0
170 125 0
171 125 0
172 125 0
184 126 0
179 127 0
180 127 0
183 127 0
184 127 0
183 128 0
184 128 0
183 129 0
184 129 0
185 129 0
186 129 0
187 129 0
183 130 0
184 130 0
185 130 0
186 130 0
187 130 0
188 130 0
184 131 0
185 131 0
186 131 0
187 131 0
169 132 0
192 133 0
192 134 0
171 135 0
172 135 0
195 135 0
196 135 0
172 137 0
173 137 0
174 137 0
175 137 0
312 137 0
172 138 0
173 138 0
174 138 0
175 138 0
176 138 0
178 138 0
306 138 0
309 138 0
310 138 0
311 138 0
312 138 0
173 139 0
174 139 0
175 139 0
176 139 0
177 139 0
178 139 0
305 139 0
306 139 0
310 139 0
311 139 0
312 139 0
313 139 0
174 140 0
175 140 0
176 140 0
177 140 0
178 140 0
179 140 0
303 140 0
304 140 0
305 140 0
306 140 0
307 140 0
308 140 0
309 140 0
310 140 0
311 140 0
312 140 0
176 141 0
177 141 0
178 141 0
179 141 0
302 141 0
303 141 0
304 141 0
305 141 0
306 141 0
307 141 0
308 141 0
310 141 0
298 142 0
299 142 0
300 142 0
301 142 0
302 142 0
303 142 0
304 142 0
305 142 0
306 142 0
307 142 0
180 143 0
181 143 0
182 143 0
293 143 0
296 143 0
297 143 0
298 143 0
299 143 0
300 143 0
301 143 0
303 143 0
304 143 0
181 144 0
182 144 0
183 144 0
184 144 0
291 144 0
293 144 0
294 144 0
295 144 0
296 144 0
297 144 0
299 144 0
300 144 0
301 144 0
184 145 0
185 145 0
286 145 0
287 145 0
289 145 0
290 145 0
291 145 0
292 145 0
293 145 0
294 145 0
295 145 0
296 145 0
297 145 0
299 145 0
185 146 0
213 146 0
214 146 0
215 146 0
216 146 0
278 146 0
280 146 0
282 146 0
283 146 0
284 146 0
285 146 0
286 146 0
287 146 0
288 146 0
289 146 0
290 146 0
291 146 0
292 146 0
293 146 0
294 146 0
187 147 0
268 147 0
272 147 0
275 147 0
276 147 0
277 147 0
278 147 0
279 147 0
280 147 0
281 147 0
282 147 0
283 147 0
284 147 0
285 147 0
286 147 0
287 147 0
288 147 0
289 147 0
291 147 0
292 147 0
189 148 0
213 148 0
214 148 0
216 148 0
217 148 0
218 148 0
219 148 0
221 148 0
270 148 0
271 148 0
272 148 0
273 148 0
274 148 0
275 148 0
276 148 0
277 148 0
278 148 0
279 148 0
280 148 0
281 148 0
283 148 0
285 148 0
286 148 0
189 149 0
218 149 0
219 149 0
220 149 0
221 149 0
222 149 0
261 149 0
263 149 0
265 149 0
266 149 0
267 149 0
268 149 0
269 149 0
270 149 0
271 149 0
272 149 0
273 149 0
274 149 0
275 149 0
276 149 0
277 149 0
278 149 0
279 149 0
282 149 0
283 149 0
219 150 0
221 150 0
222 150 0
223 150 0
224 150 0
259 150 0
260 150 0
261 150 0
262 150 0
263 150 0
264 150 0
265 150 0
266 150 0
267 150 0
268 150 0
269 150 0
270 150 0
271 150 0
272 150 0
273 150 0
276 150 0
278 150 0
220 151 0
221 151 0
222 151 0
224 151 0
225 151 0
252 151 0
253 151 0
255 151 0
256 151 0
257 151 0
258 151 0
259 151 0
260 151 0
261 151 0
262 151 0
263 151 0
264 151 0
265 151 0
266 151 0
267 151 0
268 151 0
269 151 0
271 151 0
223 152 0
224 152 0
225 152 0
226 152 0
242 152 0
243 152 0
245 152 0
246 152 0
247 152 0
248 152 0
249 152 0
250 152 0
251 152 0
252 152 0
253 152 0
254 152 0
255 152 0
256 152 0
257 152 0
258 152 0
259 152 0
260 152 0
261 152 0
262 152 0
263 152 0
264 152 0
265 152 0
225 153 0
226 153 0
227 153 0
238 153 0
239 153 0
241 153 0
242 153 0
243 153 0
244 153 0
245 153 0
246 153 0
247 153 0
248 153 0
249 153 0
250 153 0
251 153 0
252 153 0
253 153 0
254 153 0
255 153 0
256 153 0
257 153 0
258 153 0
259 153 0
260 153 0
234 154 0
235 154 0
236 154 0
237 154 0
238 154 0
239 154 0
240 154 0
241 154 0
242 154 0
243 154 0
244 154 0
245 154 0
246 154 0
247 154 0
248 154 0
249 154 0
250 154 0
251 154 0
252 154 0
253 154 0
232 155 0
233 155 0
234 155 0
235 155 0
236 155 0
237 155 0
238 155 0
239 155 0
240 155 0
241 155 0
242 155 0
243 155 0
245 155 0
227 156 0
228 156 0
229 156 0
232 156 0
233 156 0
234 156 0
235 156 0
236 156 0
225 157 0
226 157 0
227 157 0
228 157 0
229 157 0
232 157 0
233 157 0
234 157 0
225 158 0
226 158 0
227 158 0
228 158 0
231 158 0
232 158 0
189 159 0
225 159 0
226 159 0
227 159 0
230 159 0
231 159 0
225 160 0
226 160 0
229 160 0
230 160 0
186 161 0
224 162 0
228 162 0
186 163 0
224 163 0
224 164 0
225 164 0
183 165 0
224 165 0
222 166 0
174 168 0
169 169 0
170 169 0
171 169 0
172 169 0
164 170 0
165 170 0
167 170 0
168 170 0
169 170 0
170 170 0
171 170 0
172 170 0
173 170 0
174 170 0
160 171 0
161 171 0
162 171 0
163 171 0
164 171 0
165 171 0
166 171 0
167 171 0
168 171 0
169 171 0
170 171 0
171 171 0
172 171 0
157 172 0
158 172 0
159 172 0
160 172 0
161 172 0
162 172 0
163 172 0
164 172 0
165 172 0
166 172 0
167 172 0
168 172 0
169 172 0
170 172 0
171 172 0
154 173 0
155 173 0
156 173 0
157 173 0
158 173 0
159 173 0
160 173 0
161 173 0
162 173 0
163 173 0
164 173 0
165 173 0
166 173 0
167 173 0
168 173 0
169 173 0
155 174 0
156 174 0
157 174 0
158 174 0
159 174 0
160 174 0
161 174 0
162 174 0
163 174 0
164 174 0
165 174 0
155 175 0
156 175 0
157 175 0
158 175 0
146 176 0
148 176 0
149 176 0
150 176 0
141 177 0
142 177 0
143 177 0
145 177 0
146 177 0
147 177 0
148 177 0
149 177 0
150 177 0
140 178 0
144 178 0
135 179 0
136 179 0
137 179 0
139 179 0
142 179 0
134 180 0
135 180 0
136 180 0
138 180 0
140 180 0
132 181 0
138 181 0
167 181 0
134 182 0
166 182 0
168 182 0
170 182 0
131 183 0
169 183 0
156 186 0
157 186 0
158 186 0
159 186 0
160 186 0
161 186 0
162 186 0
163 186 0
164 186 0
166 186 0
167 186 0
168 186 0
169 186 0
148 187 0
149 187 0
150 187 0
151 187 0
152 187 0
153 187 0
154 187 0
155 187 0
156 187 0
157 187 0
158 187 0
159 187 0
171 187 0
139 188 0
141 188 0
143 188 0
144 188 0
145 188 0
146 188 0
147 188 0
148 188 0
149 188 0
150 188 0
151 188 0
152 188 0
153 188 0
155 188 0
198 188 0
138 189 0
139 189 0
140 189 0
141 189 0
142 189 0
143 189 0
144 189 0
145 189 0
131 190 0
132 190 0
133 190 0
134 190 0
135 190 0
136 190 0
137 190 0
138 190 0
139 190 0
140 190 0
131 191 0
132 191 0
133 191 0
134 191 0
135 191 0
136 191 0
137 191 0
138 191 0
191 191 0
298 192 0
235 193 0
237 193 0
246 193 0
253 193 0
257 193 0
235 194 0
236 194 0
237 194 0
238 194 0
239 194 0
244 194 0
248 194 0
249 194 0
251 194 0
252 194 0
255 194 0
256 194 0
257 194 0
258 194 0
262 194 0
284 194 0
177 195 0
231 195 0
236 195 0
237 195 0
238 195 0
239 195 0
240 195 0
241 195 0
242 195 0
243 195 0
244 195 0
245 195 0
246 195 0
247 195 0
248 195 0
249 195 0
250 195 0
251 195 0
252 195 0
254 195 0
260 195 0
261 195 0
170 196 0
176 196 0
236 196 0
237 196 0
238 196 0
239 196 0
240 196 0
241 196 0
242 196 0
243 196 0
244 196 0
245 196 0
246 196 0
247 196 0
248 196 0
249 196 0
250 196 0
251 196 0
252 196 0
254 196 0
256 196 0
257 196 0
260 196 0
261 196 0
262 196 0
268 196 0
174 197 0
232 197 0
237 197 0
238 197 0
239 197 0
240 197 0
241 197 0
242 197 0
243 197 0
244 197 0
245 197 0
247 197 0
249 197 0
250 197 0
251 197 0
252 197 0
254 197 0
255 197 0
256 197 0
257 197 0
258 197 0
262 197 0
267 197 0
275 197 0
290 197 0
172 198 0
238 198 0
239 198 0
241 198 0
242 198 0
243 198 0
257 198 0
262 198 0
264 198 0
265 198 0
266 198 0
267 198 0
277 198 0
282 198 0
152 199 0
170 199 0
224 199 0
267 199 0
269 199 0
273 199 0
274 199 0
277 199 0
282 199 0
296 199 0
301 199 0
223 200 0
224 200 0
276 200 0
285 200 0
287 200 0
294 200 0
299 200 0
301 200 0
156 201 0
291 201 0
298 201 0
299 201 0
306 201 0
311 201 0
318 201 0
319 201 0
322 201 0
179 202 0
220 202 0
232 202 0
233 202 0
306 202 0
308 202 0
310 202 0
312 202 0
317 202 0
322 202 0
333 202 0
339 202 0
162 203 0
165 203 0
176 203 0
231 203 0
336 203 0
176 204 0
177 204 0
178 204 0
179 204 0
211 204 0
218 204 0
172 205 0
173 205 0
174 205 0
175 205 0
176 205 0
177 205 0
211 205 0
216 205 0
217 205 0
230 205 0
159 206 0
160 206 0
170 206 0
172 206 0
173 206 0
174 206 0
228 206 0
229 206 0
169 207 0
170 207 0
171 207 0
172 207 0
215 207 0
216 207 0
217 207 0
151 208 0
182 208 0
213 208 0
214 208 0
215 208 0
216 208 0
159 209 0
168 209 0
169 209 0
212 209 0
214 209 0
215 209 0
218 209 0
146 210 0
147 210 0
183 210 0
184 210 0
186 210 0
211 210 0
213 210 0
214 210 0
215 210 0
216 210 0
132 211 0
149 211 0
151 211 0
153 211 0
181 211 0
182 211 0
185 211 0
186 211 0
187 211 0
210 211 0
211 211 0
212 211 0
213 211 0
216 211 0
141 212 0
150 212 0
163 212 0
164 212 0
181 212 0
183 212 0
184 212 0
185 212 0
186 212 0
187 212 0
191 212 0
193 212 0
208 212 0
209 212 0
210 212 0
211 212 0
212 212 0
213 212 0
214 212 0
215 212 0
216 212 0
145 213 0
147 213 0
148 213 0
163 213 0
164 213 0
179 213 0
180 213 0
181 213 0
182 213 0
183 213 0
184 213 0
185 213 0
208 213 0
210 213 0
211 213 0
212 213 0
213 213 0
214 213 0
215 213 0
141 214 0
142 214 0
143 214 0
162 214 0
173 214 0
179 214 0
181 214 0
182 214 0
183 214 0
192 214 0
206 214 0
207 214 0
208 214 0
209 214 0
210 214 0
211 214 0
212 214 0
213 214 0
214 214 0
139 215 0
140 215 0
141 215 0
159 215 0
160 215 0
161 215 0
162 215 0
174 215 0
175 215 0
178 215 0
179 215 0
180 215 0
181 215 0
182 215 0
190 215 0
191 215 0
204 215 0
205 215 0
206 215 0
207 215 0
208 215 0
209 215 0
210 215 0
211 215 0
137 216 0
138 216 0
139 216 0
140 216 0
141 216 0
158 216 0
159 216 0
160 216 0
172 216 0
174 216 0
176 216 0
177 216 0
178 216 0
179 216 0
180 216 0
187 216 0
188 216 0
189 216 0
191 216 0
202 216 0
204 216 0
205 216 0
206 216 0
207 216 0
208 216 0
209 216 0
210 216 0
134 217 0
136 217 0
137 217 0
138 217 0
139 217 0
140 217 0
156 217 0
157 217 0
158 217 0
159 217 0
160 217 0
174 217 0
175 217 0
177 217 0
178 217 0
187 217 0
188 217 0
189 217 0
190 217 0
200 217 0
201 217 0
203 217 0
204 217 0
205 217 0
206 217 0
207 217 0
134 218 0
135 218 0
136 218 0
137 218 0
138 218 0
139 218 0
154 218 0
155 218 0
156 218 0
157 218 0
158 218 0
172 218 0
173 218 0
174 218 0
175 218 0
176 218 0
177 218 0
186 218 0
187 218 0
188 218 0
189 218 0
198 218 0
199 218 0
201 218 0
202 218 0
203 218 0
204 218 0
205 218 0
206 218 0
134 219 0
135 219 0
136 219 0
137 219 0
138 219 0
153 219 0
154 219 0
155 219 0
169 219 0
170 219 0
171 219 0
172 219 0
173 219 0
174 219 0
175 219 0
176 219 0
186 219 0
187 219 0
188 219 0
189 219 0
199 219 0
200 219 0
201 219 0
202 219 0
203 219 0
204 219 0
133 220 0
134 220 0
135 220 0
136 220 0
151 220 0
152 220 0
153 220 0
154 220 0
168 220 0
169 220 0
170 220 0
171 220 0
172 220 0
173 220 0
174 220 0
175 220 0
185 220 0
186 220 0
187 220 0
188 220 0
194 220 0
195 220 0
197 220 0
199 220 0
200 220 0
201 220 0
202 220 0
148 221 0
149 221 0
150 221 0
151 221 0
152 221 0
153 221 0
161 221 0
162 221 0
163 221 0
164 221 0
166 221 0
167 221 0
168 221 0
169 221 0
170 221 0
171 221 0
172 221 0
173 221 0
174 221 0
183 221 0
184 221 0
185 221 0
186 221 0
194 221 0
197 221 0
198 221 0
199 221 0
200 221 0
201 221 0
149 222 0
150 222 0
151 222 0
162 222 0
163 222 0
164 222 0
165 222 0
166 222 0
167 222 0
168 222 0
169 222 0
170 222 0
171 222 0
172 222 0
184 222 0
185 222 0
186 222 0
193 222 0
196 222 0
197 222 0
198 222 0
199 222 0
200 222 0
201 222 0
147 223 0
148 223 0
149 223 0
160 223 0
162 223 0
163 223 0
164 223 0
165 223 0
166 223 0
167 223 0
168 223 0
169 223 0
170 223 0
183 223 0
184 223 0
185 223 0
193 223 0
194 223 0
195 223 0
196 223 0
197 223 0
198 223 0
199 223 0
145 224 0
146 224 0
147 224 0
148 224 0
157 224 0
158 224 0
159 224 0
161 224 0
163 224 0
164 224 0
165 224 0
166 224 0
167 224 0
168 224 0
169 224 0
182 224 0
183 224 0
184 224 0
185 224 0
191 224 0
192 224 0
194 224 0
195 224 0
196 224 0
197 224 0
198 224 0
199 224 0
143 225 0
144 225 0
145 225 0
146 225 0
147 225 0
158 225 0
159 225 0
160 225 0
161 225 0
162 225 0
163 225 0
164 225 0
165 225 0
182 225 0
183 225 0
184 225 0
188 225 0
192 225 0
193 225 0
194 225 0
195 225 0
196 225 0
197 225 0
198 225 0
143 226 0
144 226 0
145 226 0
146 226 0
153 226 0
154 226 0
156 226 0
157 226 0
158 226 0
159 226 0
160 226 0
161 226 0
162 226 0
163 226 0
164 226 0
180 226 0
181 226 0
182 226 0
183 226 0
188 226 0
190 226 0
191 226 0
193 226 0
194 226 0
195 226 0
196 226 0
152 227 0
154 227 0
156 227 0
157 227 0
158 227 0
159 227 0
160 227 0
161 227 0
178 227 0
180 227 0
181 227 0
182 227 0
183 227 0
192 227 0
193 227 0
194 227 0
195 227 0
150 228 0
153 228 0
154 228 0
155 228 0
156 228 0
157 228 0
158 228 0
159 228 0
180 228 0
181 228 0
182 228 0
191 228 0
192 228 0
193 228 0
194 228 0
195 228 0
148 229 0
149 229 0
150 229 0
151 229 0
152 229 0
153 229 0
154 229 0
155 229 0
156 229 0
157 229 0
178 229 0
179 229 0
180 229 0
181 229 0
182 229 0
188 229 0
189 229 0
190 229 0
191 229 0
192 229 0
193 229 0
194 229 0
145 230 0
149 230 0
150 230 0
152 230 0
153 230 0
154 230 0
155 230 0
178 230 0
179 230 0
180 230 0
181 230 0
188 230 0
190 230 0
191 230 0
192 230 0
193 230 0
194 230 0
144 231 0
146 231 0
147 231 0
148 231 0
149 231 0
150 231 0
151 231 0
152 231 0
153 231 0
154 231 0
155 231 0
176 231 0
177 231 0
178 231 0
179 231 0
180 231 0
181 231 0
188 231 0
189 231 0
190 231 0
191 231 0
192 231 0
193 231 0
145 232 0
146 232 0
147 232 0
148 232 0
149 232 0
150 232 0
151 232 0
152 232 0
176 232 0
177 232 0
178 232 0
179 232 0
180 232 0
187 232 0
188 232 0
189 232 0
190 232 0
191 232 0
192 232 0
145 233 0
146 233 0
147 233 0
148 233 0
149 233 0
150 233 0
151 233 0
174 233 0
175 233 0
176 233 0
177 233 0
178 233 0
179 233 0
186 233 0
187 233 0
188 233 0
189 233 0
190 233 0
191 233 0
147 234 0
148 234 0
149 234 0
172 234 0
173 234 0
174 234 0
175 234 0
176 234 0
177 234 0
178 234 0
185 234 0
186 234 0
187 234 0
188 234 0
189 234 0
190 234 0
191 234 0
173 235 0
174 235 0
175 235 0
176 235 0
177 235 0
184 235 0
185 235 0
186 235 0
187 235 0
188 235 0
189 235 0
172 236 0
173 236 0
174 236 0
175 236 0
176 236 0
182 236 0
183 236 0
184 236 0
185 236 0
186 236 0
187 236 0
188 236 0
189 236 0
170 237 0
171 237 0
172 237 0
173 237 0
174 237 0
175 237 0
182 237 0
183 237 0
184 237 0
185 237 0
186 237 0
187 237 0
188 237 0
170 238 0
171 238 0
172 238 0
173 238 0
174 238 0
181 238 0
182 238 0
183 238 0
184 238 0
185 238 0
186 238 0
187 238 0
171 239 0
172 239 0
173 239 0
178 239 0
179 239 0
180 239 0
181 239 0
182 239 0
183 239 0
184 239 0
185 239 0
186 239 0
171 240 0
172 240 0
178 240 0
180 240 0
181 240 0
182 240 0
183 240 0
184 240 0
185 240 0
177 241 0
178 241 0
179 241 0
180 241 0
181 241 0
182 241 0
183 241 0
184 241 0
175 242 0
176 242 0
177 242 0
178 242 0
179 242 0
180 242 0
181 242 0
182 242 0
183 242 0
171 243 0
173 243 0
174 243 0
176 243 0
177 243 0
178 243 0
179 243 0
180 243 0
181 243 0
173 244 0
174 244 0
175 244 0
176 244 0
177 244 0
178 244 0
179 244 0
180 244 0
172 245 0
173 245 0
174 245 0
175 245 0
176 245 0
177 245 0
178 245 0
179 245 0
173 246 0
174 246 0
175 246 0
176 246 0
177 246 0
175 247 0
269 1 1
270 1 1
245 2 1
254 2 1
258 2 1
270 2 1
271 2 1
255 3 1
256 3 1
257 3 1
258 3 1
270 3 1
271 3 1
272 3 1
247 4 1
256 4 1
257 4 1
258 4 1
259 4 1
270 4 1
271 4 1
272 4 1
257 5 1
258 5 1
259 5 1
271 5 1
272 5 1
273 6 1
274 6 1
232 7 1
258 7 1
259 7 1
273 7 1
274 7 1
262 8 1
273 8 1
274 8 1
261 9 1
273 9 1
275 9 1
276 9 1
263 11 1
261 12 1
262 12 1
277 12 1
278 12 1
264 15 1
