294 2 0
243 3 0
294 3 0
282 6 0
283 6 0
284 7 0
285 7 0
285 8 0
286 8 0
287 8 0
228 12 0
231 12 0
252 12 0
237 20 0
236 21 0
219 22 0
219 23 0
220 23 0
221 23 0
240 23 0
244 23 0
220 24 0
221 24 0
222 24 0
240 24 0
241 24 0
219 25 0
222 25 0
223 25 0
223 26 0
230 27 0
232 29 0
239 31 0
245 34 0
343 34 0
344 34 0
246 39 0
249 39 0
241 40 0
247 40 0
248 40 0
253 40 0
247 41 0
248 41 0
247 42 0
248 42 0
249 42 0
250 42 0
248 43 0
249 43 0
250 43 0
251 43 0
304 43 0
242 44 0
248 44 0
249 44 0
250 44 0
251 44 0
252 44 0
242 45 0
251 45 0
252 45 0
253 45 0
254 45 0
305 45 0
251 46 0
252 46 0
253 46 0
254 46 0
253 47 0
254 47 0
255 47 0
253 48 0
255 48 0
256 48 0
252 49 0
254 49 0
255 49 0
256 49 0
257 49 0
258 49 0
256 50 0
258 50 0
306 50 0
256 51 0
258 51 0
259 51 0
260 51 0
258 52 0
259 52 0
260 52 0
261 52 0
262 52 0
308 52 0
259 53 0
260 53 0
261 53 0
261 54 0
264 54 0
262 55 0
264 55 0
310 56 0
248 57 0
311 58 0
311 59 0
313 61 0
314 61 0
314 62 0
314 63 0
267 65 0
316 65 0
275 66 0
276 66 0
277 68 0
318 68 0
278 69 0
278 70 0
278 71 0
280 72 0
280 73 0
320 74 0
282 76 0
281 77 0
323 77 0
282 79 0
259 86 0
261 87 0
262 87 0
331 87 0
333 89 0
288 91 0
338 94 0
342 98 0
292 100 0
299 112 0
296 113 0
175 131 0
176 131 0
176 132 0
169 133 0
177 133 0
180 133 0
169 134 0
182 135 0
183 135 0
182 136 0
183 136 0
184 136 0
172 137 0
170 138 0
171 138 0
172 138 0
170 139 0
171 139 0
172 139 0
188 139 0
170 140 0
171 140 0
174 140 0
192 140 0
317 140 0
170 141 0
171 141 0
172 141 0
191 141 0
313 141 0
314 141 0
170 142 0
171 142 0
172 142 0
173 142 0
175 142 0
303 142 0
307 142 0
310 142 0
311 142 0
312 142 0
313 142 0
314 142 0
171 143 0
172 143 0
173 143 0
174 143 0
200 143 0
203 143 0
309 143 0
310 143 0
312 143 0
313 143 0
172 144 0
173 144 0
174 144 0
175 144 0
176 144 0
306 144 0
307 144 0
308 144 0
309 144 0
310 144 0
311 144 0
312 144 0
313 144 0
173 145 0
304 145 0
305 145 0
306 145 0
307 145 0
308 145 0
310 145 0
298 146 0
301 146 0
302 146 0
303 146 0
304 146 0
305 146 0
306 146 0
308 146 0
293 147 0
297 147 0
298 147 0
299 147 0
301 147 0
303 147 0
304 147 0
305 147 0
294 148 0
295 148 0
296 148 0
297 148 0
298 148 0
299 148 0
300 148 0
179 149 0
181 149 0
289 149 0
290 149 0
291 149 0
293 149 0
294 149 0
297 149 0
298 149 0
181 150 0
182 150 0
183 150 0
184 150 0
285 150 0
286 150 0
288 150 0
290 150 0
291 150 0
292 150 0
294 150 0
295 150 0
297 150 0
182 151 0
183 151 0
184 151 0
281 151 0
282 151 0
283 151 0
284 151 0
285 151 0
286 151 0
288 151 0
289 151 0
290 151 0
294 151 0
183 152 0
184 152 0
267 152 0
276 152 0
278 152 0
279 152 0
280 152 0
281 152 0
282 152 0
283 152 0
284 152 0
285 152 0
287 152 0
288 152 0
217 153 0
268 153 0
269 153 0
271 153 0
272 153 0
273 153 0
274 153 0
275 153 0
276 153 0
277 153 0
278 153 0
279 153 0
280 153 0
281 153 0
283 153 0
285 153 0
186 154 0
187 154 0
215 154 0
220 154 0
262 154 0
265 154 0
267 154 0
268 154 0
269 154 0
270 154 0
271 154 0
272 154 0
273 154 0
274 154 0
275 154 0
276 154 0
278 154 0
281 154 0
283 154 0
188 155 0
219 155 0
220 155 0
261 155 0
263 155 0
264 155 0
265 155 0
266 155 0
267 155 0
268 155 0
269 155 0
270 155 0
271 155 0
272 155 0
273 155 0
274 155 0
275 155 0
276 155 0
277 155 0
221 156 0
222 156 0
223 156 0
253 156 0
254 156 0
256 156 0
257 156 0
258 156 0
259 156 0
260 156 0
261 156 0
262 156 0
263 156 0
264 156 0
265 156 0
266 156 0
267 156 0
268 156 0
269 156 0
271 156 0
223 157 0
224 157 0
250 157 0
251 157 0
252 157 0
253 157 0
254 157 0
255 157 0
256 157 0
257 157 0
258 157 0
259 157 0
260 157 0
261 157 0
262 157 0
263 157 0
264 157 0
265 157 0
222 158 0
224 158 0
225 158 0
226 158 0
242 158 0
243 158 0
244 158 0
245 158 0
246 158 0
247 158 0
248 158 0
249 158 0
250 158 0
251 158 0
252 158 0
253 158 0
254 158 0
255 158 0
256 158 0
257 158 0
258 158 0
259 158 0
260 158 0
261 158 0
263 158 0
225 159 0
226 159 0
237 159 0
238 159 0
239 159 0
240 159 0
241 159 0
242 159 0
243 159 0
244 159 0
245 159 0
246 159 0
247 159 0
248 159 0
249 159 0
250 159 0
251 159 0
252 159 0
253 159 0
254 159 0
255 159 0
256 159 0
234 160 0
235 160 0
236 160 0
237 160 0
238 160 0
239 160 0
240 160 0
241 160 0
242 160 0
243 160 0
244 160 0
245 160 0
247 160 0
248 160 0
249 160 0
250 160 0
233 161 0
234 161 0
235 161 0
236 161 0
237 161 0
238 161 0
239 161 0
240 161 0
241 161 0
242 161 0
229 162 0
231 162 0
232 162 0
233 162 0
234 162 0
235 162 0
236 162 0
237 162 0
226 163 0
227 163 0
228 163 0
231 163 0
232 163 0
233 163 0
234 163 0
224 164 0
226 164 0
227 164 0
228 164 0
230 164 0
231 164 0
232 164 0
233 164 0
226 165 0
227 165 0
231 165 0
226 166 0
227 166 0
189 167 0
226 167 0
224 168 0
225 168 0
229 168 0
225 169 0
226 171 0
227 171 0
182 173 0
182 174 0
180 175 0
181 175 0
174 176 0
175 176 0
176 176 0
177 176 0
178 176 0
179 176 0
171 177 0
172 177 0
173 177 0
174 177 0
175 177 0
177 177 0
178 177 0
163 178 0
164 178 0
165 178 0
166 178 0
167 178 0
168 178 0
169 178 0
170 178 0
171 178 0
172 178 0
173 178 0
174 178 0
175 178 0
162 179 0
163 179 0
164 179 0
165 179 0
166 179 0
167 179 0
168 179 0
169 179 0
170 179 0
171 179 0
172 179 0
173 179 0
163 180 0
164 180 0
165 180 0
166 180 0
167 180 0
168 180 0
169 180 0
170 180 0
171 180 0
159 181 0
163 181 0
164 181 0
165 181 0
166 181 0
167 181 0
154 182 0
155 182 0
156 182 0
153 183 0
149 184 0
150 184 0
151 184 0
152 184 0
141 186 0
146 186 0
140 187 0
141 187 0
143 187 0
144 187 0
138 188 0
135 189 0
136 189 0
162 189 0
131 190 0
133 190 0
134 190 0
135 190 0
151 190 0
159 190 0
161 190 0
147 191 0
130 192 0
131 192 0
207 192 0
161 193 0
163 193 0
165 193 0
160 194 0
161 194 0
162 194 0
163 194 0
167 194 0
148 195 0
150 195 0
152 195 0
153 195 0
154 195 0
155 195 0
156 195 0
157 195 0
158 195 0
159 195 0
160 195 0
145 196 0
146 196 0
147 196 0
148 196 0
149 196 0
150 196 0
156 196 0
157 196 0
262 196 0
141 197 0
142 197 0
143 197 0
144 197 0
148 197 0
139 198 0
140 198 0
141 198 0
142 198 0
143 198 0
250 198 0
132 199 0
133 199 0
134 199 0
135 199 0
136 199 0
137 199 0
138 199 0
139 199 0
239 199 0
245 199 0
249 199 0
253 199 0
259 199 0
275 199 0
236 200 0
237 200 0
239 200 0
241 200 0
242 200 0
245 200 0
249 200 0
252 200 0
253 200 0
256 200 0
259 200 0
237 201 0
238 201 0
239 201 0
240 201 0
241 201 0
242 201 0
243 201 0
244 201 0
245 201 0
246 201 0
247 201 0
248 201 0
249 201 0
251 201 0
252 201 0
253 201 0
255 201 0
256 201 0
259 201 0
264 201 0
269 201 0
272 201 0
237 202 0
238 202 0
239 202 0
240 202 0
241 202 0
242 202 0
243 202 0
244 202 0
245 202 0
246 202 0
247 202 0
248 202 0
249 202 0
250 202 0
251 202 0
253 202 0
254 202 0
255 202 0
256 202 0
258 202 0
259 202 0
261 202 0
263 202 0
264 202 0
274 202 0
237 203 0
238 203 0
239 203 0
240 203 0
241 203 0
242 203 0
243 203 0
244 203 0
245 203 0
246 203 0
247 203 0
248 203 0
249 203 0
250 203 0
252 203 0
254 203 0
255 203 0
256 203 0
257 203 0
260 203 0
266 203 0
268 203 0
269 203 0
270 203 0
271 203 0
272 203 0
276 203 0
277 203 0
280 203 0
294 203 0
295 203 0
178 204 0
224 204 0
240 204 0
241 204 0
242 204 0
244 204 0
245 204 0
247 204 0
259 204 0
262 204 0
263 204 0
264 204 0
265 204 0
267 204 0
268 204 0
270 204 0
272 204 0
275 204 0
277 204 0
279 204 0
286 204 0
294 204 0
295 204 0
326 204 0
338 204 0
167 205 0
173 205 0
238 205 0
268 205 0
270 205 0
272 205 0
274 205 0
275 205 0
276 205 0
278 205 0
281 205 0
282 205 0
285 205 0
286 205 0
291 205 0
293 205 0
294 205 0
304 205 0
307 205 0
312 205 0
326 205 0
228 206 0
232 206 0
233 206 0
290 206 0
297 206 0
301 206 0
304 206 0
307 206 0
310 206 0
311 206 0
317 206 0
326 206 0
329 206 0
331 206 0
171 207 0
231 207 0
232 207 0
233 207 0
234 207 0
235 207 0
236 207 0
309 207 0
316 207 0
322 207 0
163 208 0
232 208 0
233 208 0
234 208 0
235 208 0
236 208 0
169 209 0
174 209 0
223 209 0
231 209 0
232 209 0
233 209 0
234 209 0
235 209 0
148 210 0
149 210 0
169 210 0
218 210 0
220 210 0
231 210 0
232 210 0
233 210 0
144 211 0
145 211 0
167 211 0
168 211 0
170 211 0
171 211 0
179 211 0
180 211 0
181 211 0
229 211 0
230 211 0
231 211 0
232 211 0
170 212 0
176 212 0
177 212 0
178 212 0
179 212 0
217 212 0
219 212 0
228 212 0
229 212 0
230 212 0
231 212 0
232 212 0
143 213 0
144 213 0
145 213 0
175 213 0
176 213 0
177 213 0
178 213 0
188 213 0
217 213 0
227 213 0
228 213 0
142 214 0
143 214 0
161 214 0
172 214 0
173 214 0
174 214 0
175 214 0
176 214 0
217 214 0
218 214 0
228 214 0
139 215 0
140 215 0
160 215 0
171 215 0
172 215 0
173 215 0
174 215 0
175 215 0
184 215 0
215 215 0
217 215 0
219 215 0
221 215 0
222 215 0
137 216 0
138 216 0
139 216 0
140 216 0
169 216 0
170 216 0
171 216 0
172 216 0
173 216 0
174 216 0
183 216 0
188 216 0
189 216 0
211 216 0
212 216 0
213 216 0
216 216 0
217 216 0
219 216 0
220 216 0
221 216 0
222 216 0
223 216 0
135 217 0
137 217 0
138 217 0
169 217 0
170 217 0
171 217 0
185 217 0
190 217 0
214 217 0
215 217 0
216 217 0
217 217 0
219 217 0
220 217 0
221 217 0
222 217 0
135 218 0
136 218 0
137 218 0
156 218 0
167 218 0
168 218 0
169 218 0
170 218 0
186 218 0
187 218 0
189 218 0
190 218 0
211 218 0
213 218 0
214 218 0
215 218 0
216 218 0
217 218 0
218 218 0
219 218 0
220 218 0
221 218 0
134 219 0
135 219 0
136 219 0
145 219 0
146 219 0
148 219 0
151 219 0
152 219 0
153 219 0
154 219 0
155 219 0
165 219 0
166 219 0
167 219 0
168 219 0
181 219 0
183 219 0
185 219 0
186 219 0
187 219 0
188 219 0
189 219 0
204 219 0
211 219 0
212 219 0
213 219 0
214 219 0
215 219 0
216 219 0
217 219 0
218 219 0
134 220 0
135 220 0
145 220 0
150 220 0
151 220 0
153 220 0
164 220 0
165 220 0
166 220 0
167 220 0
175 220 0
179 220 0
183 220 0
184 220 0
185 220 0
186 220 0
187 220 0
188 220 0
194 220 0
210 220 0
211 220 0
212 220 0
213 220 0
214 220 0
215 220 0
216 220 0
217 220 0
141 221 0
150 221 0
151 221 0
152 221 0
163 221 0
164 221 0
165 221 0
166 221 0
183 221 0
184 221 0
185 221 0
186 221 0
187 221 0
192 221 0
194 221 0
208 221 0
209 221 0
210 221 0
211 221 0
212 221 0
213 221 0
214 221 0
215 221 0
144 222 0
150 222 0
161 222 0
162 222 0
163 222 0
164 222 0
165 222 0
178 222 0
179 222 0
180 222 0
181 222 0
182 222 0
183 222 0
184 222 0
185 222 0
191 222 0
192 222 0
206 222 0
207 222 0
208 222 0
209 222 0
210 222 0
211 222 0
212 222 0
213 222 0
137 223 0
138 223 0
139 223 0
142 223 0
145 223 0
160 223 0
161 223 0
162 223 0
163 223 0
164 223 0
176 223 0
180 223 0
181 223 0
182 223 0
183 223 0
190 223 0
191 223 0
193 223 0
206 223 0
207 223 0
208 223 0
209 223 0
210 223 0
211 223 0
139 224 0
143 224 0
144 224 0
159 224 0
160 224 0
161 224 0
162 224 0
163 224 0
176 224 0
177 224 0
179 224 0
180 224 0
181 224 0
182 224 0
183 224 0
189 224 0
190 224 0
191 224 0
192 224 0
203 224 0
204 224 0
205 224 0
206 224 0
207 224 0
208 224 0
209 224 0
210 224 0
138 225 0
140 225 0
142 225 0
143 225 0
157 225 0
158 225 0
159 225 0
160 225 0
161 225 0
174 225 0
175 225 0
176 225 0
177 225 0
178 225 0
179 225 0
180 225 0
189 225 0
190 225 0
191 225 0
192 225 0
202 225 0
203 225 0
204 225 0
205 225 0
206 225 0
207 225 0
208 225 0
209 225 0
133 226 0
136 226 0
137 226 0
138 226 0
140 226 0
141 226 0
157 226 0
158 226 0
159 226 0
160 226 0
173 226 0
174 226 0
175 226 0
176 226 0
177 226 0
178 226 0
179 226 0
180 226 0
188 226 0
189 226 0
190 226 0
191 226 0
192 226 0
199 226 0
202 226 0
203 226 0
204 226 0
205 226 0
206 226 0
207 226 0
208 226 0
209 226 0
134 227 0
135 227 0
136 227 0
137 227 0
138 227 0
139 227 0
153 227 0
155 227 0
156 227 0
157 227 0
158 227 0
168 227 0
170 227 0
171 227 0
172 227 0
173 227 0
174 227 0
175 227 0
176 227 0
177 227 0
178 227 0
186 227 0
188 227 0
189 227 0
190 227 0
201 227 0
202 227 0
203 227 0
204 227 0
205 227 0
206 227 0
135 228 0
136 228 0
137 228 0
138 228 0
152 228 0
153 228 0
154 228 0
155 228 0
156 228 0
157 228 0
165 228 0
166 228 0
167 228 0
170 228 0
172 228 0
173 228 0
174 228 0
175 228 0
176 228 0
177 228 0
187 228 0
188 228 0
189 228 0
190 228 0
198 228 0
200 228 0
201 228 0
202 228 0
203 228 0
204 228 0
135 229 0
136 229 0
151 229 0
152 229 0
153 229 0
154 229 0
155 229 0
163 229 0
164 229 0
168 229 0
169 229 0
170 229 0
171 229 0
172 229 0
173 229 0
174 229 0
175 229 0
176 229 0
186 229 0
187 229 0
188 229 0
189 229 0
195 229 0
197 229 0
198 229 0
199 229 0
200 229 0
201 229 0
202 229 0
203 229 0
150 230 0
151 230 0
152 230 0
153 230 0
154 230 0
162 230 0
164 230 0
165 230 0
166 230 0
167 230 0
168 230 0
169 230 0
170 230 0
171 230 0
172 230 0
173 230 0
174 230 0
175 230 0
185 230 0
186 230 0
187 230 0
188 230 0
194 230 0
195 230 0
197 230 0
198 230 0
199 230 0
200 230 0
201 230 0
202 230 0
148 231 0
149 231 0
150 231 0
151 231 0
152 231 0
153 231 0
161 231 0
163 231 0
164 231 0
165 231 0
166 231 0
167 231 0
168 231 0
169 231 0
170 231 0
171 231 0
172 231 0
173 231 0
184 231 0
185 231 0
186 231 0
187 231 0
197 231 0
198 231 0
199 231 0
200 231 0
201 231 0
145 232 0
147 232 0
148 232 0
149 232 0
150 232 0
163 232 0
164 232 0
165 232 0
166 232 0
167 232 0
168 232 0
169 232 0
170 232 0
184 232 0
185 232 0
186 232 0
187 232 0
196 232 0
197 232 0
198 232 0
199 232 0
200 232 0
147 233 0
148 233 0
149 233 0
159 233 0
160 233 0
162 233 0
163 233 0
164 233 0
165 233 0
166 233 0
167 233 0
168 233 0
169 233 0
184 233 0
185 233 0
186 233 0
195 233 0
196 233 0
197 233 0
198 233 0
199 233 0
200 233 0
146 234 0
147 234 0
148 234 0
149 234 0
153 234 0
159 234 0
161 234 0
162 234 0
163 234 0
164 234 0
165 234 0
166 234 0
182 234 0
183 234 0
184 234 0
185 234 0
186 234 0
194 234 0
195 234 0
196 234 0
197 234 0
198 234 0
199 234 0
146 235 0
147 235 0
155 235 0
156 235 0
157 235 0
158 235 0
159 235 0
160 235 0
161 235 0
162 235 0
163 235 0
164 235 0
182 235 0
183 235 0
184 235 0
185 235 0
193 235 0
194 235 0
195 235 0
196 235 0
197 235 0
198 235 0
154 236 0
155 236 0
156 236 0
157 236 0
158 236 0
159 236 0
160 236 0
161 236 0
162 236 0
163 236 0
181 236 0
182 236 0
183 236 0
184 236 0
185 236 0
191 236 0
193 236 0
194 236 0
195 236 0
196 236 0
197 236 0
152 237 0
153 237 0
154 237 0
155 237 0
156 237 0
157 237 0
158 237 0
159 237 0
160 237 0
161 237 0
181 237 0
182 237 0
183 237 0
184 237 0
192 237 0
193 237 0
194 237 0
195 237 0
196 237 0
150 238 0
151 238 0
153 238 0
154 238 0
155 238 0
156 238 0
157 238 0
158 238 0
159 238 0
160 238 0
178 238 0
179 238 0
180 238 0
181 238 0
182 238 0
183 238 0
191 238 0
192 238 0
193 238 0
194 238 0
195 238 0
148 239 0
149 239 0
150 239 0
151 239 0
152 239 0
154 239 0
155 239 0
156 239 0
157 239 0
158 239 0
159 239 0
178 239 0
179 239 0
180 239 0
181 239 0
182 239 0
183 239 0
189 239 0
190 239 0
191 239 0
192 239 0
193 239 0
194 239 0
195 239 0
147 240 0
148 240 0
149 240 0
150 240 0
151 240 0
152 240 0
153 240 0
154 240 0
155 240 0
156 240 0
157 240 0
178 240 0
179 240 0
180 240 0
181 240 0
187 240 0
189 240 0
190 240 0
191 240 0
192 240 0
193 240 0
194 240 0
147 241 0
148 241 0
149 241 0
150 241 0
151 241 0
152 241 0
153 241 0
154 241 0
155 241 0
156 241 0
177 241 0
178 241 0
179 241 0
180 241 0
181 241 0
187 241 0
188 241 0
189 241 0
190 241 0
191 241 0
192 241 0
193 241 0
148 242 0
149 242 0
150 242 0
151 242 0
152 242 0
153 242 0
154 242 0
175 242 0
176 242 0
177 242 0
178 242 0
179 242 0
180 242 0
185 242 0
187 242 0
188 242 0
189 242 0
190 242 0
191 242 0
192 242 0
193 242 0
151 243 0
152 243 0
175 243 0
176 243 0
177 243 0
178 243 0
179 243 0
185 243 0
186 243 0
187 243 0
188 243 0
189 243 0
190 243 0
191 243 0
192 243 0
174 244 0
175 244 0
176 244 0
177 244 0
178 244 0
183 244 0
185 244 0
186 244 0
187 244 0
188 244 0
189 244 0
190 244 0
191 244 0
174 245 0
175 245 0
176 245 0
177 245 0
184 245 0
185 245 0
186 245 0
187 245 0
188 245 0
189 245 0
190 245 0
174 246 0
175 246 0
176 246 0
182 246 0
184 246 0
185 246 0
186 246 0
187 246 0
188 246 0
189 246 0
173 247 0
174 247 0
175 247 0
176 247 0
183 247 0
184 247 0
185 247 0
186 247 0
187 247 0
188 247 0
174 248 0
175 248 0
181 248 0
182 248 0
183 248 0
184 248 0
185 248 0
186 248 0
187 248 0
173 249 0
174 249 0
180 249 0
181 249 0
182 249 0
183 249 0
184 249 0
185 249 0
186 249 0
180 250 0
181 250 0
182 250 0
183 250 0
184 250 0
185 250 0
177 251 0
178 251 0
179 251 0
180 251 0
181 251 0
182 251 0
183 251 0
184 251 0
175 252 0
176 252 0
177 252 0
178 252 0
179 252 0
180 252 0
181 252 0
182 252 0
183 252 0
175 253 0
176 253 0
177 253 0
178 253 0
179 253 0
180 253 0
181 253 0
182 253 0
175 254 0
176 254 0
177 254 0
178 254 0
179 254 0
180 254 0
179 255 0
279 257 0
276 1 1
253 2 1
254 2 1
261 2 1
262 2 1
263 2 1
264 2 1
276 2 1
253 3 1
254 3 1
261 3 1
262 3 1
266 3 1
275 3 1
276 3 1
277 3 1
244 4 1
255 4 1
256 4 1
262 4 1
264 4 1
276 4 1
277 4 1
278 4 1
279 4 1
255 5 1
257 5 1
258 5 1
262 5 1
263 5 1
264 5 1
278 5 1
256 6 1
257 6 1
258 6 1
264 6 1
279 6 1
280 6 1
281 6 1
257 7 1
258 7 1
259 7 1
264 7 1
278 7 1
280 7 1
281 7 1
257 8 1
258 8 1
259 8 1
260 8 1
282 8 1
260 9 1
282 9 1
261 10 1
283 11 1
