96 102 0
213 126 0
302 128 0
99 151 0
208 151 0
49 179 0
56 180 0
318 220 0
269 318 0
269 319 0
270 320 0
51 322 0
285 324 0
32 332 0
10 336 0
50 337 0
72 338 0
262 340 0
263 340 0
58 343 0
262 344 0
270 344 0
285 345 0
184 348 0
184 356 0
184 361 0
276 373 0
185 374 0
185 377 0
279 382 0
266 387 0
286 392 0
286 399 0
272 403 0
125 24 1
120 35 1
122 54 1
127 60 1
128 61 1
235 100 1
280 106 1
240 107 1
490 132 1
412 137 1
381 142 1
380 144 1
334 148 1
380 148 1
380 157 1
423 165 1
423 167 1
315 176 1
480 177 1
98 345 1
637 375 1
392 158 2
383 172 2
394 172 2
