77 133 0
307 149 0
202 163 0
202 166 0
202 168 0
28 176 0
2 297 0
2 304 0
271 318 0
4 323 0
52 325 0
46 329 0
62 329 0
271 329 0
272 330 0
273 330 0
56 331 0
83 336 0
47 341 0
85 345 0
276 408 0
235 416 0
569 131 1
299 172 1
573 178 1
608 259 1
113 49 2
264 93 2
227 106 2
116 114 2
227 119 2
157 127 2
369 138 2
322 141 2
369 141 2
287 146 2
322 149 2
174 150 2
202 153 2
204 155 2
126 159 2
107 186 2
31 339 2
249 342 2
250 342 2
273 352 2
172 354 2
172 355 2
258 357 2
173 361 2
173 369 2
272 369 2
258 372 2
259 378 2
252 383 2
273 385 2
251 397 2
