401 102 0
317 105 0
329 105 0
330 105 0
340 105 0
345 105 0
301 106 0
310 106 0
357 107 0
345 108 0
240 109 0
243 109 0
305 138 0
331 187 0
91 301 0
282 308 0
303 309 0
304 309 0
317 310 0
252 312 0
348 312 0
288 315 0
391 323 0
400 323 0
399 324 0
126 325 0
133 326 0
42 363 0
74 406 0
429 175 1
549 96 2
511 97 2
492 98 2
423 101 2
430 101 2
617 111 2
306 138 2
620 176 2
546 183 2
469 198 2
560 200 2
470 207 2
471 207 2
230 42 3
247 108 3
248 108 3
254 108 3
220 109 3
366 160 3
365 161 3
339 188 3
341 190 3
