603 17 0
604 17 0
605 18 0
610 106 0
36 116 0
440 130 0
303 142 0
312 178 0
356 181 0
312 189 0
319 190 0
321 190 0
40 191 0
311 191 0
316 191 0
336 196 0
354 233 0
186 250 0
609 270 0
35 344 0
11 345 0
620 11 1
620 12 1
624 12 1
625 12 1
632 12 1
617 14 1
621 14 1
622 14 1
627 14 1
608 15 1
612 15 1
617 15 1
618 15 1
622 15 1
625 15 1
620 16 1
624 16 1
618 17 1
624 17 1
630 17 1
615 19 1
616 19 1
633 19 1
613 20 1
615 20 1
616 20 1
611 22 1
613 22 1
618 22 1
610 23 1
616 23 1
340 181 1
339 184 1
342 185 1
330 186 1
330 187 1
349 187 1
333 189 1
349 189 1
349 192 1
325 195 1
