2 2 0
3 2 0
4 2 0
122 2 0
138 2 0
1 3 0
2 3 0
3 3 0
133 3 0
138 3 0
169 3 0
58 4 0
122 4 0
168 4 0
72 5 0
8 6 0
146 6 0
147 6 0
150 6 0
171 6 0
160 7 0
162 7 0
148 8 0
122 9 0
119 10 0
164 10 0
168 10 0
112 11 0
130 11 0
5 12 0
6 12 0
7 12 0
8 12 0
9 12 0
124 12 0
126 12 0
128 12 0
146 12 0
10 13 0
110 13 0
112 13 0
122 13 0
182 13 0
2 14 0
3 14 0
54 14 0
127 14 0
128 14 0
150 14 0
1 15 0
2 15 0
3 15 0
5 15 0
6 15 0
1 16 0
2 16 0
3 16 0
4 16 0
5 16 0
6 16 0
130 16 0
3 17 0
4 17 0
80 17 0
96 17 0
132 17 0
142 17 0
99 18 0
109 18 0
110 18 0
122 18 0
124 18 0
170 18 0
117 19 0
138 19 0
139 19 0
161 19 0
128 20 0
138 20 0
142 20 0
9 21 0
86 21 0
104 21 0
152 21 0
153 21 0
107 22 0
167 22 0
11 23 0
40 23 0
110 23 0
115 23 0
119 23 0
122 23 0
140 23 0
11 24 0
80 24 0
112 24 0
117 24 0
122 24 0
130 24 0
131 24 0
152 24 0
80 25 0
98 25 0
109 25 0
112 25 0
115 25 0
120 25 0
130 25 0
2 26 0
4 26 0
12 26 0
85 26 0
97 26 0
109 26 0
113 26 0
116 26 0
133 26 0
140 26 0
142 26 0
171 26 0
96 27 0
100 27 0
113 27 0
115 27 0
130 27 0
162 27 0
2 28 0
26 28 0
108 28 0
117 28 0
118 28 0
122 28 0
128 28 0
130 28 0
109 29 0
112 29 0
113 29 0
118 29 0
122 29 0
128 29 0
129 29 0
130 29 0
143 29 0
128 30 0
130 30 0
81 31 0
95 31 0
98 31 0
105 31 0
108 31 0
110 31 0
126 31 0
140 31 0
141 31 0
142 31 0
159 31 0
62 32 0
95 32 0
96 32 0
102 32 0
125 32 0
128 32 0
132 32 0
140 32 0
141 32 0
172 32 0
28 33 0
105 33 0
111 33 0
115 33 0
128 33 0
134 33 0
170 33 0
186 33 0
12 34 0
60 34 0
84 34 0
118 34 0
122 34 0
131 34 0
132 34 0
134 34 0
140 34 0
142 34 0
152 34 0
156 34 0
106 35 0
115 35 0
133 35 0
160 35 0
106 36 0
108 36 0
117 36 0
118 36 0
126 36 0
140 36 0
141 36 0
10 37 0
84 37 0
97 37 0
111 37 0
116 37 0
118 37 0
120 37 0
125 37 0
126 37 0
134 37 0
136 37 0
140 37 0
141 37 0
167 37 0
8 38 0
9 38 0
10 38 0
78 38 0
102 38 0
103 38 0
111 38 0
118 38 0
120 38 0
132 38 0
140 38 0
10 39 0
11 39 0
15 39 0
84 39 0
86 39 0
98 39 0
122 39 0
124 39 0
138 39 0
140 39 0
170 39 0
9 40 0
10 40 0
15 40 0
76 40 0
84 40 0
94 40 0
96 40 0
114 40 0
116 40 0
118 40 0
123 40 0
124 40 0
131 40 0
134 40 0
140 40 0
8 41 0
10 41 0
93 41 0
97 41 0
105 41 0
118 41 0
122 41 0
125 41 0
10 42 0
13 42 0
84 42 0
109 42 0
113 42 0
114 42 0
116 42 0
118 42 0
123 42 0
126 42 0
141 42 0
8 43 0
10 43 0
13 43 0
14 43 0
92 43 0
94 43 0
114 43 0
115 43 0
116 43 0
119 43 0
123 43 0
14 44 0
90 44 0
96 44 0
101 44 0
105 44 0
106 44 0
109 44 0
112 44 0
114 44 0
118 44 0
125 44 0
126 44 0
131 44 0
11 45 0
90 45 0
94 45 0
98 45 0
102 45 0
103 45 0
105 45 0
107 45 0
112 45 0
134 45 0
166 45 0
90 46 0
100 46 0
103 46 0
117 46 0
123 46 0
126 46 0
162 46 0
169 46 0
86 47 0
99 47 0
106 47 0
109 47 0
110 47 0
116 47 0
119 47 0
126 47 0
144 47 0
46 48 0
98 48 0
106 48 0
112 48 0
116 48 0
146 48 0
14 49 0
96 49 0
98 49 0
104 49 0
106 49 0
122 49 0
128 49 0
134 49 0
158 49 0
12 50 0
14 50 0
79 50 0
94 50 0
99 50 0
106 50 0
115 50 0
120 50 0
121 50 0
128 50 0
142 50 0
143 50 0
160 50 0
161 50 0
11 51 0
88 51 0
98 51 0
104 51 0
110 51 0
114 51 0
116 51 0
120 51 0
122 51 0
126 51 0
127 51 0
138 51 0
158 51 0
106 52 0
107 52 0
115 52 0
131 52 0
12 53 0
94 53 0
114 53 0
120 53 0
126 53 0
71 54 0
77 54 0
79 54 0
82 54 0
98 54 0
110 54 0
117 54 0
120 54 0
124 54 0
126 54 0
130 54 0
139 54 0
142 54 0
144 54 0
88 55 0
94 55 0
100 55 0
112 55 0
113 55 0
115 55 0
116 55 0
117 55 0
127 55 0
139 55 0
142 55 0
143 55 0
90 56 0
102 56 0
111 56 0
115 56 0
118 56 0
131 56 0
134 56 0
98 57 0
105 57 0
110 57 0
115 57 0
125 57 0
129 57 0
19 58 0
72 58 0
84 58 0
100 58 0
109 58 0
110 58 0
122 58 0
124 58 0
129 58 0
142 58 0
143 58 0
18 59 0
76 59 0
83 59 0
84 59 0
89 59 0
99 59 0
100 59 0
111 59 0
118 59 0
124 59 0
125 59 0
142 59 0
143 59 0
84 60 0
92 60 0
95 60 0
101 60 0
109 60 0
110 60 0
118 60 0
126 60 0
137 60 0
138 60 0
142 60 0
16 61 0
17 61 0
84 61 0
91 61 0
94 61 0
103 61 0
104 61 0
108 61 0
118 61 0
126 61 0
135 61 0
16 62 0
113 62 0
134 62 0
135 62 0
142 62 0
3 63 0
103 63 0
107 63 0
108 63 0
110 63 0
116 63 0
120 63 0
121 63 0
134 63 0
143 63 0
164 63 0
2 64 0
89 64 0
90 64 0
104 64 0
105 64 0
110 64 0
120 64 0
130 64 0
134 64 0
152 64 0
161 64 0
162 64 0
163 64 0
164 64 0
90 65 0
96 65 0
98 65 0
111 65 0
116 65 0
125 65 0
127 65 0
134 65 0
140 65 0
89 66 0
96 66 0
97 66 0
100 66 0
104 66 0
111 66 0
116 66 0
120 66 0
124 66 0
125 66 0
139 66 0
84 67 0
106 67 0
108 67 0
126 67 0
132 67 0
133 67 0
134 67 0
135 67 0
143 67 0
178 67 0
79 68 0
85 68 0
86 68 0
90 68 0
124 68 0
134 68 0
139 68 0
140 68 0
176 68 0
79 69 0
80 69 0
108 69 0
114 69 0
128 69 0
130 69 0
134 69 0
85 70 0
96 70 0
108 70 0
112 70 0
114 70 0
138 70 0
140 70 0
145 70 0
93 71 0
100 71 0
104 71 0
110 71 0
112 71 0
117 71 0
122 71 0
137 71 0
138 71 0
173 71 0
82 72 0
89 72 0
106 72 0
108 72 0
112 72 0
136 72 0
2 73 0
3 73 0
86 73 0
88 73 0
94 73 0
100 73 0
106 73 0
108 73 0
109 73 0
178 73 0
4 74 0
80 74 0
86 74 0
143 74 0
177 74 0
178 74 0
1 75 0
2 75 0
6 75 0
86 75 0
1 76 0
2 76 0
16 76 0
17 76 0
18 76 0
19 76 0
80 76 0
88 76 0
94 76 0
1 77 0
2 77 0
4 77 0
8 77 0
15 77 0
16 77 0
17 77 0
28 77 0
2 78 0
4 78 0
6 78 0
7 78 0
9 78 0
10 78 0
16 78 0
17 78 0
18 78 0
2 79 0
3 79 0
6 79 0
7 79 0
18 79 0
154 79 0
177 79 0
178 79 0
2 80 0
6 80 0
10 80 0
12 80 0
148 80 0
176 80 0
177 80 0
2 81 0
6 81 0
10 81 0
143 81 0
144 81 0
148 81 0
150 81 0
173 81 0
174 81 0
176 81 0
177 81 0
180 81 0
94 82 0
143 82 0
144 82 0
145 82 0
146 82 0
147 82 0
174 82 0
175 82 0
176 82 0
177 82 0
1 83 0
144 83 0
150 83 0
151 83 0
1 84 0
142 84 0
154 85 0
117 87 0
118 87 0
128 87 0
129 87 0
133 87 0
186 87 0
187 87 0
18 88 0
98 88 0
99 88 0
104 88 0
106 88 0
111 88 0
112 88 0
120 88 0
3 89 0
11 89 0
13 89 0
14 89 0
95 89 0
99 89 0
104 89 0
152 89 0
153 89 0
154 89 0
155 89 0
156 89 0
157 89 0
185 89 0
187 89 0
4 90 0
6 90 0
152 90 0
2 91 0
3 91 0
4 91 0
7 91 0
152 91 0
154 91 0
152 92 0
156 92 0
1 93 0
2 93 0
18 93 0
140 93 0
156 93 0
158 93 0
2 94 0
8 94 0
14 94 0
136 94 0
140 94 0
142 94 0
148 94 0
156 94 0
1 95 0
3 95 0
8 95 0
9 95 0
10 95 0
14 95 0
134 95 0
135 95 0
136 95 0
140 95 0
141 95 0
142 95 0
146 95 0
148 95 0
6 96 0
8 96 0
10 96 0
140 96 0
151 96 0
153 96 0
160 96 0
162 96 0
163 96 0
164 96 0
122 97 0
123 97 0
139 97 0
150 97 0
1 98 0
6 98 0
12 98 0
155 98 0
4 99 0
12 99 0
122 99 0
131 99 0
132 99 0
136 99 0
147 99 0
148 99 0
155 99 0
12 100 0
134 100 0
140 101 0
183 110 0
185 110 0
189 110 0
161 111 0
173 111 0
174 111 0
176 111 0
177 111 0
178 111 0
180 111 0
183 111 0
185 111 0
186 111 0
187 111 0
159 112 0
160 112 0
161 112 0
162 112 0
164 112 0
167 112 0
169 112 0
170 112 0
171 112 0
172 112 0
173 112 0
174 112 0
176 112 0
177 112 0
178 112 0
179 112 0
182 112 0
183 112 0
188 112 0
189 112 0
148 113 0
149 113 0
150 113 0
151 113 0
155 113 0
160 113 0
163 113 0
164 113 0
168 113 0
169 113 0
170 113 0
177 113 0
178 113 0
179 113 0
182 113 0
183 113 0
184 113 0
186 113 0
188 113 0
148 114 0
149 114 0
150 114 0
151 114 0
152 114 0
155 114 0
158 114 0
160 114 0
163 114 0
166 114 0
167 114 0
168 114 0
169 114 0
170 114 0
173 114 0
174 114 0
175 114 0
177 114 0
178 114 0
181 114 0
182 114 0
184 114 0
185 114 0
186 114 0
187 114 0
148 115 0
149 115 0
151 115 0
152 115 0
158 115 0
161 115 0
162 115 0
164 115 0
165 115 0
166 115 0
167 115 0
168 115 0
171 115 0
172 115 0
173 115 0
177 115 0
182 115 0
184 115 0
185 115 0
148 116 0
149 116 0
150 116 0
151 116 0
152 116 0
157 116 0
160 116 0
161 116 0
162 116 0
164 116 0
166 116 0
167 116 0
168 116 0
176 116 0
178 116 0
179 116 0
180 116 0
181 116 0
148 117 0
149 117 0
151 117 0
152 117 0
157 117 0
158 117 0
159 117 0
170 117 0
178 117 0
148 118 0
149 118 0
150 118 0
152 118 0
154 118 0
157 118 0
160 118 0
161 118 0
162 118 0
167 118 0
168 118 0
170 118 0
173 118 0
148 119 0
149 119 0
150 119 0
151 119 0
155 119 0
156 119 0
157 119 0
160 119 0
161 119 0
162 119 0
163 119 0
165 119 0
166 119 0
167 119 0
168 119 0
171 119 0
176 119 0
180 119 0
147 120 0
148 120 0
150 120 0
151 120 0
157 120 0
160 120 0
161 120 0
163 120 0
165 120 0
172 120 0
176 120 0
178 120 0
148 121 0
150 121 0
151 121 0
152 121 0
153 121 0
154 121 0
164 121 0
166 121 0
167 121 0
174 121 0
175 121 0
176 121 0
147 122 0
148 122 0
150 122 0
151 122 0
152 122 0
164 122 0
165 122 0
166 122 0
168 122 0
172 122 0
174 122 0
147 123 0
148 123 0
149 123 0
150 123 0
151 123 0
154 123 0
156 123 0
158 123 0
163 123 0
165 123 0
166 123 0
172 123 0
174 123 0
147 124 0
148 124 0
149 124 0
150 124 0
151 124 0
153 124 0
156 124 0
157 124 0
160 124 0
164 124 0
168 124 0
172 124 0
146 125 0
147 125 0
148 125 0
150 125 0
151 125 0
152 125 0
153 125 0
154 125 0
160 125 0
161 125 0
163 125 0
164 125 0
165 125 0
166 125 0
170 125 0
172 125 0
147 126 0
148 126 0
149 126 0
150 126 0
153 126 0
156 126 0
160 126 0
162 126 0
166 126 0
170 126 0
147 127 0
148 127 0
149 127 0
150 127 0
151 127 0
152 127 0
153 127 0
154 127 0
156 127 0
157 127 0
158 127 0
160 127 0
162 127 0
163 127 0
164 127 0
166 127 0
168 127 0
148 128 0
149 128 0
150 128 0
152 128 0
153 128 0
154 128 0
155 128 0
156 128 0
157 128 0
161 128 0
164 128 0
165 128 0
168 128 0
147 129 0
148 129 0
149 129 0
150 129 0
152 129 0
153 129 0
158 129 0
164 129 0
167 129 0
146 130 0
147 130 0
148 130 0
150 130 0
151 130 0
156 130 0
157 130 0
159 130 0
162 130 0
163 130 0
164 130 0
167 130 0
168 130 0
146 131 0
147 131 0
149 131 0
162 131 0
166 131 0
167 131 0
168 131 0
146 132 0
147 132 0
148 132 0
149 132 0
153 132 0
156 132 0
160 132 0
162 132 0
164 132 0
165 132 0
168 132 0
146 133 0
147 133 0
148 133 0
155 133 0
156 133 0
162 133 0
163 133 0
164 133 0
165 133 0
166 133 0
173 133 0
174 133 0
176 133 0
146 134 0
147 134 0
148 134 0
150 134 0
155 134 0
158 134 0
160 134 0
161 134 0
162 134 0
164 134 0
166 134 0
167 134 0
168 134 0
176 134 0
178 134 0
146 135 0
148 135 0
149 135 0
150 135 0
151 135 0
153 135 0
154 135 0
157 135 0
160 135 0
161 135 0
162 135 0
164 135 0
165 135 0
166 135 0
170 135 0
171 135 0
172 135 0
173 135 0
174 135 0
146 136 0
147 136 0
148 136 0
149 136 0
150 136 0
151 136 0
152 136 0
160 136 0
162 136 0
163 136 0
164 136 0
167 136 0
172 136 0
173 136 0
175 136 0
176 136 0
179 136 0
146 137 0
147 137 0
148 137 0
149 137 0
152 137 0
153 137 0
154 137 0
156 137 0
157 137 0
158 137 0
162 137 0
163 137 0
164 137 0
165 137 0
166 137 0
171 137 0
174 137 0
175 137 0
177 137 0
178 137 0
179 137 0
182 137 0
146 138 0
147 138 0
148 138 0
149 138 0
150 138 0
152 138 0
154 138 0
156 138 0
157 138 0
159 138 0
160 138 0
161 138 0
164 138 0
165 138 0
166 138 0
172 138 0
174 138 0
175 138 0
176 138 0
177 138 0
178 138 0
181 138 0
183 138 0
145 139 0
146 139 0
149 139 0
150 139 0
153 139 0
154 139 0
155 139 0
157 139 0
162 139 0
163 139 0
164 139 0
167 139 0
168 139 0
169 139 0
172 139 0
175 139 0
176 139 0
178 139 0
180 139 0
145 140 0
146 140 0
148 140 0
150 140 0
152 140 0
153 140 0
154 140 0
155 140 0
159 140 0
164 140 0
165 140 0
166 140 0
168 140 0
169 140 0
170 140 0
172 140 0
173 140 0
174 140 0
175 140 0
176 140 0
178 140 0
179 140 0
185 140 0
145 141 0
146 141 0
147 141 0
148 141 0
150 141 0
152 141 0
153 141 0
156 141 0
158 141 0
159 141 0
165 141 0
168 141 0
169 141 0
170 141 0
173 141 0
175 141 0
176 141 0
188 141 0
145 142 0
146 142 0
147 142 0
148 142 0
149 142 0
150 142 0
151 142 0
152 142 0
156 142 0
157 142 0
158 142 0
162 142 0
163 142 0
167 142 0
169 142 0
172 142 0
175 142 0
176 142 0
177 142 0
178 142 0
179 142 0
181 142 0
182 142 0
183 142 0
184 142 0
185 142 0
186 142 0
145 143 0
146 143 0
147 143 0
150 143 0
151 143 0
156 143 0
158 143 0
159 143 0
162 143 0
164 143 0
165 143 0
166 143 0
167 143 0
172 143 0
175 143 0
176 143 0
178 143 0
185 143 0
186 143 0
188 143 0
145 144 0
147 144 0
148 144 0
149 144 0
150 144 0
151 144 0
156 144 0
157 144 0
158 144 0
163 144 0
164 144 0
166 144 0
170 144 0
171 144 0
173 144 0
174 144 0
176 144 0
178 144 0
181 144 0
182 144 0
184 144 0
186 144 0
145 145 0
146 145 0
147 145 0
148 145 0
149 145 0
158 145 0
159 145 0
160 145 0
162 145 0
163 145 0
164 145 0
166 145 0
168 145 0
169 145 0
170 145 0
173 145 0
174 145 0
179 145 0
180 145 0
181 145 0
182 145 0
183 145 0
184 145 0
186 145 0
187 145 0
189 145 0
144 146 0
145 146 0
146 146 0
147 146 0
148 146 0
150 146 0
152 146 0
154 146 0
158 146 0
162 146 0
163 146 0
164 146 0
168 146 0
170 146 0
175 146 0
178 146 0
179 146 0
180 146 0
181 146 0
182 146 0
186 146 0
187 146 0
188 146 0
145 147 0
146 147 0
149 147 0
150 147 0
151 147 0
158 147 0
159 147 0
160 147 0
162 147 0
163 147 0
164 147 0
165 147 0
168 147 0
178 147 0
179 147 0
181 147 0
182 147 0
185 147 0
186 147 0
188 147 0
189 147 0
144 148 0
145 148 0
146 148 0
152 148 0
162 148 0
163 148 0
166 148 0
167 148 0
168 148 0
171 148 0
172 148 0
176 148 0
177 148 0
178 148 0
179 148 0
181 148 0
184 148 0
185 148 0
144 149 0
145 149 0
146 149 0
148 149 0
150 149 0
159 149 0
160 149 0
162 149 0
163 149 0
166 149 0
167 149 0
168 149 0
171 149 0
172 149 0
175 149 0
176 149 0
178 149 0
179 149 0
181 149 0
182 149 0
144 150 0
145 150 0
146 150 0
148 150 0
149 150 0
152 150 0
156 150 0
158 150 0
160 150 0
162 150 0
163 150 0
165 150 0
166 150 0
167 150 0
169 150 0
170 150 0
171 150 0
172 150 0
176 150 0
177 150 0
178 150 0
181 150 0
182 150 0
183 150 0
185 150 0
186 150 0
188 150 0
189 150 0
17 151 0
144 151 0
145 151 0
148 151 0
150 151 0
152 151 0
156 151 0
157 151 0
160 151 0
161 151 0
162 151 0
163 151 0
164 151 0
168 151 0
174 151 0
175 151 0
180 151 0
181 151 0
183 151 0
184 151 0
185 151 0
186 151 0
144 152 0
145 152 0
146 152 0
148 152 0
150 152 0
152 152 0
157 152 0
159 152 0
160 152 0
161 152 0
162 152 0
164 152 0
165 152 0
167 152 0
168 152 0
172 152 0
174 152 0
175 152 0
176 152 0
180 152 0
181 152 0
144 153 0
145 153 0
146 153 0
147 153 0
148 153 0
152 153 0
156 153 0
159 153 0
160 153 0
161 153 0
162 153 0
163 153 0
164 153 0
166 153 0
168 153 0
169 153 0
170 153 0
172 153 0
173 153 0
174 153 0
175 153 0
179 153 0
180 153 0
181 153 0
182 153 0
184 153 0
186 153 0
145 154 0
148 154 0
149 154 0
150 154 0
152 154 0
160 154 0
161 154 0
162 154 0
163 154 0
164 154 0
168 154 0
169 154 0
171 154 0
172 154 0
173 154 0
174 154 0
177 154 0
181 154 0
183 154 0
184 154 0
185 154 0
186 154 0
187 154 0
188 154 0
143 155 0
144 155 0
145 155 0
148 155 0
156 155 0
159 155 0
161 155 0
162 155 0
163 155 0
164 155 0
167 155 0
168 155 0
169 155 0
170 155 0
171 155 0
172 155 0
173 155 0
179 155 0
180 155 0
181 155 0
183 155 0
184 155 0
185 155 0
186 155 0
187 155 0
144 156 0
150 156 0
154 156 0
161 156 0
162 156 0
164 156 0
166 156 0
168 156 0
169 156 0
170 156 0
171 156 0
173 156 0
174 156 0
176 156 0
177 156 0
180 156 0
184 156 0
187 156 0
188 156 0
189 156 0
143 157 0
144 157 0
146 157 0
147 157 0
148 157 0
149 157 0
153 157 0
156 157 0
157 157 0
158 157 0
160 157 0
161 157 0
164 157 0
166 157 0
167 157 0
168 157 0
173 157 0
174 157 0
175 157 0
176 157 0
177 157 0
179 157 0
181 157 0
184 157 0
185 157 0
187 157 0
188 157 0
143 158 0
144 158 0
145 158 0
146 158 0
148 158 0
149 158 0
150 158 0
151 158 0
152 158 0
153 158 0
154 158 0
156 158 0
157 158 0
159 158 0
160 158 0
161 158 0
163 158 0
164 158 0
166 158 0
168 158 0
169 158 0
175 158 0
176 158 0
178 158 0
181 158 0
183 158 0
185 158 0
187 158 0
189 158 0
143 159 0
144 159 0
145 159 0
146 159 0
147 159 0
148 159 0
149 159 0
150 159 0
151 159 0
152 159 0
154 159 0
155 159 0
157 159 0
158 159 0
160 159 0
163 159 0
164 159 0
165 159 0
167 159 0
168 159 0
172 159 0
173 159 0
175 159 0
176 159 0
180 159 0
181 159 0
182 159 0
184 159 0
185 159 0
187 159 0
188 159 0
143 160 0
144 160 0
145 160 0
146 160 0
147 160 0
148 160 0
150 160 0
151 160 0
152 160 0
153 160 0
161 160 0
163 160 0
165 160 0
174 160 0
176 160 0
178 160 0
179 160 0
180 160 0
181 160 0
185 160 0
186 160 0
187 160 0
143 161 0
144 161 0
146 161 0
147 161 0
148 161 0
149 161 0
150 161 0
151 161 0
153 161 0
155 161 0
157 161 0
159 161 0
163 161 0
164 161 0
165 161 0
166 161 0
168 161 0
170 161 0
175 161 0
178 161 0
180 161 0
181 161 0
184 161 0
185 161 0
186 161 0
188 161 0
189 161 0
143 162 0
144 162 0
145 162 0
146 162 0
148 162 0
152 162 0
155 162 0
157 162 0
158 162 0
159 162 0
161 162 0
162 162 0
163 162 0
164 162 0
166 162 0
168 162 0
170 162 0
172 162 0
174 162 0
178 162 0
179 162 0
180 162 0
181 162 0
183 162 0
186 162 0
187 162 0
188 162 0
189 162 0
144 163 0
150 163 0
152 163 0
156 163 0
157 163 0
158 163 0
160 163 0
161 163 0
162 163 0
163 163 0
164 163 0
173 163 0
174 163 0
180 163 0
186 163 0
188 163 0
142 164 0
143 164 0
144 164 0
147 164 0
148 164 0
150 164 0
152 164 0
155 164 0
156 164 0
159 164 0
160 164 0
163 164 0
164 164 0
165 164 0
168 164 0
176 164 0
180 164 0
184 164 0
187 164 0
143 165 0
146 165 0
148 165 0
150 165 0
152 165 0
154 165 0
156 165 0
157 165 0
158 165 0
160 165 0
163 165 0
164 165 0
166 165 0
168 165 0
172 165 0
173 165 0
179 165 0
180 165 0
181 165 0
182 165 0
184 165 0
186 165 0
187 165 0
188 165 0
189 165 0
143 166 0
146 166 0
149 166 0
150 166 0
152 166 0
154 166 0
156 166 0
159 166 0
160 166 0
166 166 0
167 166 0
170 166 0
172 166 0
175 166 0
176 166 0
180 166 0
181 166 0
182 166 0
183 166 0
188 166 0
189 166 0
6 167 0
9 167 0
142 167 0
143 167 0
145 167 0
147 167 0
148 167 0
154 167 0
156 167 0
158 167 0
159 167 0
160 167 0
161 167 0
163 167 0
170 167 0
175 167 0
180 167 0
181 167 0
182 167 0
184 167 0
188 167 0
8 168 0
142 168 0
143 168 0
144 168 0
145 168 0
147 168 0
148 168 0
150 168 0
152 168 0
154 168 0
155 168 0
156 168 0
158 168 0
160 168 0
162 168 0
163 168 0
164 168 0
165 168 0
166 168 0
170 168 0
172 168 0
177 168 0
178 168 0
181 168 0
182 168 0
187 168 0
188 168 0
142 169 0
143 169 0
144 169 0
147 169 0
148 169 0
149 169 0
152 169 0
154 169 0
158 169 0
159 169 0
160 169 0
161 169 0
162 169 0
163 169 0
164 169 0
166 169 0
167 169 0
168 169 0
170 169 0
171 169 0
178 169 0
179 169 0
180 169 0
181 169 0
185 169 0
142 170 0
143 170 0
145 170 0
146 170 0
147 170 0
148 170 0
149 170 0
151 170 0
152 170 0
158 170 0
160 170 0
161 170 0
165 170 0
166 170 0
177 170 0
179 170 0
180 170 0
185 170 0
188 170 0
142 171 0
143 171 0
145 171 0
146 171 0
151 171 0
155 171 0
156 171 0
158 171 0
159 171 0
160 171 0
161 171 0
164 171 0
166 171 0
169 171 0
170 171 0
177 171 0
179 171 0
184 171 0
185 171 0
142 172 0
143 172 0
144 172 0
145 172 0
146 172 0
148 172 0
150 172 0
151 172 0
152 172 0
156 172 0
158 172 0
159 172 0
160 172 0
161 172 0
162 172 0
169 172 0
170 172 0
179 172 0
180 172 0
182 172 0
183 172 0
184 172 0
188 172 0
6 173 0
8 173 0
10 173 0
142 173 0
143 173 0
144 173 0
145 173 0
146 173 0
147 173 0
148 173 0
149 173 0
150 173 0
151 173 0
152 173 0
153 173 0
157 173 0
160 173 0
164 173 0
166 173 0
169 173 0
176 173 0
179 173 0
180 173 0
182 173 0
183 173 0
184 173 0
2 174 0
4 174 0
8 174 0
10 174 0
12 174 0
142 174 0
144 174 0
146 174 0
147 174 0
148 174 0
149 174 0
153 174 0
156 174 0
157 174 0
159 174 0
160 174 0
161 174 0
166 174 0
171 174 0
177 174 0
180 174 0
2 175 0
94 175 0
95 175 0
96 175 0
142 175 0
143 175 0
146 175 0
147 175 0
148 175 0
149 175 0
150 175 0
151 175 0
153 175 0
154 175 0
156 175 0
159 175 0
166 175 0
172 175 0
186 175 0
100 176 0
141 176 0
142 176 0
147 176 0
149 176 0
150 176 0
151 176 0
153 176 0
154 176 0
155 176 0
156 176 0
183 176 0
96 177 0
102 177 0
103 177 0
140 177 0
141 177 0
142 177 0
143 177 0
144 177 0
146 177 0
147 177 0
149 177 0
150 177 0
159 177 0
165 177 0
180 177 0
182 177 0
184 177 0
187 177 0
99 178 0
141 178 0
142 178 0
144 178 0
145 178 0
150 178 0
